Power(W), Temperature(ºC), Time(ms), elapsed time(ms), number of samples
38.279, 60, 0.445031, 29036.0, 65245
38.279, 60, 0.890062
38.279, 60, 1.335092
38.279, 60, 1.780123
38.279, 60, 2.225154
38.279, 60, 2.670185
38.279, 60, 3.115216
38.279, 60, 3.560246
38.279, 60, 4.005277
38.279, 60, 4.450308
38.279, 60, 4.895339
38.279, 60, 5.340370
38.279, 60, 5.785400
38.279, 60, 6.230432
38.279, 60, 6.675462
38.279, 60, 7.120493
38.279, 60, 7.565524
38.279, 60, 8.010554
38.279, 60, 8.455585
38.279, 60, 8.900616
38.279, 60, 9.345647
38.279, 60, 9.790678
38.279, 60, 10.235708
38.279, 60, 10.680739
38.279, 60, 11.125771
38.279, 60, 11.570801
38.279, 60, 12.015832
38.279, 60, 12.460863
38.279, 60, 12.905893
38.279, 60, 13.350924
38.279, 60, 13.795955
38.279, 60, 14.240986
38.279, 60, 14.686017
38.279, 60, 15.131047
44.236, 60, 15.576078
44.236, 60, 16.021109
44.236, 60, 16.466141
44.236, 60, 16.911171
44.236, 60, 17.356201
44.236, 60, 17.801231
44.236, 60, 18.246264
44.236, 60, 18.691294
44.236, 60, 19.136324
44.236, 60, 19.581356
44.236, 60, 20.026386
44.236, 60, 20.471416
44.236, 60, 20.916449
44.236, 60, 21.361479
44.236, 60, 21.806509
44.236, 60, 22.251541
44.236, 60, 22.696571
44.236, 60, 23.141602
44.236, 60, 23.586634
44.236, 60, 24.031664
44.236, 60, 24.476694
44.236, 60, 24.921726
44.236, 60, 25.366756
44.236, 60, 25.811787
44.236, 60, 26.256817
44.236, 60, 26.701849
44.236, 60, 27.146879
44.236, 60, 27.591909
44.236, 60, 28.036942
44.236, 60, 28.481972
44.236, 60, 28.927002
44.236, 60, 29.372034
44.236, 60, 29.817064
44.236, 60, 30.262094
48.687, 60, 30.707127
48.687, 60, 31.152157
48.687, 60, 31.597187
48.687, 60, 32.042217
48.687, 60, 32.487247
48.687, 60, 32.932281
48.687, 60, 33.377312
48.687, 60, 33.822342
48.687, 60, 34.267372
48.687, 60, 34.712402
48.687, 60, 35.157433
48.687, 60, 35.602463
48.687, 60, 36.047497
48.687, 60, 36.492527
48.687, 60, 36.937557
48.687, 60, 37.382587
48.687, 60, 37.827618
48.687, 60, 38.272648
48.687, 60, 38.717682
48.687, 60, 39.162712
48.687, 60, 39.607742
48.687, 60, 40.052773
48.687, 60, 40.497803
48.687, 60, 40.942833
48.687, 60, 41.387867
48.687, 60, 41.832897
48.687, 60, 42.277927
48.687, 60, 42.722958
48.687, 60, 43.167988
48.687, 60, 43.613018
48.687, 60, 44.058048
48.687, 60, 44.503082
48.687, 60, 44.948112
48.687, 60, 45.393143
48.687, 60, 45.838173
51.988, 60, 46.283203
51.988, 60, 46.728233
51.988, 60, 47.173267
51.988, 60, 47.618298
51.988, 60, 48.063328
51.988, 60, 48.508358
51.988, 60, 48.953388
51.988, 60, 49.398418
51.988, 60, 49.843452
51.988, 60, 50.288483
51.988, 60, 50.733513
51.988, 60, 51.178543
51.988, 60, 51.623573
51.988, 60, 52.068604
51.988, 60, 52.513634
51.988, 60, 52.958668
51.988, 60, 53.403698
51.988, 60, 53.848728
51.988, 60, 54.293758
51.988, 60, 54.738789
51.988, 60, 55.183819
51.988, 60, 55.628853
51.988, 60, 56.073883
51.988, 60, 56.518913
51.988, 60, 56.963943
51.988, 60, 57.408974
51.988, 60, 57.854004
51.988, 60, 58.299034
51.988, 60, 58.744068
51.988, 60, 59.189098
51.988, 60, 59.634129
51.988, 60, 60.079159
51.988, 60, 60.524189
51.988, 60, 60.969219
51.988, 60, 61.414253
54.542, 60, 61.859283
54.542, 60, 62.304314
54.542, 60, 62.749344
54.542, 60, 63.194374
54.542, 60, 63.639404
54.542, 60, 64.084435
54.542, 60, 64.529465
54.542, 60, 64.974495
54.542, 60, 65.419525
54.542, 60, 65.864563
54.542, 60, 66.309593
54.542, 60, 66.754623
54.542, 60, 67.199654
54.542, 60, 67.644684
54.542, 60, 68.089714
54.542, 60, 68.534744
54.542, 60, 68.979774
54.542, 60, 69.424805
54.542, 60, 69.869835
54.542, 60, 70.314865
54.542, 60, 70.759895
54.542, 60, 71.204926
54.542, 60, 71.649963
54.542, 60, 72.094994
54.542, 60, 72.540024
54.542, 60, 72.985054
54.542, 60, 73.430084
54.542, 60, 73.875114
54.542, 60, 74.320145
54.542, 60, 74.765175
54.542, 60, 75.210205
54.542, 60, 75.655235
54.542, 60, 76.100266
54.542, 60, 76.545296
56.332, 60, 76.990334
56.332, 60, 77.435364
56.332, 60, 77.880394
56.332, 60, 78.325424
56.332, 60, 78.770454
56.332, 60, 79.215485
56.332, 60, 79.660515
56.332, 60, 80.105545
56.332, 60, 80.550575
56.332, 60, 80.995605
56.332, 60, 81.440636
56.332, 60, 81.885666
56.332, 60, 82.330696
56.332, 60, 82.775734
56.332, 60, 83.220764
56.332, 60, 83.665794
56.332, 60, 84.110825
56.332, 60, 84.555855
56.332, 60, 85.000885
56.332, 60, 85.445915
56.332, 60, 85.890945
56.332, 60, 86.335976
56.332, 60, 86.781006
56.332, 60, 87.226036
56.332, 60, 87.671066
56.332, 60, 88.116096
56.332, 60, 88.561134
56.332, 60, 89.006165
56.332, 60, 89.451195
56.332, 60, 89.896225
56.332, 60, 90.341255
56.332, 60, 90.786285
56.332, 60, 91.231316
56.332, 60, 91.676346
56.332, 60, 92.121376
57.740, 60, 92.566406
57.740, 60, 93.011436
57.740, 60, 93.456467
57.740, 60, 93.901497
57.740, 60, 94.346535
57.740, 60, 94.791565
57.740, 60, 95.236595
57.740, 60, 95.681625
57.740, 60, 96.126656
57.740, 60, 96.571686
57.740, 60, 97.016716
57.740, 60, 97.461746
57.740, 60, 97.906776
57.740, 60, 98.351807
57.740, 60, 98.796837
57.740, 60, 99.241867
57.740, 60, 99.686905
57.740, 60, 100.131935
57.740, 60, 100.576965
57.740, 60, 101.021996
57.740, 60, 101.467026
57.740, 60, 101.912056
57.740, 60, 102.357086
57.740, 60, 102.802116
57.740, 60, 103.247147
57.740, 60, 103.692177
57.740, 60, 104.137207
57.740, 60, 104.582237
57.740, 60, 105.027267
57.740, 60, 105.472305
57.740, 60, 105.917336
57.740, 60, 106.362366
57.740, 60, 106.807396
57.740, 60, 107.252426
57.740, 60, 107.697456
58.674, 60, 108.142487
58.674, 60, 108.587517
58.674, 60, 109.032547
58.674, 60, 109.477577
58.674, 60, 109.922607
58.674, 60, 110.367638
58.674, 60, 110.812668
58.674, 60, 111.257706
58.674, 60, 111.702736
58.674, 60, 112.147766
58.674, 60, 112.592796
58.674, 60, 113.037827
58.674, 60, 113.482857
58.674, 60, 113.927887
58.674, 60, 114.372917
58.674, 60, 114.817947
58.674, 60, 115.262978
58.674, 60, 115.708008
58.674, 60, 116.153038
58.674, 60, 116.598068
58.674, 60, 117.043106
58.674, 60, 117.488136
58.674, 60, 117.933167
58.674, 60, 118.378197
58.674, 60, 118.823227
58.674, 60, 119.268257
58.674, 60, 119.713287
58.674, 60, 120.158318
58.674, 60, 120.603348
58.674, 60, 121.048378
58.674, 60, 121.493408
58.674, 60, 121.938438
58.674, 60, 122.383469
58.674, 60, 122.828506
59.530, 60, 123.273537
59.530, 60, 123.718567
59.530, 60, 124.163597
59.530, 60, 124.608627
59.530, 60, 125.053658
59.530, 60, 125.498688
59.530, 60, 125.943718
59.530, 60, 126.388748
59.530, 60, 126.833778
59.530, 60, 127.278809
59.530, 60, 127.723839
59.530, 60, 128.168869
59.530, 60, 128.613907
59.530, 60, 129.058929
59.530, 60, 129.503967
59.530, 60, 129.948990
59.530, 60, 130.394028
59.530, 60, 130.839050
59.530, 60, 131.284088
59.530, 60, 131.729126
59.530, 60, 132.174149
59.530, 60, 132.619186
59.530, 60, 133.064209
59.530, 60, 133.509247
59.530, 60, 133.954269
59.530, 60, 134.399307
59.530, 60, 134.844330
59.530, 60, 135.289368
59.530, 60, 135.734390
59.530, 60, 136.179428
59.530, 60, 136.624451
59.530, 60, 137.069489
59.530, 60, 137.514526
60.195, 60, 137.959549
60.195, 60, 138.404587
60.195, 60, 138.849609
60.195, 60, 139.294647
60.195, 60, 139.739670
60.195, 60, 140.184708
60.195, 60, 140.629730
60.195, 60, 141.074768
60.195, 60, 141.519791
60.195, 60, 141.964828
60.195, 60, 142.409851
60.195, 60, 142.854889
60.195, 60, 143.299927
60.195, 60, 143.744949
60.195, 60, 144.189987
60.195, 60, 144.635010
60.195, 60, 145.080048
60.195, 60, 145.525070
60.195, 60, 145.970108
60.195, 60, 146.415131
60.195, 60, 146.860168
60.195, 60, 147.305191
60.195, 60, 147.750229
60.195, 60, 148.195267
60.195, 60, 148.640289
60.195, 60, 149.085327
60.195, 60, 149.530350
60.195, 60, 149.975388
60.195, 60, 150.420410
60.195, 60, 150.865448
60.195, 60, 151.310471
60.195, 60, 151.755508
60.195, 60, 152.200531
60.195, 60, 152.645569
60.195, 60, 153.090591
60.553, 60, 153.535629
60.553, 60, 153.980667
60.553, 60, 154.425690
60.553, 60, 154.870728
60.553, 60, 155.315750
60.553, 60, 155.760788
60.553, 60, 156.205811
60.553, 60, 156.650848
60.553, 60, 157.095871
60.553, 60, 157.540909
60.553, 60, 157.985931
60.553, 60, 158.430969
60.553, 60, 158.875992
60.553, 60, 159.321030
60.553, 60, 159.766068
60.553, 60, 160.211090
60.553, 60, 160.656128
60.553, 60, 161.101151
60.553, 60, 161.546188
60.553, 60, 161.991211
60.553, 60, 162.436249
60.553, 60, 162.881271
60.553, 60, 163.326309
60.553, 60, 163.771332
60.553, 60, 164.216370
60.553, 60, 164.661392
60.553, 60, 165.106430
60.553, 60, 165.551468
60.553, 60, 165.996490
60.553, 60, 166.441528
60.553, 60, 166.886551
60.553, 60, 167.331589
60.553, 60, 167.776611
60.553, 60, 168.221649
60.553, 60, 168.666672
60.934, 60, 169.111710
60.934, 60, 169.556732
60.934, 60, 170.001770
60.934, 60, 170.446793
60.934, 60, 170.891830
60.934, 60, 171.336868
60.934, 60, 171.781891
60.934, 60, 172.226929
60.934, 60, 172.671951
60.934, 60, 173.116989
60.934, 60, 173.562012
60.934, 60, 174.007050
60.934, 60, 174.452072
60.934, 60, 174.897110
60.934, 60, 175.342133
60.934, 60, 175.787170
60.934, 60, 176.232193
60.934, 60, 176.677231
60.934, 60, 177.122269
60.934, 60, 177.567291
60.934, 60, 178.012329
60.934, 60, 178.457352
60.934, 60, 178.902390
60.934, 60, 179.347412
60.934, 60, 179.792450
60.934, 60, 180.237473
60.934, 60, 180.682510
60.934, 60, 181.127533
60.934, 60, 181.572571
60.934, 60, 182.017593
60.934, 60, 182.462631
60.934, 60, 182.907669
60.934, 60, 183.352692
60.934, 60, 183.797729
61.123, 60, 184.242752
61.123, 60, 184.687790
61.123, 60, 185.132812
61.123, 60, 185.577850
61.123, 60, 186.022873
61.123, 60, 186.467911
61.123, 60, 186.912933
61.123, 60, 187.357971
61.123, 60, 187.802994
61.123, 60, 188.248032
61.123, 60, 188.693069
61.123, 60, 189.138092
61.123, 60, 189.583130
61.123, 60, 190.028152
61.123, 60, 190.473190
61.123, 60, 190.918213
61.123, 60, 191.363251
61.123, 60, 191.808273
61.123, 60, 192.253311
61.123, 60, 192.698334
61.123, 60, 193.143372
61.123, 60, 193.588394
61.123, 60, 194.033432
61.123, 60, 194.478470
61.123, 60, 194.923492
61.123, 60, 195.368530
61.123, 60, 195.813553
61.123, 60, 196.258591
61.123, 60, 196.703613
61.123, 60, 197.148651
61.123, 60, 197.593674
61.123, 60, 198.038712
61.123, 60, 198.483734
61.123, 60, 198.928772
61.313, 60, 199.373810
61.313, 60, 199.818832
61.313, 60, 200.263870
61.313, 60, 200.708893
61.313, 60, 201.153931
61.313, 60, 201.598953
61.313, 60, 202.043991
61.313, 60, 202.489014
61.313, 60, 202.934052
61.313, 60, 203.379074
61.313, 60, 203.824112
61.313, 60, 204.269135
61.313, 60, 204.714172
61.313, 60, 205.159210
61.313, 60, 205.604233
61.313, 60, 206.049271
61.313, 60, 206.494293
61.313, 60, 206.939331
61.313, 60, 207.384354
61.313, 60, 207.829391
61.313, 60, 208.274414
61.313, 60, 208.719452
61.313, 60, 209.164474
61.313, 60, 209.609512
61.313, 60, 210.054535
61.313, 60, 210.499573
61.313, 60, 210.944611
61.313, 60, 211.389633
61.313, 60, 211.834671
61.313, 60, 212.279694
61.313, 60, 212.724731
61.313, 60, 213.169754
61.313, 60, 213.614792
61.313, 60, 214.059814
61.408, 60, 214.504852
61.408, 60, 214.949875
61.408, 60, 215.394913
61.408, 60, 215.839935
61.408, 60, 216.284973
61.408, 60, 216.730011
61.408, 60, 217.175034
61.408, 60, 217.620071
61.408, 60, 218.065094
61.408, 60, 218.510132
61.408, 60, 218.955154
61.408, 60, 219.400192
61.408, 60, 219.845215
61.408, 60, 220.290253
61.408, 60, 220.735275
61.408, 60, 221.180313
61.408, 60, 221.625336
61.408, 60, 222.070374
61.408, 60, 222.515411
61.408, 60, 222.960434
61.408, 60, 223.405472
61.408, 60, 223.850494
61.408, 60, 224.295532
61.408, 60, 224.740555
61.408, 60, 225.185593
61.408, 60, 225.630615
61.408, 60, 226.075653
61.408, 60, 226.520676
61.408, 60, 226.965714
61.408, 60, 227.410736
61.408, 60, 227.855774
61.408, 60, 228.300812
61.408, 60, 228.745834
61.408, 60, 229.190872
61.408, 60, 229.635895
61.503, 60, 230.080933
61.503, 60, 230.525955
61.503, 60, 230.970993
61.503, 60, 231.416016
61.503, 60, 231.861053
61.503, 60, 232.306076
61.503, 60, 232.751114
61.503, 60, 233.196136
61.503, 60, 233.641174
61.503, 60, 234.086212
61.503, 60, 234.531235
61.503, 60, 234.976273
61.503, 60, 235.421295
61.503, 60, 235.866333
61.503, 60, 236.311356
61.503, 60, 236.756393
61.503, 60, 237.201416
61.503, 60, 237.646454
61.503, 60, 238.091476
61.503, 60, 238.536514
61.503, 60, 238.981537
61.503, 60, 239.426575
61.503, 60, 239.871613
61.503, 60, 240.316635
61.503, 60, 240.761673
61.503, 60, 241.206696
61.503, 60, 241.651733
61.503, 60, 242.096756
61.503, 60, 242.541794
61.503, 60, 242.986816
61.503, 60, 243.431854
61.503, 60, 243.876877
61.503, 60, 244.321915
61.503, 60, 244.766937
61.503, 60, 245.211975
61.693, 60, 245.657013
61.693, 60, 246.102036
61.693, 60, 246.547073
61.693, 60, 246.992096
61.693, 60, 247.437134
61.693, 60, 247.882156
61.693, 60, 248.327194
61.693, 60, 248.772217
61.693, 60, 249.217255
61.693, 60, 249.662277
61.693, 60, 250.107315
61.693, 60, 250.552338
61.693, 60, 250.997375
61.693, 60, 251.442413
61.693, 60, 251.887436
61.693, 60, 252.332474
61.693, 60, 252.777496
61.693, 60, 253.222534
61.693, 60, 253.667557
61.693, 60, 254.112595
61.693, 60, 254.557617
61.693, 60, 255.002655
61.693, 60, 255.447678
61.693, 60, 255.892715
61.693, 60, 256.337738
61.693, 60, 256.782776
61.693, 60, 257.227814
61.693, 60, 257.672852
61.693, 60, 258.117859
61.693, 60, 258.562897
61.693, 60, 259.007935
61.693, 60, 259.452972
61.693, 60, 259.897980
61.693, 60, 260.343018
61.693, 60, 260.788055
61.789, 60, 261.233093
61.789, 60, 261.678101
61.789, 60, 262.123138
61.789, 60, 262.568176
61.789, 60, 263.013214
61.789, 60, 263.458252
61.789, 60, 263.903259
61.789, 60, 264.348297
61.789, 60, 264.793335
61.789, 60, 265.238373
61.789, 60, 265.683380
61.789, 60, 266.128418
61.789, 60, 266.573456
61.789, 60, 267.018494
61.789, 60, 267.463501
61.789, 60, 267.908539
61.789, 60, 268.353577
61.789, 60, 268.798615
61.789, 60, 269.243652
61.789, 60, 269.688660
61.789, 60, 270.133698
61.789, 60, 270.578735
61.789, 60, 271.023773
61.789, 60, 271.468781
61.789, 60, 271.913818
61.789, 60, 272.358856
61.789, 60, 272.803894
61.789, 60, 273.248901
61.789, 60, 273.693939
61.789, 60, 274.138977
61.789, 60, 274.584015
61.789, 60, 275.029053
61.789, 60, 275.474060
61.789, 60, 275.919098
61.789, 60, 276.364136
61.789, 60, 276.809174
61.789, 60, 277.254181
61.789, 60, 277.699219
61.789, 60, 278.144257
61.789, 60, 278.589294
61.789, 60, 279.034302
61.789, 60, 279.479340
61.789, 60, 279.924377
61.789, 60, 280.369415
61.789, 60, 280.814453
61.789, 60, 281.259460
61.789, 60, 281.704498
61.789, 60, 282.149536
61.789, 60, 282.594574
61.789, 60, 283.039581
61.789, 60, 283.484619
61.789, 60, 283.929657
61.789, 60, 284.374695
61.789, 60, 284.819702
61.789, 60, 285.264740
61.789, 60, 285.709778
61.789, 60, 286.154816
61.789, 60, 286.599854
61.789, 60, 287.044861
61.789, 60, 287.489899
61.789, 60, 287.934937
61.789, 60, 288.379974
61.789, 60, 288.824982
61.789, 60, 289.270020
61.789, 60, 289.715057
61.789, 60, 290.160095
61.789, 60, 290.605133
61.789, 60, 291.050140
61.789, 60, 291.495178
61.789, 60, 291.940216
61.884, 60, 292.385254
61.884, 60, 292.830261
61.884, 60, 293.275299
61.884, 60, 293.720337
61.884, 60, 294.165375
61.884, 60, 294.610382
61.884, 60, 295.055420
61.884, 60, 295.500458
61.884, 60, 295.945496
61.884, 60, 296.390533
61.884, 60, 296.835541
61.884, 60, 297.280579
61.884, 60, 297.725616
61.884, 60, 298.170654
61.884, 60, 298.615662
61.884, 60, 299.060699
61.884, 60, 299.505737
61.884, 60, 299.950775
61.884, 60, 300.395782
61.884, 60, 300.840820
61.884, 60, 301.285858
61.884, 60, 301.730896
61.884, 60, 302.175934
61.884, 60, 302.620941
61.884, 60, 303.065979
61.884, 60, 303.511017
61.884, 60, 303.956055
61.884, 60, 304.401062
61.884, 60, 304.846100
61.884, 60, 305.291138
61.884, 60, 305.736176
61.884, 60, 306.181183
61.884, 60, 306.626221
61.884, 60, 307.071259
61.884, 60, 307.516296
61.884, 60, 307.961334
61.884, 60, 308.406342
61.884, 60, 308.851379
61.884, 60, 309.296417
61.884, 60, 309.741455
61.884, 60, 310.186462
61.884, 60, 310.631500
61.884, 60, 311.076538
61.884, 60, 311.521576
61.884, 60, 311.966583
61.884, 60, 312.411621
61.884, 60, 312.856659
61.884, 60, 313.301697
61.884, 60, 313.746735
61.884, 60, 314.191742
61.884, 60, 314.636780
61.884, 60, 315.081818
61.884, 60, 315.526855
61.884, 60, 315.971863
61.884, 60, 316.416901
61.884, 60, 316.861938
61.884, 60, 317.306976
61.884, 60, 317.751984
61.884, 60, 318.197021
61.884, 60, 318.642059
61.884, 60, 319.087097
61.884, 60, 319.532135
61.884, 60, 319.977142
61.884, 60, 320.422180
61.884, 60, 320.867218
61.884, 60, 321.312256
61.884, 60, 321.757263
61.884, 60, 322.202301
61.884, 60, 322.647339
61.884, 60, 323.092377
61.979, 60, 323.537384
61.979, 60, 323.982422
61.979, 60, 324.427460
61.979, 60, 324.872498
61.979, 60, 325.317535
61.979, 60, 325.762543
61.979, 60, 326.207581
61.979, 60, 326.652618
61.979, 60, 327.097656
61.979, 60, 327.542664
61.979, 60, 327.987701
61.979, 60, 328.432739
61.979, 60, 328.877777
61.979, 60, 329.322784
61.979, 60, 329.767822
61.979, 60, 330.212860
61.979, 60, 330.657898
61.979, 60, 331.102936
61.979, 60, 331.547943
61.979, 60, 331.992981
61.979, 60, 332.438019
61.979, 60, 332.883057
61.979, 60, 333.328064
61.979, 60, 333.773102
61.979, 60, 334.218140
61.979, 60, 334.663177
61.979, 60, 335.108185
61.979, 60, 335.553223
61.979, 60, 335.998260
61.979, 60, 336.443298
61.979, 60, 336.888336
61.979, 60, 337.333344
61.979, 60, 337.778381
62.074, 60, 338.223419
62.074, 60, 338.668457
62.074, 60, 339.113464
62.074, 60, 339.558502
62.074, 60, 340.003540
62.074, 60, 340.448578
62.074, 60, 340.893585
62.074, 60, 341.338623
62.074, 60, 341.783661
62.074, 60, 342.228699
62.074, 60, 342.673737
62.074, 60, 343.118744
62.074, 60, 343.563782
62.074, 60, 344.008820
62.074, 60, 344.453857
62.074, 60, 344.898865
62.074, 60, 345.343903
62.074, 60, 345.788940
62.074, 60, 346.233978
62.074, 60, 346.678986
62.074, 60, 347.124023
62.074, 60, 347.569061
62.074, 60, 348.014099
62.074, 60, 348.459137
62.074, 60, 348.904144
62.074, 60, 349.349182
62.074, 60, 349.794220
62.074, 60, 350.239258
62.074, 60, 350.684265
62.074, 60, 351.129303
62.074, 60, 351.574341
62.074, 60, 352.019379
62.074, 60, 352.464386
62.074, 60, 352.909424
61.884, 60, 353.354462
61.884, 60, 353.799500
61.884, 60, 354.244537
61.884, 60, 354.689545
61.884, 60, 355.134583
61.884, 60, 355.579620
61.884, 60, 356.024658
61.884, 60, 356.469666
61.884, 60, 356.914703
61.884, 60, 357.359741
61.884, 60, 357.804779
61.884, 60, 358.249786
61.884, 60, 358.694824
61.884, 60, 359.139862
61.884, 60, 359.584900
61.884, 60, 360.029938
61.884, 60, 360.474945
61.884, 60, 360.919983
61.884, 60, 361.365021
61.884, 60, 361.810059
61.884, 60, 362.255066
61.884, 60, 362.700104
61.884, 60, 363.145142
61.884, 60, 363.590179
61.884, 60, 364.035187
61.884, 60, 364.480225
61.884, 60, 364.925262
61.884, 60, 365.370300
61.884, 60, 365.815338
61.884, 60, 366.260345
61.884, 60, 366.705383
61.884, 60, 367.150421
61.884, 60, 367.595459
61.884, 60, 368.040466
61.884, 60, 368.485504
61.884, 60, 368.930542
61.884, 60, 369.375580
61.884, 60, 369.820587
61.884, 60, 370.265625
61.884, 60, 370.710663
61.884, 60, 371.155701
61.884, 60, 371.600739
61.884, 60, 372.045746
61.884, 60, 372.490784
61.884, 60, 372.935822
61.884, 60, 373.380859
61.884, 60, 373.825867
61.884, 60, 374.270905
61.884, 60, 374.715942
61.884, 60, 375.160980
61.884, 60, 375.605988
61.884, 60, 376.051025
61.884, 60, 376.496063
61.884, 60, 376.941101
61.884, 60, 377.386139
61.884, 60, 377.831146
61.884, 60, 378.276184
61.884, 60, 378.721222
61.884, 60, 379.166260
61.884, 60, 379.611267
61.884, 60, 380.056305
61.884, 60, 380.501343
61.884, 60, 380.946381
61.884, 60, 381.391388
61.884, 60, 381.836426
61.884, 60, 382.281464
61.884, 60, 382.726501
61.884, 60, 383.171539
61.884, 60, 383.616547
61.884, 60, 384.061584
61.884, 60, 384.506622
61.884, 60, 384.951660
61.884, 60, 385.396667
61.884, 60, 385.841705
61.884, 60, 386.286743
61.884, 60, 386.731781
61.884, 60, 387.176788
61.884, 60, 387.621826
61.884, 60, 388.066864
61.884, 60, 388.511902
61.884, 60, 388.956940
61.884, 60, 389.401947
61.884, 60, 389.846985
61.884, 60, 390.292023
61.884, 60, 390.737061
61.884, 60, 391.182068
61.884, 60, 391.627106
61.884, 60, 392.072144
61.884, 60, 392.517181
61.884, 60, 392.962189
61.884, 60, 393.407227
61.884, 60, 393.852264
61.884, 60, 394.297302
61.884, 60, 394.742340
61.884, 60, 395.187347
61.884, 60, 395.632385
61.884, 60, 396.077423
61.884, 60, 396.522461
61.884, 60, 396.967468
61.884, 60, 397.412506
61.884, 60, 397.857544
61.884, 60, 398.302582
61.884, 60, 398.747620
61.884, 60, 399.192627
61.884, 60, 399.637665
61.884, 60, 400.082703
61.884, 60, 400.527740
61.884, 60, 400.972748
61.884, 60, 401.417786
61.884, 60, 401.862823
61.884, 60, 402.307861
61.884, 60, 402.752869
61.884, 60, 403.197906
61.884, 60, 403.642944
61.884, 60, 404.087982
61.884, 60, 404.533020
61.884, 60, 404.978027
61.884, 60, 405.423065
61.884, 60, 405.868103
61.884, 60, 406.313141
61.884, 60, 406.758148
61.884, 60, 407.203186
61.884, 60, 407.648224
61.884, 60, 408.093262
61.884, 60, 408.538269
61.884, 60, 408.983307
61.884, 60, 409.428345
61.884, 60, 409.873383
61.884, 60, 410.318420
61.884, 60, 410.763428
61.884, 60, 411.208466
61.884, 60, 411.653503
61.884, 60, 412.098541
61.884, 60, 412.543549
61.884, 60, 412.988586
61.884, 60, 413.433624
61.884, 60, 413.878662
61.884, 60, 414.323669
61.884, 60, 414.768707
61.884, 60, 415.213745
61.884, 60, 415.658783
61.884, 60, 416.103821
61.884, 60, 416.548828
61.884, 60, 416.993866
61.884, 60, 417.438904
61.884, 60, 417.883942
61.884, 60, 418.328949
61.884, 60, 418.773987
61.884, 60, 419.219025
61.884, 60, 419.664062
61.884, 60, 420.109070
61.884, 60, 420.554108
61.884, 60, 420.999146
61.884, 60, 421.444183
61.884, 60, 421.889221
61.884, 60, 422.334229
61.884, 60, 422.779266
61.884, 60, 423.224304
61.884, 60, 423.669342
61.884, 60, 424.114349
61.884, 60, 424.559387
61.884, 60, 425.004425
61.884, 60, 425.449463
61.884, 60, 425.894470
61.884, 60, 426.339508
61.884, 60, 426.784546
61.884, 60, 427.229584
61.884, 60, 427.674622
61.884, 60, 428.119629
61.884, 60, 428.564667
61.884, 60, 429.009705
61.884, 60, 429.454742
61.884, 60, 429.899750
61.884, 60, 430.344788
61.884, 60, 430.789825
61.884, 60, 431.234863
61.884, 60, 431.679871
61.884, 60, 432.124908
61.884, 60, 432.569946
61.884, 60, 433.014984
61.884, 60, 433.460022
61.884, 60, 433.905029
61.884, 60, 434.350067
61.884, 60, 434.795105
61.884, 60, 435.240143
61.884, 60, 435.685150
61.884, 60, 436.130188
61.884, 60, 436.575226
61.884, 60, 437.020264
61.884, 60, 437.465271
61.884, 60, 437.910309
61.884, 60, 438.355347
61.884, 60, 438.800385
61.884, 60, 439.245422
61.884, 60, 439.690430
61.884, 60, 440.135468
61.884, 60, 440.580505
61.884, 60, 441.025543
61.884, 60, 441.470551
61.884, 60, 441.915588
61.884, 60, 442.360626
61.884, 60, 442.805664
61.884, 60, 443.250671
61.884, 60, 443.695709
61.884, 60, 444.140747
61.884, 60, 444.585785
61.884, 60, 445.030823
61.884, 60, 445.475830
61.884, 60, 445.920868
61.884, 60, 446.365906
61.884, 60, 446.810944
61.884, 60, 447.255951
61.884, 60, 447.700989
61.884, 60, 448.146027
61.884, 60, 448.591064
61.884, 60, 449.036072
61.884, 60, 449.481110
61.884, 60, 449.926147
61.884, 60, 450.371185
61.884, 60, 450.816223
61.884, 60, 451.261230
61.884, 60, 451.706268
61.884, 60, 452.151306
61.884, 60, 452.596344
61.884, 60, 453.041351
61.884, 60, 453.486389
61.884, 60, 453.931427
61.884, 60, 454.376465
61.884, 60, 454.821472
61.884, 60, 455.266510
61.884, 60, 455.711548
61.884, 60, 456.156586
61.884, 60, 456.601624
61.884, 60, 457.046631
61.884, 60, 457.491669
61.884, 60, 457.936707
61.884, 60, 458.381744
61.884, 60, 458.826752
61.884, 60, 459.271790
61.979, 60, 459.716827
61.979, 60, 460.161865
61.979, 60, 460.606873
61.979, 60, 461.051910
61.979, 60, 461.496948
61.979, 60, 461.941986
61.979, 60, 462.387024
61.979, 60, 462.832031
61.979, 60, 463.277069
61.979, 60, 463.722107
61.979, 60, 464.167145
61.979, 60, 464.612152
61.979, 60, 465.057190
61.979, 60, 465.502228
61.979, 60, 465.947266
61.979, 60, 466.392273
61.979, 60, 466.837311
61.979, 60, 467.282349
61.979, 60, 467.727386
61.979, 60, 468.172424
61.979, 60, 468.617432
61.979, 60, 469.062469
61.979, 60, 469.507507
61.979, 60, 469.952545
61.979, 60, 470.397552
61.979, 60, 470.842590
61.979, 60, 471.287628
61.979, 60, 471.732666
61.979, 60, 472.177673
61.979, 60, 472.622711
61.979, 60, 473.067749
61.979, 60, 473.512787
61.979, 60, 473.957825
61.979, 60, 474.402832
61.979, 60, 474.847870
61.979, 60, 475.292908
61.979, 60, 475.737946
61.979, 60, 476.182953
61.979, 60, 476.627991
61.979, 60, 477.073029
61.979, 60, 477.518066
61.979, 60, 477.963074
61.979, 60, 478.408112
61.979, 60, 478.853149
61.979, 60, 479.298187
61.979, 60, 479.743225
61.979, 60, 480.188232
61.979, 60, 480.633270
61.979, 60, 481.078308
61.979, 60, 481.523346
61.979, 60, 481.968353
61.979, 60, 482.413391
61.979, 60, 482.858429
61.979, 60, 483.303467
61.979, 60, 483.748474
61.979, 60, 484.193512
61.979, 60, 484.638550
61.979, 60, 485.083588
61.979, 60, 485.528625
61.979, 60, 485.973633
61.979, 60, 486.418671
61.979, 60, 486.863708
61.979, 60, 487.308746
61.979, 60, 487.753754
61.979, 60, 488.198792
61.979, 60, 488.643829
61.979, 60, 489.088867
61.979, 60, 489.533875
61.979, 60, 489.978912
61.979, 60, 490.423950
61.979, 60, 490.868988
61.979, 60, 491.314026
61.979, 60, 491.759033
61.979, 60, 492.204071
61.979, 60, 492.649109
61.979, 60, 493.094147
61.979, 60, 493.539154
61.979, 60, 493.984192
61.979, 60, 494.429230
61.979, 60, 494.874268
61.979, 60, 495.319275
61.979, 60, 495.764313
61.979, 60, 496.209351
61.979, 60, 496.654388
61.979, 60, 497.099426
61.979, 60, 497.544434
61.979, 60, 497.989471
61.979, 60, 498.434509
61.979, 60, 498.879547
61.979, 60, 499.324554
61.979, 60, 499.769592
61.979, 60, 500.214630
61.979, 60, 500.659668
61.979, 60, 501.104675
61.979, 60, 501.549713
61.979, 60, 501.994751
61.979, 60, 502.439789
61.979, 60, 502.884827
61.979, 60, 503.329834
61.979, 60, 503.774872
61.979, 60, 504.219910
61.979, 60, 504.664948
61.979, 60, 505.109955
61.979, 60, 505.554993
62.169, 60, 506.000031
62.169, 60, 506.445068
62.169, 60, 506.890076
62.169, 60, 507.335114
62.169, 60, 507.780151
62.169, 60, 508.225189
62.169, 60, 508.670227
62.169, 60, 509.115234
62.169, 60, 509.560272
62.169, 60, 510.005310
62.169, 60, 510.450348
62.169, 60, 510.895355
62.169, 60, 511.340393
62.169, 60, 511.785431
62.169, 60, 512.230469
62.169, 60, 512.675476
62.169, 60, 513.120544
62.169, 60, 513.565552
62.169, 60, 514.010559
62.169, 60, 514.455627
62.169, 60, 514.900635
62.169, 60, 515.345703
62.169, 60, 515.790710
62.169, 60, 516.235718
62.169, 60, 516.680786
62.169, 60, 517.125793
62.169, 60, 517.570801
62.169, 60, 518.015869
62.169, 60, 518.460876
62.169, 60, 518.905945
62.169, 60, 519.350952
62.169, 60, 519.795959
62.169, 60, 520.241028
62.169, 60, 520.686035
62.169, 60, 521.131104
61.961, 60, 521.576111
61.961, 60, 522.021118
61.961, 60, 522.466187
61.961, 60, 522.911194
61.961, 60, 523.356201
61.961, 60, 523.801270
61.961, 60, 524.246277
61.961, 60, 524.691345
61.961, 60, 525.136353
61.961, 60, 525.581360
61.961, 60, 526.026428
61.961, 60, 526.471436
61.961, 60, 526.916504
61.961, 60, 527.361511
61.961, 60, 527.806519
61.961, 60, 528.251587
61.961, 60, 528.696594
61.961, 60, 529.141602
61.961, 60, 529.586670
61.961, 60, 530.031677
61.961, 60, 530.476746
61.961, 60, 530.921753
61.961, 60, 531.366760
61.961, 60, 531.811829
61.961, 60, 532.256836
61.961, 60, 532.701904
61.961, 60, 533.146912
61.961, 60, 533.591919
61.961, 60, 534.036987
61.961, 60, 534.481995
61.961, 60, 534.927002
61.961, 60, 535.372070
61.961, 60, 535.817078
61.961, 60, 536.262146
61.961, 60, 536.707153
61.961, 60, 537.152161
61.961, 60, 537.597229
61.961, 60, 538.042236
61.961, 60, 538.487305
61.961, 60, 538.932312
61.961, 60, 539.377319
61.961, 60, 539.822388
61.961, 60, 540.267395
61.961, 60, 540.712402
61.961, 60, 541.157471
61.961, 60, 541.602478
61.961, 60, 542.047546
61.961, 60, 542.492554
61.961, 60, 542.937561
61.961, 60, 543.382629
61.961, 60, 543.827637
61.961, 60, 544.272705
61.961, 60, 544.717712
61.961, 60, 545.162720
61.961, 60, 545.607788
61.961, 60, 546.052795
61.961, 60, 546.497803
61.961, 60, 546.942871
61.961, 60, 547.387878
61.961, 60, 547.832947
61.961, 60, 548.277954
61.961, 60, 548.722961
61.961, 60, 549.168030
61.961, 60, 549.613037
61.961, 60, 550.058105
61.961, 60, 550.503113
61.961, 60, 550.948120
61.961, 60, 551.393188
62.151, 60, 551.838196
62.151, 60, 552.283203
62.151, 60, 552.728271
62.151, 60, 553.173279
62.151, 60, 553.618347
62.151, 60, 554.063354
62.151, 60, 554.508362
62.151, 60, 554.953430
62.151, 60, 555.398438
62.151, 60, 555.843506
62.151, 60, 556.288513
62.151, 60, 556.733521
62.151, 60, 557.178589
62.151, 60, 557.623596
62.151, 60, 558.068604
62.151, 60, 558.513672
62.151, 60, 558.958679
62.151, 60, 559.403748
62.151, 60, 559.848755
62.151, 60, 560.293762
62.151, 60, 560.738831
62.151, 60, 561.183838
62.151, 60, 561.628906
62.151, 60, 562.073914
62.151, 60, 562.518921
62.151, 60, 562.963989
62.151, 60, 563.408997
62.151, 60, 563.854004
62.151, 60, 564.299072
62.151, 60, 564.744080
62.151, 60, 565.189148
62.151, 60, 565.634155
62.151, 60, 566.079163
62.151, 60, 566.524231
62.151, 60, 566.969238
62.151, 60, 567.414307
62.151, 60, 567.859314
62.151, 60, 568.304321
62.151, 60, 568.749390
62.151, 60, 569.194397
62.151, 60, 569.639404
62.151, 60, 570.084473
62.151, 60, 570.529480
62.151, 60, 570.974548
62.151, 60, 571.419556
62.151, 60, 571.864563
62.151, 60, 572.309631
62.151, 60, 572.754639
62.151, 60, 573.199707
62.151, 60, 573.644714
62.151, 60, 574.089722
62.151, 60, 574.534790
62.151, 60, 574.979797
62.151, 60, 575.424866
62.151, 60, 575.869873
62.151, 60, 576.314880
62.151, 60, 576.759949
62.151, 60, 577.204956
62.151, 60, 577.649963
62.151, 60, 578.095032
62.151, 60, 578.540039
62.151, 60, 578.985107
62.151, 60, 579.430115
62.151, 60, 579.875122
62.151, 60, 580.320190
62.151, 60, 580.765198
62.151, 60, 581.210266
62.151, 60, 581.655273
62.151, 60, 582.100281
62.151, 60, 582.545349
62.151, 60, 582.990356
62.151, 60, 583.435364
62.151, 60, 583.880432
62.151, 60, 584.325439
62.151, 60, 584.770508
62.151, 60, 585.215515
62.151, 60, 585.660522
62.151, 60, 586.105591
62.151, 60, 586.550598
62.151, 60, 586.995667
62.151, 60, 587.440674
62.151, 60, 587.885681
62.151, 60, 588.330750
62.151, 60, 588.775757
62.151, 60, 589.220764
62.151, 60, 589.665833
62.151, 60, 590.110840
62.151, 60, 590.555908
62.151, 60, 591.000916
62.151, 60, 591.445923
62.151, 60, 591.890991
62.151, 60, 592.335999
62.151, 60, 592.781067
62.151, 60, 593.226074
62.151, 60, 593.671082
62.151, 60, 594.116150
62.151, 60, 594.561157
62.151, 60, 595.006165
62.151, 60, 595.451233
62.151, 60, 595.896240
62.151, 60, 596.341309
62.151, 60, 596.786316
62.151, 60, 597.231323
62.151, 60, 597.676392
62.151, 60, 598.121399
62.151, 60, 598.566467
62.151, 60, 599.011475
62.151, 60, 599.456482
62.151, 60, 599.901550
62.151, 60, 600.346558
62.151, 60, 600.791565
62.151, 60, 601.236633
62.151, 60, 601.681641
62.151, 60, 602.126709
62.151, 60, 602.571716
62.151, 60, 603.016724
62.151, 60, 603.461792
62.151, 60, 603.906799
62.151, 60, 604.351868
62.151, 60, 604.796875
62.151, 60, 605.241882
62.151, 60, 605.686951
62.151, 60, 606.131958
62.151, 60, 606.576965
62.151, 60, 607.022034
62.151, 60, 607.467041
62.151, 60, 607.912109
62.151, 60, 608.357117
62.151, 60, 608.802124
62.151, 60, 609.247192
62.151, 60, 609.692200
62.151, 60, 610.137268
62.151, 60, 610.582275
62.151, 60, 611.027283
62.151, 60, 611.472351
62.151, 60, 611.917358
62.151, 60, 612.362366
62.151, 60, 612.807434
62.151, 60, 613.252441
62.151, 60, 613.697510
62.151, 60, 614.142517
62.151, 60, 614.587524
62.151, 60, 615.032593
62.151, 60, 615.477600
62.151, 60, 615.922668
62.151, 60, 616.367676
62.151, 60, 616.812683
62.151, 60, 617.257751
62.151, 60, 617.702759
62.151, 60, 618.147766
62.151, 60, 618.592834
62.151, 60, 619.037842
62.151, 60, 619.482910
62.151, 60, 619.927917
62.151, 60, 620.372925
62.151, 60, 620.817993
62.151, 60, 621.263000
62.151, 60, 621.708069
62.151, 60, 622.153076
62.151, 60, 622.598083
62.151, 60, 623.043152
62.151, 60, 623.488159
62.151, 60, 623.933167
62.151, 60, 624.378235
62.151, 60, 624.823242
62.151, 60, 625.268311
62.151, 60, 625.713318
62.151, 60, 626.158325
62.151, 60, 626.603394
62.151, 60, 627.048401
62.151, 60, 627.493469
62.151, 60, 627.938477
62.151, 60, 628.383484
62.151, 60, 628.828552
62.151, 60, 629.273560
62.247, 60, 629.718567
62.247, 60, 630.163635
62.247, 60, 630.608643
62.247, 60, 631.053711
62.247, 60, 631.498718
62.247, 60, 631.943726
62.247, 60, 632.388794
62.247, 60, 632.833801
62.247, 60, 633.278870
62.247, 60, 633.723877
62.247, 60, 634.168884
62.247, 60, 634.613953
62.247, 60, 635.058960
62.247, 60, 635.503967
62.247, 60, 635.949036
62.247, 60, 636.394043
62.247, 60, 636.839111
62.247, 60, 637.284119
62.247, 60, 637.729126
62.247, 60, 638.174194
62.247, 60, 638.619202
62.247, 60, 639.064270
62.247, 60, 639.509277
62.247, 60, 639.954285
62.247, 60, 640.399353
62.247, 60, 640.844360
62.247, 60, 641.289368
62.247, 60, 641.734436
62.247, 60, 642.179443
62.247, 60, 642.624512
62.247, 60, 643.069519
62.247, 60, 643.514526
62.247, 60, 643.959595
62.247, 60, 644.404602
62.151, 60, 644.849670
62.151, 60, 645.294678
62.151, 60, 645.739685
62.151, 60, 646.184753
62.151, 60, 646.629761
62.151, 60, 647.074768
62.151, 60, 647.519836
62.151, 60, 647.964844
62.151, 60, 648.409912
62.151, 60, 648.854919
62.151, 60, 649.299927
62.151, 60, 649.744995
62.151, 60, 650.190002
62.151, 60, 650.635071
62.151, 60, 651.080078
62.151, 60, 651.525085
62.151, 60, 651.970154
62.151, 60, 652.415161
62.151, 60, 652.860168
62.151, 60, 653.305237
62.151, 60, 653.750244
62.151, 60, 654.195312
62.151, 60, 654.640320
62.151, 60, 655.085327
62.151, 60, 655.530396
62.151, 60, 655.975403
62.151, 60, 656.420471
62.151, 60, 656.865479
62.151, 60, 657.310486
62.151, 60, 657.755554
62.151, 60, 658.200562
62.151, 60, 658.645569
62.151, 60, 659.090637
62.151, 60, 659.535645
61.979, 60, 659.980713
61.979, 60, 660.425720
61.979, 60, 660.870728
61.979, 60, 661.315796
61.979, 60, 661.760803
61.979, 60, 662.205872
61.979, 60, 662.650879
61.979, 60, 663.095886
61.979, 60, 663.540955
61.979, 60, 663.985962
61.979, 60, 664.430969
61.979, 60, 664.876038
61.979, 60, 665.321045
61.979, 60, 665.766113
61.979, 60, 666.211121
61.979, 60, 666.656128
61.979, 60, 667.101196
61.979, 60, 667.546204
61.979, 60, 667.991272
61.979, 60, 668.436279
61.979, 60, 668.881287
61.979, 60, 669.326355
61.979, 60, 669.771362
61.979, 60, 670.216370
61.979, 60, 670.661438
61.979, 60, 671.106445
61.979, 60, 671.551514
61.979, 60, 671.996521
61.979, 60, 672.441528
61.979, 60, 672.886597
61.979, 60, 673.331604
61.979, 60, 673.776672
61.979, 60, 674.221680
61.979, 60, 674.666687
61.979, 60, 675.111755
61.884, 60, 675.556763
61.884, 60, 676.001770
61.884, 60, 676.446838
61.884, 60, 676.891846
61.884, 60, 677.336914
61.884, 60, 677.781921
61.884, 60, 678.226929
61.884, 60, 678.671997
61.884, 60, 679.117004
61.884, 60, 679.562073
61.884, 60, 680.007080
61.884, 60, 680.452087
61.884, 60, 680.897156
61.884, 60, 681.342163
61.884, 60, 681.787170
61.884, 60, 682.232239
61.884, 60, 682.677246
61.884, 60, 683.122314
61.884, 60, 683.567322
61.884, 60, 684.012329
61.884, 60, 684.457397
61.884, 60, 684.902405
61.884, 60, 685.347473
61.884, 60, 685.792480
61.884, 60, 686.237488
61.884, 60, 686.682556
61.884, 60, 687.127563
61.884, 60, 687.572571
61.884, 60, 688.017639
61.884, 60, 688.462646
61.884, 60, 688.907715
61.884, 60, 689.352722
61.884, 60, 689.797729
61.884, 60, 690.242798
61.884, 60, 690.687805
61.789, 60, 691.132874
61.789, 60, 691.577881
61.789, 60, 692.022888
61.789, 60, 692.467957
61.789, 60, 692.912964
61.789, 60, 693.357971
61.789, 60, 693.803040
61.789, 60, 694.248047
61.789, 60, 694.693115
61.789, 60, 695.138123
61.789, 60, 695.583130
61.789, 60, 696.028198
61.789, 60, 696.473206
61.789, 60, 696.918274
61.789, 60, 697.363281
61.789, 60, 697.808289
61.789, 60, 698.253357
61.789, 60, 698.698364
61.789, 60, 699.143372
61.789, 60, 699.588440
61.789, 60, 700.033447
61.789, 60, 700.478516
61.789, 60, 700.923523
61.789, 60, 701.368530
61.789, 60, 701.813599
61.789, 60, 702.258606
61.789, 60, 702.703674
61.789, 60, 703.148682
61.789, 60, 703.593689
61.789, 60, 704.038757
61.789, 60, 704.483765
61.789, 60, 704.928772
61.789, 60, 705.373840
61.789, 60, 705.818848
61.789, 60, 706.263916
61.789, 60, 706.708923
61.789, 60, 707.153931
61.789, 60, 707.598999
61.789, 60, 708.044006
61.789, 60, 708.489075
61.789, 60, 708.934082
61.789, 60, 709.379089
61.789, 60, 709.824158
61.789, 60, 710.269165
61.789, 60, 710.714172
61.789, 60, 711.159241
61.789, 60, 711.604248
61.789, 60, 712.049316
61.789, 60, 712.494324
61.789, 60, 712.939331
61.789, 60, 713.384399
61.789, 60, 713.829407
61.789, 60, 714.274475
61.789, 60, 714.719482
61.789, 60, 715.164490
61.789, 60, 715.609558
61.789, 60, 716.054565
61.789, 60, 716.499573
61.789, 60, 716.944641
61.789, 60, 717.389648
61.789, 60, 717.834717
61.789, 60, 718.279724
61.789, 60, 718.724731
61.789, 60, 719.169800
61.789, 60, 719.614807
61.789, 60, 720.059875
61.789, 60, 720.504883
61.789, 60, 720.949890
61.789, 60, 721.394958
61.884, 60, 721.839966
61.884, 60, 722.284973
61.884, 60, 722.730042
61.884, 60, 723.175049
61.884, 60, 723.620117
61.884, 60, 724.065125
61.884, 60, 724.510132
61.884, 60, 724.955200
61.884, 60, 725.400208
61.884, 60, 725.845276
61.884, 60, 726.290283
61.884, 60, 726.735291
61.884, 60, 727.180359
61.884, 60, 727.625366
61.884, 60, 728.070374
61.884, 60, 728.515442
61.884, 60, 728.960449
61.884, 60, 729.405518
61.884, 60, 729.850525
61.884, 60, 730.295532
61.884, 60, 730.740601
61.884, 60, 731.185608
61.884, 60, 731.630676
61.884, 60, 732.075684
61.884, 60, 732.520691
61.884, 60, 732.965759
61.884, 60, 733.410767
61.884, 60, 733.855774
61.884, 60, 734.300842
61.884, 60, 734.745850
61.884, 60, 735.190918
61.884, 60, 735.635925
61.884, 60, 736.080933
61.884, 60, 736.526001
61.789, 60, 736.971008
61.789, 60, 737.416077
61.789, 60, 737.861084
61.789, 60, 738.306091
61.789, 60, 738.751160
61.789, 60, 739.196167
61.789, 60, 739.641174
61.789, 60, 740.086243
61.789, 60, 740.531250
61.789, 60, 740.976318
61.789, 60, 741.421326
61.789, 60, 741.866333
61.789, 60, 742.311401
61.789, 60, 742.756409
61.789, 60, 743.201477
61.789, 60, 743.646484
61.789, 60, 744.091492
61.789, 60, 744.536560
61.789, 60, 744.981567
61.789, 60, 745.426575
61.789, 60, 745.871643
61.789, 60, 746.316650
61.789, 60, 746.761719
61.789, 60, 747.206726
61.789, 60, 747.651733
61.789, 60, 748.096802
61.789, 60, 748.541809
61.789, 60, 748.986877
61.789, 60, 749.431885
61.789, 60, 749.876892
61.789, 60, 750.321960
61.789, 60, 750.766968
61.789, 60, 751.211975
61.789, 60, 751.657043
61.789, 60, 752.102051
61.789, 60, 752.547119
61.789, 60, 752.992126
61.789, 60, 753.437134
61.789, 60, 753.882202
61.789, 60, 754.327209
61.789, 60, 754.772278
61.789, 60, 755.217285
61.789, 60, 755.662292
61.789, 60, 756.107361
61.789, 60, 756.552368
61.789, 60, 756.997375
61.789, 60, 757.442444
61.789, 60, 757.887451
61.789, 60, 758.332520
61.789, 60, 758.777527
61.789, 60, 759.222534
61.789, 60, 759.667603
61.789, 60, 760.112610
61.789, 60, 760.557678
61.789, 60, 761.002686
61.789, 60, 761.447693
61.789, 60, 761.892761
61.789, 60, 762.337769
61.789, 60, 762.782776
61.789, 60, 763.227844
61.789, 60, 763.672852
61.789, 60, 764.117920
61.789, 60, 764.562927
61.789, 60, 765.007935
61.789, 60, 765.453003
61.789, 60, 765.898010
61.789, 60, 766.343079
61.789, 60, 766.788086
61.789, 60, 767.233093
61.884, 60, 767.678162
61.884, 60, 768.123169
61.884, 60, 768.568176
61.884, 60, 769.013245
61.884, 60, 769.458252
61.884, 60, 769.903320
61.884, 60, 770.348328
61.884, 60, 770.793335
61.884, 60, 771.238403
61.884, 60, 771.683411
61.884, 60, 772.128479
61.884, 60, 772.573486
61.884, 60, 773.018494
61.884, 60, 773.463562
61.884, 60, 773.908569
61.884, 60, 774.353577
61.884, 60, 774.798645
61.884, 60, 775.243652
61.884, 60, 775.688721
61.884, 60, 776.133728
61.884, 60, 776.578735
61.884, 60, 777.023804
61.884, 60, 777.468811
61.884, 60, 777.913879
61.884, 60, 778.358887
61.884, 60, 778.803894
61.884, 60, 779.248962
61.884, 60, 779.693970
61.884, 60, 780.138977
61.884, 60, 780.584045
61.884, 60, 781.029053
61.884, 60, 781.474121
61.884, 60, 781.919128
61.884, 60, 782.364136
61.884, 60, 782.809204
61.884, 60, 783.254211
61.884, 60, 783.699280
61.884, 60, 784.144287
61.884, 60, 784.589294
61.884, 60, 785.034363
61.884, 60, 785.479370
61.884, 60, 785.924377
61.884, 60, 786.369446
61.884, 60, 786.814453
61.884, 60, 787.259521
61.884, 60, 787.704529
61.884, 60, 788.149536
61.884, 60, 788.594604
61.884, 60, 789.039612
61.884, 60, 789.484680
61.884, 60, 789.929688
61.884, 60, 790.374695
61.884, 60, 790.819763
61.884, 60, 791.264771
61.884, 60, 791.709778
61.884, 60, 792.154846
61.884, 60, 792.599854
61.884, 60, 793.044922
61.884, 60, 793.489929
61.884, 60, 793.934937
61.884, 60, 794.380005
61.884, 60, 794.825012
61.884, 60, 795.270081
61.884, 60, 795.715088
61.884, 60, 796.160095
61.884, 60, 796.605164
61.884, 60, 797.050171
61.884, 60, 797.495239
61.884, 60, 797.940247
61.884, 60, 798.385254
61.884, 60, 798.830322
61.884, 60, 799.275330
61.884, 60, 799.720337
61.884, 60, 800.165405
61.884, 60, 800.610413
61.884, 60, 801.055481
61.884, 60, 801.500488
61.884, 60, 801.945496
61.884, 60, 802.390564
61.884, 60, 802.835571
61.884, 60, 803.280640
61.884, 60, 803.725647
61.884, 60, 804.170654
61.884, 60, 804.615723
61.884, 60, 805.060730
61.884, 60, 805.505737
61.884, 60, 805.950806
61.884, 60, 806.395813
61.884, 60, 806.840881
61.884, 60, 807.285889
61.884, 60, 807.730896
61.884, 60, 808.175964
61.884, 60, 808.620972
61.884, 60, 809.066040
61.884, 60, 809.511047
61.884, 60, 809.956055
61.884, 60, 810.401123
61.884, 60, 810.846130
61.884, 60, 811.291138
61.884, 60, 811.736206
61.884, 60, 812.181213
61.884, 60, 812.626282
61.884, 60, 813.071289
61.884, 60, 813.516296
61.884, 60, 813.961365
61.884, 60, 814.406372
61.884, 60, 814.851440
61.884, 60, 815.296448
61.884, 60, 815.741455
61.884, 60, 816.186523
61.884, 60, 816.631531
61.884, 60, 817.076538
61.884, 60, 817.521606
61.884, 60, 817.966614
61.884, 60, 818.411682
61.884, 60, 818.856689
61.884, 60, 819.301697
61.884, 60, 819.746765
61.884, 60, 820.191772
61.884, 60, 820.636841
61.884, 60, 821.081848
61.884, 60, 821.526855
61.884, 60, 821.971924
61.884, 60, 822.416931
61.884, 60, 822.861938
61.884, 60, 823.307007
61.884, 60, 823.752014
61.884, 60, 824.197083
61.884, 60, 824.642090
61.884, 60, 825.087097
61.884, 60, 825.532166
61.884, 60, 825.977173
61.884, 60, 826.422241
61.884, 60, 826.867249
61.884, 60, 827.312256
61.884, 60, 827.757324
61.884, 60, 828.202332
61.884, 60, 828.647339
61.884, 60, 829.092407
61.884, 60, 829.537415
61.884, 60, 829.982483
61.884, 60, 830.427490
61.884, 60, 830.872498
61.884, 60, 831.317566
61.884, 60, 831.762573
61.884, 60, 832.207642
61.884, 60, 832.652649
61.884, 60, 833.097656
61.884, 60, 833.542725
61.884, 60, 833.987732
61.884, 60, 834.432739
61.884, 60, 834.877808
61.884, 60, 835.322815
61.884, 60, 835.767883
61.884, 60, 836.212891
61.884, 60, 836.657898
61.884, 60, 837.102966
61.884, 60, 837.547974
61.884, 60, 837.993042
61.884, 60, 838.438049
61.884, 60, 838.883057
61.884, 60, 839.328125
61.884, 60, 839.773132
61.884, 60, 840.218140
61.884, 60, 840.663208
61.884, 60, 841.108215
61.884, 60, 841.553284
61.884, 60, 841.998291
61.884, 60, 842.443298
61.884, 60, 842.888367
61.884, 60, 843.333374
61.884, 60, 843.778442
61.884, 60, 844.223450
61.884, 60, 844.668457
61.884, 60, 845.113525
61.884, 60, 845.558533
61.884, 60, 846.003540
61.884, 60, 846.448608
61.884, 60, 846.893616
61.884, 60, 847.338684
61.884, 60, 847.783691
61.884, 60, 848.228699
61.884, 60, 848.673767
61.884, 60, 849.118774
61.884, 60, 849.563843
61.884, 60, 850.008850
61.884, 60, 850.453857
61.884, 60, 850.898926
61.884, 60, 851.343933
61.884, 60, 851.788940
61.884, 60, 852.234009
61.884, 60, 852.679016
61.884, 60, 853.124084
61.884, 60, 853.569092
61.884, 60, 854.014099
61.884, 60, 854.459167
61.884, 60, 854.904175
61.884, 60, 855.349243
61.884, 60, 855.794250
61.884, 60, 856.239258
61.884, 60, 856.684326
61.884, 60, 857.129333
61.884, 60, 857.574341
61.884, 60, 858.019409
61.884, 60, 858.464417
61.884, 60, 858.909485
61.884, 60, 859.354492
61.884, 60, 859.799500
61.884, 60, 860.244568
61.884, 60, 860.689575
61.884, 60, 861.134644
61.884, 60, 861.579651
61.884, 60, 862.024658
61.884, 60, 862.469727
61.884, 60, 862.914734
61.884, 60, 863.359741
61.884, 60, 863.804810
61.884, 60, 864.249817
61.884, 60, 864.694885
61.884, 60, 865.139893
61.884, 60, 865.584900
61.884, 60, 866.029968
61.884, 60, 866.474976
61.884, 60, 866.920044
61.884, 60, 867.365051
61.884, 60, 867.810059
61.884, 60, 868.255127
61.884, 60, 868.700134
61.884, 60, 869.145142
61.884, 60, 869.590210
61.884, 60, 870.035217
61.884, 60, 870.480286
61.884, 60, 870.925293
61.884, 60, 871.370300
61.884, 60, 871.815369
61.884, 60, 872.260376
61.884, 60, 872.705444
61.884, 60, 873.150452
61.884, 60, 873.595459
61.884, 60, 874.040527
61.884, 60, 874.485535
61.884, 60, 874.930542
61.884, 60, 875.375610
61.884, 60, 875.820618
61.884, 60, 876.265686
61.884, 60, 876.710693
61.884, 60, 877.155701
61.884, 60, 877.600769
61.884, 60, 878.045776
61.884, 60, 878.490845
61.884, 60, 878.935852
61.884, 60, 879.380859
61.884, 60, 879.825928
61.884, 60, 880.270935
61.884, 60, 880.715942
61.884, 60, 881.161011
61.884, 60, 881.606018
61.884, 60, 882.051086
61.884, 60, 882.496094
61.884, 60, 882.941101
61.884, 60, 883.386169
61.884, 60, 883.831177
61.884, 60, 884.276245
61.884, 60, 884.721252
61.884, 60, 885.166260
61.884, 60, 885.611328
61.884, 60, 886.056335
61.884, 60, 886.501343
61.884, 60, 886.946411
61.884, 60, 887.391418
61.884, 60, 887.836487
61.884, 60, 888.281494
61.884, 60, 888.726501
61.884, 60, 889.171570
61.884, 60, 889.616577
61.979, 60, 890.061646
61.979, 60, 890.506653
61.979, 60, 890.951660
61.979, 60, 891.396729
61.979, 60, 891.841736
61.979, 60, 892.286743
61.979, 60, 892.731812
61.979, 60, 893.176819
61.979, 60, 893.621887
61.979, 60, 894.066895
61.979, 60, 894.511902
61.979, 60, 894.956970
61.979, 60, 895.401978
61.979, 60, 895.847046
61.979, 60, 896.292053
61.979, 60, 896.737061
61.979, 60, 897.182129
61.979, 60, 897.627136
61.979, 60, 898.072144
61.979, 60, 898.517212
61.979, 60, 898.962219
61.979, 60, 899.407288
61.979, 60, 899.852295
61.979, 60, 900.297302
61.979, 60, 900.742371
61.979, 60, 901.187378
61.979, 60, 901.632446
61.979, 60, 902.077454
61.979, 60, 902.522461
61.979, 60, 902.967529
61.979, 60, 903.412537
61.979, 60, 903.857544
61.979, 60, 904.302612
61.979, 60, 904.747620
61.979, 60, 905.192688
61.979, 60, 905.637695
61.979, 60, 906.082703
61.979, 60, 906.527771
61.979, 60, 906.972778
61.979, 60, 907.417847
61.979, 60, 907.862854
61.979, 60, 908.307861
61.979, 60, 908.752930
61.979, 60, 909.197937
61.979, 60, 909.642944
61.979, 60, 910.088013
61.979, 60, 910.533020
61.979, 60, 910.978088
61.979, 60, 911.423096
61.979, 60, 911.868103
61.979, 60, 912.313171
61.979, 60, 912.758179
61.979, 60, 913.203247
61.979, 60, 913.648254
61.979, 60, 914.093262
61.979, 60, 914.538330
61.979, 60, 914.983337
61.979, 60, 915.428345
61.979, 60, 915.873413
61.979, 60, 916.318420
61.979, 60, 916.763489
61.979, 60, 917.208496
61.979, 60, 917.653503
61.979, 60, 918.098572
61.979, 60, 918.543579
61.979, 60, 918.988647
61.979, 60, 919.433655
61.979, 60, 919.878662
61.979, 60, 920.323730
61.979, 60, 920.768738
61.979, 60, 921.213745
61.979, 60, 921.658813
61.979, 60, 922.103821
61.979, 60, 922.548889
61.979, 60, 922.993896
61.979, 60, 923.438904
61.979, 60, 923.883972
61.979, 60, 924.328979
61.979, 60, 924.774048
61.979, 60, 925.219055
61.979, 60, 925.664062
61.979, 60, 926.109131
61.979, 60, 926.554138
61.979, 60, 926.999146
61.979, 60, 927.444214
61.979, 60, 927.889221
61.979, 60, 928.334290
61.979, 60, 928.779297
61.979, 60, 929.224304
61.979, 60, 929.669373
61.979, 60, 930.114380
61.979, 60, 930.559448
61.979, 60, 931.004456
61.979, 60, 931.449463
61.979, 60, 931.894531
61.979, 60, 932.339539
61.979, 60, 932.784546
61.979, 60, 933.229614
61.979, 60, 933.674622
61.979, 60, 934.119690
61.979, 60, 934.564697
61.979, 60, 935.009705
61.979, 60, 935.454773
61.979, 60, 935.899780
61.979, 60, 936.344849
61.979, 60, 936.789856
61.979, 60, 937.234863
61.979, 60, 937.679932
61.979, 60, 938.124939
61.979, 60, 938.569946
61.979, 60, 939.015015
61.979, 60, 939.460022
61.979, 60, 939.905090
61.979, 60, 940.350098
61.979, 60, 940.795105
61.979, 60, 941.240173
61.979, 60, 941.685181
61.979, 60, 942.130249
61.979, 60, 942.575256
61.979, 60, 943.020264
61.979, 60, 943.465332
61.979, 60, 943.910339
61.979, 60, 944.355347
61.979, 60, 944.800415
61.979, 60, 945.245422
61.979, 60, 945.690491
61.979, 60, 946.135498
61.979, 60, 946.580505
61.979, 60, 947.025574
61.979, 60, 947.470581
61.979, 60, 947.915649
61.979, 60, 948.360657
61.979, 60, 948.805664
61.979, 60, 949.250732
61.979, 60, 949.695740
61.979, 60, 950.140747
61.979, 60, 950.585815
61.979, 60, 951.030823
61.979, 60, 951.475891
62.056, 60, 951.920898
62.056, 60, 952.365906
62.056, 60, 952.810974
62.056, 60, 953.255981
62.056, 60, 953.701050
62.056, 60, 954.146057
62.056, 60, 954.591064
62.056, 60, 955.036133
62.056, 60, 955.481140
62.056, 60, 955.926147
62.056, 60, 956.371216
62.056, 60, 956.816223
62.056, 60, 957.261292
62.056, 60, 957.706299
62.056, 60, 958.151306
62.056, 60, 958.596375
62.056, 60, 959.041382
62.056, 60, 959.486450
62.056, 60, 959.931458
62.056, 60, 960.376465
62.056, 60, 960.821533
62.056, 60, 961.266541
62.056, 60, 961.711548
62.056, 60, 962.156616
62.056, 60, 962.601624
62.056, 60, 963.046692
62.056, 60, 963.491699
62.056, 60, 963.936707
62.056, 60, 964.381775
62.056, 60, 964.826782
62.056, 60, 965.271851
62.056, 60, 965.716858
62.056, 60, 966.161865
62.056, 60, 966.606934
62.056, 60, 967.051941
62.151, 60, 967.496948
62.151, 60, 967.942017
62.151, 60, 968.387024
62.151, 60, 968.832092
62.151, 60, 969.277100
62.151, 60, 969.722107
62.151, 60, 970.167175
62.151, 60, 970.612183
62.151, 60, 971.057251
62.151, 60, 971.502258
62.151, 60, 971.947266
62.151, 60, 972.392334
62.151, 60, 972.837341
62.151, 60, 973.282349
62.151, 60, 973.727417
62.151, 60, 974.172424
62.151, 60, 974.617493
62.151, 60, 975.062500
62.151, 60, 975.507507
62.151, 60, 975.952576
62.151, 60, 976.397583
62.151, 60, 976.842651
62.151, 60, 977.287659
62.151, 60, 977.732666
62.151, 60, 978.177734
62.151, 60, 978.622742
62.151, 60, 979.067749
62.151, 60, 979.512817
62.151, 60, 979.957825
62.151, 60, 980.402893
62.151, 60, 980.847900
62.151, 60, 981.292908
62.151, 60, 981.737976
62.151, 60, 982.182983
62.151, 60, 982.628052
62.151, 60, 983.073059
62.151, 60, 983.518066
62.151, 60, 983.963135
62.151, 60, 984.408142
62.151, 60, 984.853149
62.151, 60, 985.298218
62.151, 60, 985.743225
62.151, 60, 986.188293
62.151, 60, 986.633301
62.151, 60, 987.078308
62.151, 60, 987.523376
62.151, 60, 987.968384
62.151, 60, 988.413452
62.151, 60, 988.858459
62.151, 60, 989.303467
62.151, 60, 989.748535
62.151, 60, 990.193542
62.151, 60, 990.638550
62.151, 60, 991.083618
62.151, 60, 991.528625
62.151, 60, 991.973694
62.151, 60, 992.418701
62.151, 60, 992.863708
62.151, 60, 993.308777
62.151, 60, 993.753784
62.151, 60, 994.198853
62.151, 60, 994.643860
62.151, 60, 995.088867
62.151, 60, 995.533936
62.151, 60, 995.978943
62.151, 60, 996.423950
62.151, 60, 996.869019
62.151, 60, 997.314026
62.151, 60, 997.759094
62.151, 60, 998.204102
61.961, 60, 998.649109
61.961, 60, 999.094177
61.961, 60, 999.539185
61.961, 60, 999.984253
61.961, 60, 1000.429260
61.961, 60, 1000.874268
61.961, 60, 1001.319336
61.961, 60, 1001.764343
61.961, 60, 1002.209351
61.961, 60, 1002.654419
61.961, 60, 1003.099426
61.961, 60, 1003.544495
61.961, 60, 1003.989502
61.961, 60, 1004.434509
61.961, 60, 1004.879578
61.961, 60, 1005.324585
61.961, 60, 1005.769653
61.961, 60, 1006.214661
61.961, 60, 1006.659668
61.961, 60, 1007.104736
61.961, 60, 1007.549744
61.961, 60, 1007.994751
61.961, 60, 1008.439819
61.961, 60, 1008.884827
61.961, 60, 1009.329895
61.961, 60, 1009.774902
61.961, 60, 1010.219910
61.961, 60, 1010.664978
61.961, 60, 1011.109985
61.961, 60, 1011.555054
61.961, 60, 1012.000061
61.961, 60, 1012.445068
61.961, 60, 1012.890137
61.961, 60, 1013.335144
61.961, 60, 1013.780151
61.961, 60, 1014.225220
61.961, 60, 1014.670227
61.961, 60, 1015.115295
61.961, 60, 1015.560303
61.961, 60, 1016.005310
61.961, 60, 1016.450378
61.961, 60, 1016.895386
61.961, 60, 1017.340454
61.961, 60, 1017.785461
61.961, 60, 1018.230469
61.961, 60, 1018.675537
61.961, 60, 1019.120544
61.961, 60, 1019.565552
61.961, 60, 1020.010620
61.961, 60, 1020.455627
61.961, 60, 1020.900696
61.961, 60, 1021.345703
61.961, 60, 1021.790710
61.961, 60, 1022.235779
61.961, 60, 1022.680786
61.961, 60, 1023.125854
61.961, 60, 1023.570862
61.961, 60, 1024.015869
61.961, 60, 1024.460938
61.961, 60, 1024.906006
61.961, 60, 1025.350952
61.961, 60, 1025.796021
61.961, 60, 1026.241089
61.961, 60, 1026.686035
61.961, 60, 1027.131104
61.961, 60, 1027.576172
61.961, 60, 1028.021118
61.961, 60, 1028.466187
61.961, 60, 1028.911255
61.961, 60, 1029.356201
61.979, 60, 1029.801270
61.979, 60, 1030.246338
61.979, 60, 1030.691406
61.979, 60, 1031.136353
61.979, 60, 1031.581421
61.979, 60, 1032.026489
61.979, 60, 1032.471436
61.979, 60, 1032.916504
61.979, 60, 1033.361572
61.979, 60, 1033.806519
61.979, 60, 1034.251587
61.979, 60, 1034.696655
61.979, 60, 1035.141602
61.979, 60, 1035.586670
61.979, 60, 1036.031738
61.979, 60, 1036.476807
61.979, 60, 1036.921753
61.979, 60, 1037.366821
61.979, 60, 1037.811890
61.979, 60, 1038.256836
61.979, 60, 1038.701904
61.979, 60, 1039.146973
61.979, 60, 1039.591919
61.979, 60, 1040.036987
61.979, 60, 1040.482056
61.979, 60, 1040.927002
61.979, 60, 1041.372070
61.979, 60, 1041.817139
61.979, 60, 1042.262207
61.979, 60, 1042.707153
61.979, 60, 1043.152222
61.979, 60, 1043.597290
61.979, 60, 1044.042236
61.979, 60, 1044.487305
61.979, 60, 1044.932373
61.979, 60, 1045.377319
61.979, 60, 1045.822388
61.979, 60, 1046.267456
61.979, 60, 1046.712402
61.979, 60, 1047.157471
61.979, 60, 1047.602539
61.979, 60, 1048.047607
61.979, 60, 1048.492554
61.979, 60, 1048.937622
61.979, 60, 1049.382690
61.979, 60, 1049.827637
61.979, 60, 1050.272705
61.979, 60, 1050.717773
61.979, 60, 1051.162720
61.979, 60, 1051.607788
61.979, 60, 1052.052856
61.979, 60, 1052.497803
61.979, 60, 1052.942871
61.979, 60, 1053.387939
61.979, 60, 1053.833008
61.979, 60, 1054.277954
61.979, 60, 1054.723022
61.979, 60, 1055.168091
61.979, 60, 1055.613037
61.979, 60, 1056.058105
61.979, 60, 1056.503174
61.979, 60, 1056.948120
61.979, 60, 1057.393188
61.979, 60, 1057.838257
61.979, 60, 1058.283203
61.979, 60, 1058.728271
61.979, 60, 1059.173340
61.979, 60, 1059.618408
61.979, 60, 1060.063354
61.961, 60, 1060.508423
61.961, 60, 1060.953491
61.961, 60, 1061.398438
61.961, 60, 1061.843506
61.961, 60, 1062.288574
61.961, 60, 1062.733521
61.961, 60, 1063.178589
61.961, 60, 1063.623657
61.961, 60, 1064.068604
61.961, 60, 1064.513672
61.961, 60, 1064.958740
61.961, 60, 1065.403809
61.961, 60, 1065.848755
61.961, 60, 1066.293823
61.961, 60, 1066.738892
61.961, 60, 1067.183838
61.961, 60, 1067.628906
61.961, 60, 1068.073975
61.961, 60, 1068.518921
61.961, 60, 1068.963989
61.961, 60, 1069.409058
61.961, 60, 1069.854004
61.961, 60, 1070.299072
61.961, 60, 1070.744141
61.961, 60, 1071.189209
61.961, 60, 1071.634155
61.961, 60, 1072.079224
61.961, 60, 1072.524292
61.961, 60, 1072.969238
61.961, 60, 1073.414307
61.961, 60, 1073.859375
61.961, 60, 1074.304321
61.961, 60, 1074.749390
61.961, 60, 1075.194458
61.961, 60, 1075.639404
61.979, 60, 1076.084473
61.979, 60, 1076.529541
61.979, 60, 1076.974609
61.979, 60, 1077.419556
61.979, 60, 1077.864624
61.979, 60, 1078.309692
61.979, 60, 1078.754639
61.979, 60, 1079.199707
61.979, 60, 1079.644775
61.979, 60, 1080.089722
61.979, 60, 1080.534790
61.979, 60, 1080.979858
61.979, 60, 1081.424805
61.979, 60, 1081.869873
61.979, 60, 1082.314941
61.979, 60, 1082.760010
61.979, 60, 1083.204956
61.979, 60, 1083.650024
61.979, 60, 1084.095093
61.979, 60, 1084.540039
61.979, 60, 1084.985107
61.979, 60, 1085.430176
61.979, 60, 1085.875122
61.979, 60, 1086.320190
61.979, 60, 1086.765259
61.979, 60, 1087.210205
61.979, 60, 1087.655273
61.979, 60, 1088.100342
61.979, 60, 1088.545410
61.979, 60, 1088.990356
61.979, 60, 1089.435425
61.979, 60, 1089.880493
61.979, 60, 1090.325439
61.979, 60, 1090.770508
61.979, 60, 1091.215576
61.979, 60, 1091.660522
61.979, 60, 1092.105591
61.979, 60, 1092.550659
61.979, 60, 1092.995605
61.979, 60, 1093.440674
61.979, 60, 1093.885742
61.979, 60, 1094.330811
61.979, 60, 1094.775757
61.979, 60, 1095.220825
61.979, 60, 1095.665894
61.979, 60, 1096.110840
61.979, 60, 1096.555908
61.979, 60, 1097.000977
61.979, 60, 1097.445923
61.979, 60, 1097.890991
61.979, 60, 1098.336060
61.979, 60, 1098.781006
61.979, 60, 1099.226074
61.979, 60, 1099.671143
61.979, 60, 1100.116211
61.979, 60, 1100.561157
61.979, 60, 1101.006226
61.979, 60, 1101.451294
61.979, 60, 1101.896240
61.979, 60, 1102.341309
61.979, 60, 1102.786377
61.979, 60, 1103.231323
61.979, 60, 1103.676392
61.979, 60, 1104.121460
61.979, 60, 1104.566406
61.979, 60, 1105.011475
61.979, 60, 1105.456543
61.979, 60, 1105.901611
61.979, 60, 1106.346558
61.961, 60, 1106.791626
61.961, 60, 1107.236694
61.961, 60, 1107.681641
61.961, 60, 1108.126709
61.961, 60, 1108.571777
61.961, 60, 1109.016724
61.961, 60, 1109.461792
61.961, 60, 1109.906860
61.961, 60, 1110.351807
61.961, 60, 1110.796875
61.961, 60, 1111.241943
61.961, 60, 1111.687012
61.961, 60, 1112.131958
61.961, 60, 1112.577026
61.961, 60, 1113.022095
61.961, 60, 1113.467041
61.961, 60, 1113.912109
61.961, 60, 1114.357178
61.961, 60, 1114.802124
61.961, 60, 1115.247192
61.961, 60, 1115.692261
61.961, 60, 1116.137207
61.961, 60, 1116.582275
61.961, 60, 1117.027344
61.961, 60, 1117.472412
61.961, 60, 1117.917358
61.961, 60, 1118.362427
61.961, 60, 1118.807495
61.961, 60, 1119.252441
61.961, 60, 1119.697510
61.961, 60, 1120.142578
61.961, 60, 1120.587524
61.961, 60, 1121.032593
61.961, 60, 1121.477661
61.961, 60, 1121.922607
61.961, 60, 1122.367676
61.961, 60, 1122.812744
61.961, 60, 1123.257812
61.961, 60, 1123.702759
61.961, 60, 1124.147827
61.961, 60, 1124.592896
61.961, 60, 1125.037842
61.961, 60, 1125.482910
61.961, 60, 1125.927979
61.961, 60, 1126.372925
61.961, 60, 1126.817993
61.961, 60, 1127.263062
61.961, 60, 1127.708008
61.961, 60, 1128.153076
61.961, 60, 1128.598145
61.961, 60, 1129.043213
61.961, 60, 1129.488159
61.961, 60, 1129.933228
61.961, 60, 1130.378296
61.961, 60, 1130.823242
61.961, 60, 1131.268311
61.961, 60, 1131.713379
61.961, 60, 1132.158325
61.961, 60, 1132.603394
61.961, 60, 1133.048462
61.961, 60, 1133.493408
61.961, 60, 1133.938477
61.961, 60, 1134.383545
61.961, 60, 1134.828613
61.961, 60, 1135.273560
61.961, 60, 1135.718628
61.961, 60, 1136.163696
62.151, 60, 1136.608643
62.151, 60, 1137.053711
62.151, 60, 1137.498779
62.151, 60, 1137.943726
62.151, 60, 1138.388794
62.151, 60, 1138.833862
62.151, 60, 1139.278809
62.151, 60, 1139.723877
62.151, 60, 1140.168945
62.151, 60, 1140.614014
62.151, 60, 1141.058960
62.151, 60, 1141.504028
62.151, 60, 1141.949097
62.151, 60, 1142.394043
62.151, 60, 1142.839111
62.151, 60, 1143.284180
62.151, 60, 1143.729126
62.151, 60, 1144.174194
62.151, 60, 1144.619263
62.151, 60, 1145.064331
62.151, 60, 1145.509277
62.151, 60, 1145.954346
62.151, 60, 1146.399414
62.151, 60, 1146.844360
62.151, 60, 1147.289429
62.151, 60, 1147.734497
62.151, 60, 1148.179443
62.151, 60, 1148.624512
62.151, 60, 1149.069580
62.151, 60, 1149.514526
62.151, 60, 1149.959595
62.151, 60, 1150.404663
62.151, 60, 1150.849731
62.151, 60, 1151.294678
62.151, 60, 1151.739746
62.151, 60, 1152.184814
62.151, 60, 1152.629761
62.151, 60, 1153.074829
62.151, 60, 1153.519897
62.151, 60, 1153.964844
62.151, 60, 1154.409912
62.151, 60, 1154.854980
62.151, 60, 1155.299927
62.151, 60, 1155.744995
62.151, 60, 1156.190063
62.151, 60, 1156.635132
62.151, 60, 1157.080078
62.151, 60, 1157.525146
62.151, 60, 1157.970215
62.151, 60, 1158.415161
62.151, 60, 1158.860229
62.151, 60, 1159.305298
62.151, 60, 1159.750244
62.151, 60, 1160.195312
62.151, 60, 1160.640381
62.151, 60, 1161.085327
62.151, 60, 1161.530396
62.151, 60, 1161.975464
62.151, 60, 1162.420532
62.151, 60, 1162.865479
62.151, 60, 1163.310547
62.151, 60, 1163.755615
62.151, 60, 1164.200562
62.151, 60, 1164.645630
62.151, 60, 1165.090698
62.151, 60, 1165.535645
62.151, 60, 1165.980713
62.151, 60, 1166.425781
62.151, 60, 1166.870728
62.151, 60, 1167.315796
62.151, 60, 1167.760864
62.151, 60, 1168.205933
62.151, 60, 1168.650879
62.151, 60, 1169.095947
62.151, 60, 1169.541016
62.151, 60, 1169.985962
62.151, 60, 1170.431030
62.151, 60, 1170.876099
62.151, 60, 1171.321045
62.151, 60, 1171.766113
62.151, 60, 1172.211182
62.151, 60, 1172.656128
62.151, 60, 1173.101196
62.151, 60, 1173.546265
62.151, 60, 1173.991333
62.151, 60, 1174.436279
62.151, 60, 1174.881348
62.151, 60, 1175.326416
62.151, 60, 1175.771362
62.151, 60, 1176.216431
62.151, 60, 1176.661499
62.151, 60, 1177.106445
62.151, 60, 1177.551514
62.151, 60, 1177.996582
62.151, 60, 1178.441528
62.151, 60, 1178.886597
62.151, 60, 1179.331665
62.151, 60, 1179.776733
62.151, 60, 1180.221680
62.151, 60, 1180.666748
62.151, 60, 1181.111816
62.151, 60, 1181.556763
62.151, 60, 1182.001831
62.151, 60, 1182.446899
62.151, 60, 1182.891846
62.151, 60, 1183.336914
62.151, 60, 1183.781982
62.151, 60, 1184.226929
62.151, 60, 1184.671997
62.151, 60, 1185.117065
62.151, 60, 1185.562134
62.151, 60, 1186.007080
62.151, 60, 1186.452148
62.151, 60, 1186.897217
62.151, 60, 1187.342163
62.151, 60, 1187.787231
62.151, 60, 1188.232300
62.151, 60, 1188.677246
62.151, 60, 1189.122314
62.151, 60, 1189.567383
62.151, 60, 1190.012329
62.151, 60, 1190.457397
62.151, 60, 1190.902466
62.151, 60, 1191.347534
62.151, 60, 1191.792480
62.151, 60, 1192.237549
62.151, 60, 1192.682617
62.151, 60, 1193.127563
62.151, 60, 1193.572632
62.151, 60, 1194.017700
62.151, 60, 1194.462646
62.151, 60, 1194.907715
62.151, 60, 1195.352783
62.151, 60, 1195.797729
62.151, 60, 1196.242798
62.151, 60, 1196.687866
62.151, 60, 1197.132935
62.151, 60, 1197.577881
62.151, 60, 1198.022949
62.151, 60, 1198.468018
62.151, 60, 1198.912964
62.151, 60, 1199.358032
62.151, 60, 1199.803101
62.151, 60, 1200.248047
62.151, 60, 1200.693115
62.151, 60, 1201.138184
62.151, 60, 1201.583130
62.151, 60, 1202.028198
62.151, 60, 1202.473267
62.151, 60, 1202.918335
62.151, 60, 1203.363281
62.151, 60, 1203.808350
62.151, 60, 1204.253418
62.151, 60, 1204.698364
62.151, 60, 1205.143433
62.151, 60, 1205.588501
62.151, 60, 1206.033447
62.151, 60, 1206.478516
62.151, 60, 1206.923584
62.151, 60, 1207.368530
62.151, 60, 1207.813599
62.151, 60, 1208.258667
62.151, 60, 1208.703735
62.151, 60, 1209.148682
62.151, 60, 1209.593750
62.151, 60, 1210.038818
62.151, 60, 1210.483765
62.151, 60, 1210.928833
62.151, 60, 1211.373901
62.151, 60, 1211.818848
62.151, 60, 1212.263916
62.151, 60, 1212.708984
62.151, 60, 1213.153931
62.151, 60, 1213.598999
62.151, 60, 1214.044067
62.151, 60, 1214.489136
62.151, 60, 1214.934082
62.151, 60, 1215.379150
62.151, 60, 1215.824219
62.151, 60, 1216.269165
62.151, 60, 1216.714233
62.151, 60, 1217.159302
62.151, 60, 1217.604248
62.151, 60, 1218.049316
62.151, 60, 1218.494385
62.151, 60, 1218.939331
62.151, 60, 1219.384399
62.151, 60, 1219.829468
62.151, 60, 1220.274536
62.151, 60, 1220.719482
62.151, 60, 1221.164551
62.151, 60, 1221.609619
62.151, 60, 1222.054565
62.151, 60, 1222.499634
62.151, 60, 1222.944702
62.151, 60, 1223.389648
62.151, 60, 1223.834717
62.151, 60, 1224.279785
62.151, 60, 1224.724731
62.151, 60, 1225.169800
62.151, 60, 1225.614868
62.151, 60, 1226.059937
62.151, 60, 1226.504883
62.151, 60, 1226.949951
62.151, 60, 1227.395020
62.151, 60, 1227.839966
62.151, 60, 1228.285034
62.247, 60, 1228.730103
62.247, 60, 1229.175049
62.247, 60, 1229.620117
62.247, 60, 1230.065186
62.247, 60, 1230.510132
62.247, 60, 1230.955200
62.247, 60, 1231.400269
62.247, 60, 1231.845337
62.247, 60, 1232.290283
62.247, 60, 1232.735352
62.247, 60, 1233.180420
62.247, 60, 1233.625366
62.247, 60, 1234.070435
62.247, 60, 1234.515503
62.247, 60, 1234.960449
62.247, 60, 1235.405518
62.247, 60, 1235.850586
62.247, 60, 1236.295532
62.247, 60, 1236.740601
62.247, 60, 1237.185669
62.247, 60, 1237.630737
62.247, 60, 1238.075684
62.247, 60, 1238.520752
62.247, 60, 1238.965820
62.247, 60, 1239.410767
62.247, 60, 1239.855835
62.247, 60, 1240.300903
62.247, 60, 1240.745850
62.247, 60, 1241.190918
62.247, 60, 1241.635986
62.247, 60, 1242.080933
62.247, 60, 1242.526001
62.247, 60, 1242.971069
62.247, 60, 1243.416138
62.247, 60, 1243.861084
62.247, 60, 1244.306152
62.247, 60, 1244.751221
62.247, 60, 1245.196167
62.247, 60, 1245.641235
62.247, 60, 1246.086304
62.247, 60, 1246.531250
62.247, 60, 1246.976318
62.247, 60, 1247.421387
62.247, 60, 1247.866333
62.247, 60, 1248.311401
62.247, 60, 1248.756470
62.247, 60, 1249.201538
62.247, 60, 1249.646484
62.247, 60, 1250.091553
62.247, 60, 1250.536621
62.247, 60, 1250.981567
62.247, 60, 1251.426636
62.247, 60, 1251.871704
62.247, 60, 1252.316650
62.247, 60, 1252.761719
62.247, 60, 1253.206787
62.247, 60, 1253.651733
62.247, 60, 1254.096802
62.247, 60, 1254.541870
62.247, 60, 1254.986938
62.247, 60, 1255.431885
62.247, 60, 1255.876953
62.247, 60, 1256.322021
62.247, 60, 1256.766968
62.247, 60, 1257.212036
62.247, 60, 1257.657104
62.247, 60, 1258.102051
62.247, 60, 1258.547119
62.247, 60, 1258.992188
62.247, 60, 1259.437134
62.247, 60, 1259.882202
62.247, 60, 1260.327271
62.247, 60, 1260.772339
62.247, 60, 1261.217285
62.247, 60, 1261.662354
62.247, 60, 1262.107422
62.247, 60, 1262.552368
62.247, 60, 1262.997437
62.247, 60, 1263.442505
62.247, 60, 1263.887451
62.247, 60, 1264.332520
62.247, 60, 1264.777588
62.247, 60, 1265.222534
62.247, 60, 1265.667603
62.247, 60, 1266.112671
62.247, 60, 1266.557739
62.247, 60, 1267.002686
62.247, 60, 1267.447754
62.247, 60, 1267.892822
62.247, 60, 1268.337769
62.247, 60, 1268.782837
62.247, 60, 1269.227905
62.247, 60, 1269.672852
62.247, 60, 1270.117920
62.247, 60, 1270.562988
62.247, 60, 1271.007935
62.247, 60, 1271.453003
62.247, 60, 1271.898071
62.247, 60, 1272.343140
62.247, 60, 1272.788086
62.247, 60, 1273.233154
62.247, 60, 1273.678223
62.247, 60, 1274.123169
62.342, 60, 1274.568237
62.342, 60, 1275.013306
62.342, 60, 1275.458252
62.342, 60, 1275.903320
62.342, 60, 1276.348389
62.342, 60, 1276.793335
62.342, 60, 1277.238403
62.342, 60, 1277.683472
62.342, 60, 1278.128540
62.342, 60, 1278.573486
62.342, 60, 1279.018555
62.342, 60, 1279.463623
62.342, 60, 1279.908569
62.342, 60, 1280.353638
62.342, 60, 1280.798706
62.342, 60, 1281.243652
62.342, 60, 1281.688721
62.342, 60, 1282.133789
62.342, 60, 1282.578735
62.342, 60, 1283.023804
62.342, 60, 1283.468872
62.342, 60, 1283.913940
62.342, 60, 1284.358887
62.342, 60, 1284.803955
62.342, 60, 1285.249023
62.342, 60, 1285.693970
62.342, 60, 1286.139038
62.342, 60, 1286.584106
62.342, 60, 1287.029053
62.342, 60, 1287.474121
62.342, 60, 1287.919189
62.342, 60, 1288.364136
62.342, 60, 1288.809204
62.342, 60, 1289.254272
62.247, 60, 1289.699341
62.247, 60, 1290.144287
62.247, 60, 1290.589355
62.247, 60, 1291.034424
62.247, 60, 1291.479370
62.247, 60, 1291.924438
62.247, 60, 1292.369507
62.247, 60, 1292.814453
62.247, 60, 1293.259521
62.247, 60, 1293.704590
62.247, 60, 1294.149536
62.247, 60, 1294.594604
62.247, 60, 1295.039673
62.247, 60, 1295.484741
62.247, 60, 1295.929688
62.247, 60, 1296.374756
62.247, 60, 1296.819824
62.247, 60, 1297.264771
62.247, 60, 1297.709839
62.247, 60, 1298.154907
62.247, 60, 1298.599854
62.247, 60, 1299.044922
62.247, 60, 1299.489990
62.247, 60, 1299.934937
62.247, 60, 1300.380005
62.247, 60, 1300.825073
62.247, 60, 1301.270142
62.247, 60, 1301.715088
62.247, 60, 1302.160156
62.247, 60, 1302.605225
62.247, 60, 1303.050171
62.247, 60, 1303.495239
62.247, 60, 1303.940308
62.247, 60, 1304.385254
61.961, 60, 1304.830322
61.961, 60, 1305.275391
61.961, 60, 1305.720337
61.961, 60, 1306.165405
61.961, 60, 1306.610474
61.961, 60, 1307.055542
61.961, 60, 1307.500488
61.961, 60, 1307.945557
61.961, 60, 1308.390625
61.961, 60, 1308.835571
61.961, 60, 1309.280640
61.961, 60, 1309.725708
61.961, 60, 1310.170654
61.961, 60, 1310.615723
61.961, 60, 1311.060791
61.961, 60, 1311.505737
61.961, 60, 1311.950806
61.961, 60, 1312.395874
61.961, 60, 1312.840942
61.961, 60, 1313.285889
61.961, 60, 1313.730957
61.961, 60, 1314.176025
61.961, 60, 1314.620972
61.961, 60, 1315.066040
61.961, 60, 1315.511108
61.961, 60, 1315.956055
61.961, 60, 1316.401123
61.961, 60, 1316.846191
61.961, 60, 1317.291138
61.961, 60, 1317.736206
61.961, 60, 1318.181274
61.961, 60, 1318.626343
61.961, 60, 1319.071289
61.961, 60, 1319.516357
61.884, 60, 1319.961426
61.884, 60, 1320.406372
61.884, 60, 1320.851440
61.884, 60, 1321.296509
61.884, 60, 1321.741455
61.884, 60, 1322.186523
61.884, 60, 1322.631592
61.884, 60, 1323.076538
61.884, 60, 1323.521606
61.884, 60, 1323.966675
61.884, 60, 1324.411743
61.884, 60, 1324.856689
61.884, 60, 1325.301758
61.884, 60, 1325.746826
61.884, 60, 1326.191772
61.884, 60, 1326.636841
61.884, 60, 1327.081909
61.884, 60, 1327.526855
61.884, 60, 1327.971924
61.884, 60, 1328.416992
61.884, 60, 1328.861938
61.884, 60, 1329.307007
61.884, 60, 1329.752075
61.884, 60, 1330.197144
61.884, 60, 1330.642090
61.884, 60, 1331.087158
61.884, 60, 1331.532227
61.884, 60, 1331.977173
61.884, 60, 1332.422241
61.884, 60, 1332.867310
61.884, 60, 1333.312256
61.884, 60, 1333.757324
61.884, 60, 1334.202393
61.884, 60, 1334.647339
61.884, 60, 1335.092407
61.884, 60, 1335.537476
61.884, 60, 1335.982544
61.884, 60, 1336.427490
61.884, 60, 1336.872559
61.884, 60, 1337.317627
61.884, 60, 1337.762573
61.884, 60, 1338.207642
61.884, 60, 1338.652710
61.884, 60, 1339.097656
61.884, 60, 1339.542725
61.884, 60, 1339.987793
61.884, 60, 1340.432739
61.884, 60, 1340.877808
61.884, 60, 1341.322876
61.884, 60, 1341.767944
61.884, 60, 1342.212891
61.884, 60, 1342.657959
61.884, 60, 1343.103027
61.884, 60, 1343.547974
61.884, 60, 1343.993042
61.884, 60, 1344.438110
61.884, 60, 1344.883057
61.884, 60, 1345.328125
61.884, 60, 1345.773193
61.884, 60, 1346.218140
61.884, 60, 1346.663208
61.884, 60, 1347.108276
61.884, 60, 1347.553345
61.884, 60, 1347.998291
61.884, 60, 1348.443359
61.884, 60, 1348.888428
61.884, 60, 1349.333374
61.884, 60, 1349.778442
61.884, 60, 1350.223511
61.884, 60, 1350.668457
61.884, 60, 1351.113525
61.884, 60, 1351.558594
61.884, 60, 1352.003540
61.884, 60, 1352.448608
61.884, 60, 1352.893677
61.884, 60, 1353.338745
61.884, 60, 1353.783691
61.884, 60, 1354.228760
61.884, 60, 1354.673828
61.884, 60, 1355.118774
61.884, 60, 1355.563843
61.884, 60, 1356.008911
61.884, 60, 1356.453857
61.884, 60, 1356.898926
61.884, 60, 1357.343994
61.884, 60, 1357.788940
61.884, 60, 1358.234009
61.884, 60, 1358.679077
61.884, 60, 1359.124146
61.884, 60, 1359.569092
61.884, 60, 1360.014160
61.884, 60, 1360.459229
61.884, 60, 1360.904175
61.884, 60, 1361.349243
61.884, 60, 1361.794312
61.884, 60, 1362.239258
61.884, 60, 1362.684326
61.884, 60, 1363.129395
61.884, 60, 1363.574341
61.884, 60, 1364.019409
61.884, 60, 1364.464478
61.884, 60, 1364.909546
61.884, 60, 1365.354492
61.884, 60, 1365.799561
61.884, 60, 1366.244629
61.884, 60, 1366.689575
61.884, 60, 1367.134644
61.884, 60, 1367.579712
61.884, 60, 1368.024658
61.884, 60, 1368.469727
61.884, 60, 1368.914795
61.884, 60, 1369.359741
61.884, 60, 1369.804810
61.884, 60, 1370.249878
61.884, 60, 1370.694946
61.884, 60, 1371.139893
61.884, 60, 1371.584961
61.884, 60, 1372.030029
61.884, 60, 1372.474976
61.884, 60, 1372.920044
61.884, 60, 1373.365112
61.884, 60, 1373.810059
61.884, 60, 1374.255127
61.884, 60, 1374.700195
61.884, 60, 1375.145142
61.884, 60, 1375.590210
61.884, 60, 1376.035278
61.884, 60, 1376.480347
61.884, 60, 1376.925293
61.884, 60, 1377.370361
61.884, 60, 1377.815430
61.884, 60, 1378.260376
61.884, 60, 1378.705444
61.884, 60, 1379.150513
61.884, 60, 1379.595459
61.884, 60, 1380.040527
61.884, 60, 1380.485596
61.884, 60, 1380.930542
61.884, 60, 1381.375610
61.884, 60, 1381.820679
61.884, 60, 1382.265747
61.884, 60, 1382.710693
61.884, 60, 1383.155762
61.884, 60, 1383.600830
61.884, 60, 1384.045776
61.884, 60, 1384.490845
61.884, 60, 1384.935913
61.884, 60, 1385.380859
61.884, 60, 1385.825928
61.884, 60, 1386.270996
61.884, 60, 1386.715942
61.884, 60, 1387.161011
61.884, 60, 1387.606079
61.884, 60, 1388.051147
61.884, 60, 1388.496094
61.884, 60, 1388.941162
61.884, 60, 1389.386230
61.884, 60, 1389.831177
61.884, 60, 1390.276245
61.884, 60, 1390.721313
61.884, 60, 1391.166260
61.884, 60, 1391.611328
61.884, 60, 1392.056396
61.884, 60, 1392.501343
61.884, 60, 1392.946411
61.884, 60, 1393.391479
61.884, 60, 1393.836548
61.884, 60, 1394.281494
61.884, 60, 1394.726562
61.884, 60, 1395.171631
61.884, 60, 1395.616577
61.884, 60, 1396.061646
61.884, 60, 1396.506714
61.884, 60, 1396.951660
61.884, 60, 1397.396729
61.884, 60, 1397.841797
61.884, 60, 1398.286743
61.884, 60, 1398.731812
61.884, 60, 1399.176880
61.884, 60, 1399.621948
61.884, 60, 1400.066895
61.884, 60, 1400.511963
61.884, 60, 1400.957031
61.884, 60, 1401.401978
61.884, 60, 1401.847046
61.884, 60, 1402.292114
61.884, 60, 1402.737061
61.884, 60, 1403.182129
61.884, 60, 1403.627197
61.884, 60, 1404.072144
61.884, 60, 1404.517212
61.884, 60, 1404.962280
61.884, 60, 1405.407349
61.884, 60, 1405.852295
61.884, 60, 1406.297363
61.884, 60, 1406.742432
61.884, 60, 1407.187378
61.884, 60, 1407.632446
61.884, 60, 1408.077515
61.884, 60, 1408.522461
61.884, 60, 1408.967529
61.884, 60, 1409.412598
61.884, 60, 1409.857544
61.866, 60, 1410.302612
61.866, 60, 1410.747681
61.866, 60, 1411.192749
61.866, 60, 1411.637695
61.866, 60, 1412.082764
61.866, 60, 1412.527832
61.866, 60, 1412.972778
61.866, 60, 1413.417847
61.866, 60, 1413.862915
61.866, 60, 1414.307861
61.866, 60, 1414.752930
61.866, 60, 1415.197998
61.866, 60, 1415.642944
61.866, 60, 1416.088013
61.866, 60, 1416.533081
61.866, 60, 1416.978149
61.866, 60, 1417.423096
61.866, 60, 1417.868164
61.866, 60, 1418.313232
61.866, 60, 1418.758179
61.866, 60, 1419.203247
61.866, 60, 1419.648315
61.866, 60, 1420.093262
61.866, 60, 1420.538330
61.866, 60, 1420.983398
61.866, 60, 1421.428345
61.866, 60, 1421.873413
61.866, 60, 1422.318481
61.866, 60, 1422.763550
61.866, 60, 1423.208496
61.866, 60, 1423.653564
61.866, 60, 1424.098633
61.866, 60, 1424.543579
61.866, 60, 1424.988647
61.866, 60, 1425.433716
61.884, 60, 1425.878662
61.884, 60, 1426.323730
61.884, 60, 1426.768799
61.884, 60, 1427.213745
61.884, 60, 1427.658813
61.884, 60, 1428.103882
61.884, 60, 1428.548950
61.884, 60, 1428.993896
61.884, 60, 1429.438965
61.884, 60, 1429.884033
61.884, 60, 1430.328979
61.884, 60, 1430.774048
61.884, 60, 1431.219116
61.884, 60, 1431.664062
61.884, 60, 1432.109131
61.884, 60, 1432.554199
61.884, 60, 1432.999146
61.884, 60, 1433.444214
61.884, 60, 1433.889282
61.884, 60, 1434.334351
61.884, 60, 1434.779297
61.884, 60, 1435.224365
61.884, 60, 1435.669434
61.884, 60, 1436.114380
61.884, 60, 1436.559448
61.884, 60, 1437.004517
61.884, 60, 1437.449463
61.884, 60, 1437.894531
61.884, 60, 1438.339600
61.884, 60, 1438.784546
61.884, 60, 1439.229614
61.884, 60, 1439.674683
61.884, 60, 1440.119751
61.884, 60, 1440.564697
61.884, 60, 1441.009766
61.884, 60, 1441.454834
61.884, 60, 1441.899780
61.884, 60, 1442.344849
61.884, 60, 1442.789917
61.884, 60, 1443.234863
61.884, 60, 1443.679932
61.884, 60, 1444.125000
61.884, 60, 1444.569946
61.884, 60, 1445.015015
61.884, 60, 1445.460083
61.884, 60, 1445.905151
61.884, 60, 1446.350098
61.884, 60, 1446.795166
61.884, 60, 1447.240234
61.884, 60, 1447.685181
61.884, 60, 1448.130249
61.884, 60, 1448.575317
61.884, 60, 1449.020264
61.884, 60, 1449.465332
61.884, 60, 1449.910400
61.884, 60, 1450.355347
61.884, 60, 1450.800415
61.884, 60, 1451.245483
61.884, 60, 1451.690552
61.884, 60, 1452.135498
61.884, 60, 1452.580566
61.884, 60, 1453.025635
61.884, 60, 1453.470581
61.884, 60, 1453.915649
61.884, 60, 1454.360718
61.884, 60, 1454.805664
61.884, 60, 1455.250732
61.884, 60, 1455.695801
61.979, 60, 1456.140747
61.979, 60, 1456.585815
61.979, 60, 1457.030884
61.979, 60, 1457.475952
61.979, 60, 1457.920898
61.979, 60, 1458.365967
61.979, 60, 1458.811035
61.979, 60, 1459.255981
61.979, 60, 1459.701050
61.979, 60, 1460.146118
61.979, 60, 1460.591064
61.979, 60, 1461.036133
61.979, 60, 1461.481201
61.979, 60, 1461.926147
61.979, 60, 1462.371216
61.979, 60, 1462.816284
61.979, 60, 1463.261353
61.979, 60, 1463.706299
61.979, 60, 1464.151367
61.979, 60, 1464.596436
61.979, 60, 1465.041382
61.979, 60, 1465.486450
61.979, 60, 1465.931519
61.979, 60, 1466.376465
61.979, 60, 1466.821533
61.979, 60, 1467.266602
61.979, 60, 1467.711548
61.979, 60, 1468.156616
61.979, 60, 1468.601685
61.979, 60, 1469.046753
61.979, 60, 1469.491699
61.979, 60, 1469.936768
61.979, 60, 1470.381836
61.979, 60, 1470.826782
61.979, 60, 1471.271851
61.884, 60, 1471.716919
61.884, 60, 1472.161865
61.884, 60, 1472.606934
61.884, 60, 1473.052002
61.884, 60, 1473.496948
61.884, 60, 1473.942017
61.884, 60, 1474.387085
61.884, 60, 1474.832153
61.884, 60, 1475.277100
61.884, 60, 1475.722168
61.884, 60, 1476.167236
61.884, 60, 1476.612183
61.884, 60, 1477.057251
61.884, 60, 1477.502319
61.884, 60, 1477.947266
61.884, 60, 1478.392334
61.884, 60, 1478.837402
61.884, 60, 1479.282349
61.884, 60, 1479.727417
61.884, 60, 1480.172485
61.884, 60, 1480.617554
61.884, 60, 1481.062500
61.884, 60, 1481.507568
61.884, 60, 1481.952637
61.884, 60, 1482.397583
61.884, 60, 1482.842651
61.884, 60, 1483.287720
61.884, 60, 1483.732666
61.884, 60, 1484.177734
61.884, 60, 1484.622803
61.884, 60, 1485.067749
61.884, 60, 1485.512817
61.884, 60, 1485.957886
61.884, 60, 1486.402954
61.884, 60, 1486.847900
61.884, 60, 1487.292969
61.884, 60, 1487.738037
61.884, 60, 1488.182983
61.884, 60, 1488.628052
61.884, 60, 1489.073120
61.884, 60, 1489.518066
61.884, 60, 1489.963135
61.884, 60, 1490.408203
61.884, 60, 1490.853149
61.884, 60, 1491.298218
61.884, 60, 1491.743286
61.884, 60, 1492.188354
61.884, 60, 1492.633301
61.884, 60, 1493.078369
61.884, 60, 1493.523438
61.884, 60, 1493.968384
61.884, 60, 1494.413452
61.884, 60, 1494.858521
61.884, 60, 1495.303467
61.884, 60, 1495.748535
61.884, 60, 1496.193604
61.884, 60, 1496.638550
61.884, 60, 1497.083618
61.884, 60, 1497.528687
61.884, 60, 1497.973755
61.884, 60, 1498.418701
61.884, 60, 1498.863770
61.884, 60, 1499.308838
61.884, 60, 1499.753784
61.884, 60, 1500.198853
61.884, 60, 1500.643921
61.884, 60, 1501.088867
61.884, 60, 1501.533936
61.884, 60, 1501.979004
61.884, 60, 1502.423950
61.884, 60, 1502.869019
61.884, 60, 1503.314087
61.884, 60, 1503.759155
61.884, 60, 1504.204102
61.884, 60, 1504.649170
61.884, 60, 1505.094238
61.884, 60, 1505.539185
61.884, 60, 1505.984253
61.884, 60, 1506.429321
61.884, 60, 1506.874268
61.884, 60, 1507.319336
61.884, 60, 1507.764404
61.884, 60, 1508.209351
61.884, 60, 1508.654419
61.884, 60, 1509.099487
61.884, 60, 1509.544556
61.884, 60, 1509.989502
61.884, 60, 1510.434570
61.884, 60, 1510.879639
61.884, 60, 1511.324585
61.884, 60, 1511.769653
61.884, 60, 1512.214722
61.884, 60, 1512.659668
61.884, 60, 1513.104736
61.884, 60, 1513.549805
61.884, 60, 1513.994751
61.884, 60, 1514.439819
61.884, 60, 1514.884888
61.884, 60, 1515.329956
61.884, 60, 1515.774902
61.884, 60, 1516.219971
61.884, 60, 1516.665039
61.884, 60, 1517.109985
61.884, 60, 1517.555054
61.979, 60, 1518.000122
61.979, 60, 1518.445068
61.979, 60, 1518.890137
61.979, 60, 1519.335205
61.979, 60, 1519.780151
61.979, 60, 1520.225220
61.979, 60, 1520.670288
61.979, 60, 1521.115356
61.979, 60, 1521.560303
61.979, 60, 1522.005371
61.979, 60, 1522.450439
61.979, 60, 1522.895386
61.979, 60, 1523.340454
61.979, 60, 1523.785522
61.979, 60, 1524.230469
61.979, 60, 1524.675537
61.979, 60, 1525.120605
61.979, 60, 1525.565552
61.979, 60, 1526.010620
61.979, 60, 1526.455688
61.979, 60, 1526.900757
61.979, 60, 1527.345703
61.979, 60, 1527.790771
61.979, 60, 1528.235840
61.979, 60, 1528.680786
61.979, 60, 1529.125854
61.979, 60, 1529.570923
61.979, 60, 1530.015869
61.979, 60, 1530.460938
61.979, 60, 1530.906006
61.979, 60, 1531.350952
61.979, 60, 1531.796021
61.979, 60, 1532.241089
61.979, 60, 1532.686157
61.979, 60, 1533.131104
61.979, 60, 1533.576172
61.979, 60, 1534.021240
61.979, 60, 1534.466187
61.979, 60, 1534.911255
61.979, 60, 1535.356323
61.979, 60, 1535.801270
61.979, 60, 1536.246338
61.979, 60, 1536.691406
61.979, 60, 1537.136353
61.979, 60, 1537.581421
61.979, 60, 1538.026489
61.979, 60, 1538.471558
61.979, 60, 1538.916504
61.979, 60, 1539.361572
61.979, 60, 1539.806641
61.979, 60, 1540.251587
61.979, 60, 1540.696655
61.979, 60, 1541.141724
61.979, 60, 1541.586670
61.979, 60, 1542.031738
61.979, 60, 1542.476807
61.979, 60, 1542.921753
61.979, 60, 1543.366821
61.979, 60, 1543.811890
61.979, 60, 1544.256958
61.979, 60, 1544.701904
61.979, 60, 1545.146973
61.979, 60, 1545.592041
61.979, 60, 1546.036987
61.979, 60, 1546.482056
61.979, 60, 1546.927124
61.979, 60, 1547.372070
61.979, 60, 1547.817139
61.979, 60, 1548.262207
61.979, 60, 1548.707153
61.979, 60, 1549.152222
61.979, 60, 1549.597290
61.979, 60, 1550.042358
61.979, 60, 1550.487305
61.979, 60, 1550.932373
61.979, 60, 1551.377441
61.979, 60, 1551.822388
61.979, 60, 1552.267456
61.979, 60, 1552.712524
61.979, 60, 1553.157471
61.979, 60, 1553.602539
61.979, 60, 1554.047607
61.979, 60, 1554.492554
61.979, 60, 1554.937622
61.979, 60, 1555.382690
61.979, 60, 1555.827759
61.979, 60, 1556.272705
61.979, 60, 1556.717773
61.979, 60, 1557.162842
61.979, 60, 1557.607788
61.979, 60, 1558.052856
61.979, 60, 1558.497925
61.979, 60, 1558.942871
61.979, 60, 1559.387939
61.979, 60, 1559.833008
61.979, 60, 1560.277954
61.979, 60, 1560.723022
61.979, 60, 1561.168091
61.979, 60, 1561.613159
61.979, 60, 1562.058105
61.979, 60, 1562.503174
61.979, 60, 1562.948242
61.979, 60, 1563.393188
61.979, 60, 1563.838257
61.979, 60, 1564.283325
61.979, 60, 1564.728271
61.979, 60, 1565.173340
61.979, 60, 1565.618408
61.979, 60, 1566.063354
61.979, 60, 1566.508423
61.979, 60, 1566.953491
61.979, 60, 1567.398560
61.979, 60, 1567.843506
61.979, 60, 1568.288574
61.979, 60, 1568.733643
61.979, 60, 1569.178589
61.979, 60, 1569.623657
61.979, 60, 1570.068726
61.979, 60, 1570.513672
61.979, 60, 1570.958740
61.979, 60, 1571.403809
61.979, 60, 1571.848755
61.979, 60, 1572.293823
61.979, 60, 1572.738892
61.979, 60, 1573.183960
61.979, 60, 1573.628906
61.979, 60, 1574.073975
61.979, 60, 1574.519043
61.979, 60, 1574.963989
61.979, 60, 1575.409058
61.979, 60, 1575.854126
61.979, 60, 1576.299072
61.979, 60, 1576.744141
61.979, 60, 1577.189209
61.979, 60, 1577.634155
61.979, 60, 1578.079224
61.979, 60, 1578.524292
61.979, 60, 1578.969360
62.074, 60, 1579.414307
62.074, 60, 1579.859375
62.074, 60, 1580.304443
62.074, 60, 1580.749390
62.074, 60, 1581.194458
62.074, 60, 1581.639526
62.074, 60, 1582.084473
62.074, 60, 1582.529541
62.074, 60, 1582.974609
62.074, 60, 1583.419556
62.074, 60, 1583.864624
62.074, 60, 1584.309692
62.074, 60, 1584.754761
62.074, 60, 1585.199707
62.074, 60, 1585.644775
62.074, 60, 1586.089844
62.074, 60, 1586.534790
62.074, 60, 1586.979858
62.074, 60, 1587.424927
62.074, 60, 1587.869873
62.074, 60, 1588.314941
62.074, 60, 1588.760010
62.074, 60, 1589.204956
62.074, 60, 1589.650024
62.074, 60, 1590.095093
62.074, 60, 1590.540161
62.074, 60, 1590.985107
62.074, 60, 1591.430176
62.074, 60, 1591.875244
62.074, 60, 1592.320190
62.074, 60, 1592.765259
62.074, 60, 1593.210327
62.074, 60, 1593.655273
62.074, 60, 1594.100342
62.074, 60, 1594.545410
62.074, 60, 1594.990479
62.169, 60, 1595.435425
62.169, 60, 1595.880493
62.169, 60, 1596.325562
62.169, 60, 1596.770508
62.169, 60, 1597.215576
62.169, 60, 1597.660645
62.169, 60, 1598.105591
62.169, 60, 1598.550659
62.169, 60, 1598.995728
62.169, 60, 1599.440674
62.169, 60, 1599.885742
62.169, 60, 1600.330811
62.169, 60, 1600.775879
62.169, 60, 1601.220825
62.169, 60, 1601.665894
62.169, 60, 1602.110962
62.169, 60, 1602.555908
62.169, 60, 1603.000977
62.169, 60, 1603.446045
62.169, 60, 1603.890991
62.169, 60, 1604.336060
62.169, 60, 1604.781128
62.169, 60, 1605.226074
62.169, 60, 1605.671143
62.169, 60, 1606.116211
62.169, 60, 1606.561279
62.169, 60, 1607.006226
62.169, 60, 1607.451294
62.169, 60, 1607.896362
62.169, 60, 1608.341309
62.169, 60, 1608.786377
62.169, 60, 1609.231445
62.169, 60, 1609.676392
62.169, 60, 1610.121460
62.169, 60, 1610.566528
62.151, 60, 1611.011475
62.151, 60, 1611.456543
62.151, 60, 1611.901611
62.151, 60, 1612.346680
62.151, 60, 1612.791626
62.151, 60, 1613.236694
62.151, 60, 1613.681763
62.151, 60, 1614.126709
62.151, 60, 1614.571777
62.151, 60, 1615.016846
62.151, 60, 1615.461792
62.151, 60, 1615.906860
62.151, 60, 1616.351929
62.151, 60, 1616.796875
62.151, 60, 1617.241943
62.151, 60, 1617.687012
62.151, 60, 1618.132080
62.151, 60, 1618.577026
62.151, 60, 1619.022095
62.151, 60, 1619.467163
62.151, 60, 1619.912109
62.151, 60, 1620.357178
62.151, 60, 1620.802246
62.151, 60, 1621.247192
62.151, 60, 1621.692261
62.151, 60, 1622.137329
62.151, 60, 1622.582275
62.151, 60, 1623.027344
62.151, 60, 1623.472412
62.151, 60, 1623.917480
62.151, 60, 1624.362427
62.151, 60, 1624.807495
62.151, 60, 1625.252563
62.151, 60, 1625.697510
62.151, 60, 1626.142578
62.151, 60, 1626.587646
62.151, 60, 1627.032593
62.151, 60, 1627.477661
62.151, 60, 1627.922729
62.151, 60, 1628.367676
62.151, 60, 1628.812744
62.151, 60, 1629.257812
62.151, 60, 1629.702881
62.151, 60, 1630.147827
62.151, 60, 1630.592896
62.151, 60, 1631.037964
62.151, 60, 1631.482910
62.151, 60, 1631.927979
62.151, 60, 1632.373047
62.151, 60, 1632.817993
62.151, 60, 1633.263062
62.151, 60, 1633.708130
62.151, 60, 1634.153076
62.151, 60, 1634.598145
62.151, 60, 1635.043213
62.151, 60, 1635.488281
62.151, 60, 1635.933228
62.151, 60, 1636.378296
62.151, 60, 1636.823364
62.151, 60, 1637.268311
62.151, 60, 1637.713379
62.151, 60, 1638.158447
62.151, 60, 1638.603394
62.151, 60, 1639.048462
62.151, 60, 1639.493530
62.151, 60, 1639.938477
62.151, 60, 1640.383545
62.151, 60, 1640.828613
62.151, 60, 1641.273682
61.979, 60, 1641.718628
61.979, 60, 1642.163696
61.979, 60, 1642.608765
61.979, 60, 1643.053711
61.979, 60, 1643.498779
61.979, 60, 1643.943848
61.979, 60, 1644.388794
61.979, 60, 1644.833862
61.979, 60, 1645.278931
61.979, 60, 1645.723877
61.979, 60, 1646.168945
61.979, 60, 1646.614014
61.979, 60, 1647.059082
61.979, 60, 1647.504028
61.979, 60, 1647.949097
61.979, 60, 1648.394165
61.979, 60, 1648.839111
61.979, 60, 1649.284180
61.979, 60, 1649.729248
61.979, 60, 1650.174194
61.979, 60, 1650.619263
61.979, 60, 1651.064331
61.979, 60, 1651.509277
61.979, 60, 1651.954346
61.979, 60, 1652.399414
61.979, 60, 1652.844482
61.979, 60, 1653.289429
61.979, 60, 1653.734497
61.979, 60, 1654.179565
61.979, 60, 1654.624512
61.979, 60, 1655.069580
61.979, 60, 1655.514648
61.979, 60, 1655.959595
61.979, 60, 1656.404663
61.979, 60, 1656.849731
61.979, 60, 1657.294678
61.979, 60, 1657.739746
61.979, 60, 1658.184814
61.979, 60, 1658.629883
61.979, 60, 1659.074829
61.979, 60, 1659.519897
61.979, 60, 1659.964966
61.979, 60, 1660.409912
61.979, 60, 1660.854980
61.979, 60, 1661.300049
61.979, 60, 1661.744995
61.979, 60, 1662.190063
61.979, 60, 1662.635132
61.979, 60, 1663.080078
61.979, 60, 1663.525146
61.979, 60, 1663.970215
61.979, 60, 1664.415283
61.979, 60, 1664.860229
61.979, 60, 1665.305298
61.979, 60, 1665.750366
61.979, 60, 1666.195312
61.979, 60, 1666.640381
61.979, 60, 1667.085449
61.979, 60, 1667.530396
61.979, 60, 1667.975464
61.979, 60, 1668.420532
61.979, 60, 1668.865479
61.979, 60, 1669.310547
61.979, 60, 1669.755615
61.979, 60, 1670.200684
61.979, 60, 1670.645630
61.979, 60, 1671.090698
61.979, 60, 1671.535767
61.979, 60, 1671.980713
61.979, 60, 1672.425781
61.979, 60, 1672.870850
61.979, 60, 1673.315796
61.979, 60, 1673.760864
61.979, 60, 1674.205933
61.979, 60, 1674.650879
61.979, 60, 1675.095947
61.979, 60, 1675.541016
61.979, 60, 1675.986084
61.979, 60, 1676.431030
61.979, 60, 1676.876099
61.979, 60, 1677.321167
61.979, 60, 1677.766113
61.979, 60, 1678.211182
61.979, 60, 1678.656250
61.979, 60, 1679.101196
61.979, 60, 1679.546265
61.979, 60, 1679.991333
61.979, 60, 1680.436279
61.979, 60, 1680.881348
61.979, 60, 1681.326416
61.979, 60, 1681.771484
61.979, 60, 1682.216431
61.979, 60, 1682.661499
61.979, 60, 1683.106567
61.979, 60, 1683.551514
61.979, 60, 1683.996582
61.979, 60, 1684.441650
61.979, 60, 1684.886597
61.979, 60, 1685.331665
61.979, 60, 1685.776733
61.979, 60, 1686.221680
61.979, 60, 1686.666748
61.979, 60, 1687.111816
61.979, 60, 1687.556885
61.979, 60, 1688.001831
61.979, 60, 1688.446899
61.979, 60, 1688.891968
61.979, 60, 1689.336914
61.979, 60, 1689.781982
61.979, 60, 1690.227051
61.979, 60, 1690.671997
61.979, 60, 1691.117065
61.979, 60, 1691.562134
61.979, 60, 1692.007080
61.979, 60, 1692.452148
61.979, 60, 1692.897217
61.979, 60, 1693.342285
61.979, 60, 1693.787231
61.979, 60, 1694.232300
61.979, 60, 1694.677368
61.979, 60, 1695.122314
61.979, 60, 1695.567383
61.979, 60, 1696.012451
61.979, 60, 1696.457397
61.979, 60, 1696.902466
61.979, 60, 1697.347534
61.979, 60, 1697.792480
61.979, 60, 1698.237549
61.979, 60, 1698.682617
61.979, 60, 1699.127686
61.979, 60, 1699.572632
61.979, 60, 1700.017700
61.979, 60, 1700.462769
61.979, 60, 1700.907715
61.979, 60, 1701.352783
61.979, 60, 1701.797852
61.979, 60, 1702.242798
62.151, 60, 1702.687866
62.151, 60, 1703.132935
62.151, 60, 1703.577881
62.151, 60, 1704.022949
62.151, 60, 1704.468018
62.151, 60, 1704.913086
62.151, 60, 1705.358032
62.151, 60, 1705.803101
62.151, 60, 1706.248169
62.151, 60, 1706.693115
62.151, 60, 1707.138184
62.151, 60, 1707.583252
62.151, 60, 1708.028198
62.151, 60, 1708.473267
62.151, 60, 1708.918335
62.151, 60, 1709.363281
62.151, 60, 1709.808350
62.151, 60, 1710.253418
62.151, 60, 1710.698486
62.151, 60, 1711.143433
62.151, 60, 1711.588501
62.151, 60, 1712.033569
62.151, 60, 1712.478516
62.151, 60, 1712.923584
62.151, 60, 1713.368652
62.151, 60, 1713.813599
62.151, 60, 1714.258667
62.151, 60, 1714.703735
62.151, 60, 1715.148682
62.151, 60, 1715.593750
62.151, 60, 1716.038818
62.151, 60, 1716.483887
62.151, 60, 1716.928833
62.151, 60, 1717.373901
62.151, 60, 1717.818970
62.056, 60, 1718.263916
62.056, 60, 1718.708984
62.056, 60, 1719.154053
62.056, 60, 1719.598999
62.056, 60, 1720.044067
62.056, 60, 1720.489136
62.056, 60, 1720.934082
62.056, 60, 1721.379150
62.056, 60, 1721.824219
62.056, 60, 1722.269287
62.056, 60, 1722.714233
62.056, 60, 1723.159302
62.056, 60, 1723.604370
62.056, 60, 1724.049316
62.056, 60, 1724.494385
62.056, 60, 1724.939453
62.056, 60, 1725.384399
62.056, 60, 1725.829468
62.056, 60, 1726.274536
62.056, 60, 1726.719482
62.056, 60, 1727.164551
62.056, 60, 1727.609619
62.056, 60, 1728.054688
62.056, 60, 1728.499634
62.056, 60, 1728.944702
62.056, 60, 1729.389771
62.056, 60, 1729.834717
62.056, 60, 1730.279785
62.056, 60, 1730.724854
62.056, 60, 1731.169800
62.056, 60, 1731.614868
62.056, 60, 1732.059937
62.056, 60, 1732.504883
62.056, 60, 1732.949951
62.056, 60, 1733.395020
62.056, 60, 1733.840088
62.056, 60, 1734.285034
62.056, 60, 1734.730103
62.056, 60, 1735.175171
62.056, 60, 1735.620117
62.056, 60, 1736.065186
62.056, 60, 1736.510254
62.056, 60, 1736.955200
62.056, 60, 1737.400269
62.056, 60, 1737.845337
62.056, 60, 1738.290283
62.056, 60, 1738.735352
62.056, 60, 1739.180420
62.056, 60, 1739.625488
62.056, 60, 1740.070435
62.056, 60, 1740.515503
62.056, 60, 1740.960571
62.056, 60, 1741.405518
62.056, 60, 1741.850586
62.056, 60, 1742.295654
62.056, 60, 1742.740601
62.056, 60, 1743.185669
62.056, 60, 1743.630737
62.056, 60, 1744.075684
62.056, 60, 1744.520752
62.056, 60, 1744.965820
62.056, 60, 1745.410889
62.056, 60, 1745.855835
62.056, 60, 1746.300903
62.056, 60, 1746.745972
62.056, 60, 1747.190918
62.056, 60, 1747.635986
62.056, 60, 1748.081055
62.151, 60, 1748.526001
62.151, 60, 1748.971069
62.151, 60, 1749.416138
62.151, 60, 1749.861084
62.151, 60, 1750.306152
62.151, 60, 1750.751221
62.151, 60, 1751.196289
62.151, 60, 1751.641235
62.151, 60, 1752.086304
62.151, 60, 1752.531372
62.151, 60, 1752.976318
62.151, 60, 1753.421387
62.151, 60, 1753.866455
62.151, 60, 1754.311401
62.151, 60, 1754.756470
62.151, 60, 1755.201538
62.151, 60, 1755.646484
62.151, 60, 1756.091553
62.151, 60, 1756.536621
62.151, 60, 1756.981689
62.151, 60, 1757.426636
62.151, 60, 1757.871704
62.151, 60, 1758.316772
62.151, 60, 1758.761719
62.151, 60, 1759.206787
62.151, 60, 1759.651855
62.151, 60, 1760.096802
62.151, 60, 1760.541870
62.151, 60, 1760.986938
62.151, 60, 1761.431885
62.151, 60, 1761.876953
62.151, 60, 1762.322021
62.151, 60, 1762.767090
62.151, 60, 1763.212036
62.151, 60, 1763.657104
62.151, 60, 1764.102173
62.151, 60, 1764.547119
62.151, 60, 1764.992188
62.151, 60, 1765.437256
62.151, 60, 1765.882202
62.151, 60, 1766.327271
62.151, 60, 1766.772339
62.151, 60, 1767.217285
62.151, 60, 1767.662354
62.151, 60, 1768.107422
62.151, 60, 1768.552490
62.151, 60, 1768.997437
62.151, 60, 1769.442505
62.151, 60, 1769.887573
62.151, 60, 1770.332520
62.151, 60, 1770.777588
62.151, 60, 1771.222656
62.151, 60, 1771.667603
62.151, 60, 1772.112671
62.151, 60, 1772.557739
62.151, 60, 1773.002686
62.151, 60, 1773.447754
62.151, 60, 1773.892822
62.151, 60, 1774.337891
62.151, 60, 1774.782837
62.151, 60, 1775.227905
62.151, 60, 1775.672974
62.151, 60, 1776.117920
62.151, 60, 1776.562988
62.151, 60, 1777.008057
62.151, 60, 1777.453003
62.151, 60, 1777.898071
62.151, 60, 1778.343140
62.151, 60, 1778.788086
62.151, 60, 1779.233154
62.151, 60, 1779.678223
62.151, 60, 1780.123291
62.151, 60, 1780.568237
62.151, 60, 1781.013306
62.151, 60, 1781.458374
62.151, 60, 1781.903320
62.151, 60, 1782.348389
62.151, 60, 1782.793457
62.151, 60, 1783.238403
62.151, 60, 1783.683472
62.151, 60, 1784.128540
62.151, 60, 1784.573486
62.151, 60, 1785.018555
62.151, 60, 1785.463623
62.151, 60, 1785.908691
62.151, 60, 1786.353638
62.151, 60, 1786.798706
62.151, 60, 1787.243774
62.151, 60, 1787.688721
62.151, 60, 1788.133789
62.151, 60, 1788.578857
62.151, 60, 1789.023804
62.151, 60, 1789.468872
62.151, 60, 1789.913940
62.151, 60, 1790.358887
62.151, 60, 1790.803955
62.151, 60, 1791.249023
62.151, 60, 1791.694092
62.151, 60, 1792.139038
62.151, 60, 1792.584106
62.151, 60, 1793.029175
62.151, 60, 1793.474121
62.151, 60, 1793.919189
62.151, 60, 1794.364258
62.151, 60, 1794.809204
62.151, 60, 1795.254272
62.151, 60, 1795.699341
62.151, 60, 1796.144287
62.151, 60, 1796.589355
62.151, 60, 1797.034424
62.151, 60, 1797.479492
62.151, 60, 1797.924438
62.151, 60, 1798.369507
62.151, 60, 1798.814575
62.151, 60, 1799.259521
62.151, 60, 1799.704590
62.151, 60, 1800.149658
62.151, 60, 1800.594604
62.151, 60, 1801.039673
62.151, 60, 1801.484741
62.151, 60, 1801.929688
62.151, 60, 1802.374756
62.151, 60, 1802.819824
62.151, 60, 1803.264893
62.151, 60, 1803.709839
62.151, 60, 1804.154907
62.151, 60, 1804.599976
62.151, 60, 1805.044922
62.151, 60, 1805.489990
62.151, 60, 1805.935059
62.151, 60, 1806.380005
62.151, 60, 1806.825073
62.151, 60, 1807.270142
62.151, 60, 1807.715088
62.151, 60, 1808.160156
62.151, 60, 1808.605225
62.151, 60, 1809.050293
62.151, 60, 1809.495239
62.151, 60, 1809.940308
62.151, 60, 1810.385376
62.151, 60, 1810.830322
62.151, 60, 1811.275391
62.151, 60, 1811.720459
62.151, 60, 1812.165405
62.151, 60, 1812.610474
62.151, 60, 1813.055542
62.151, 60, 1813.500488
62.151, 60, 1813.945557
62.151, 60, 1814.390625
62.151, 60, 1814.835693
62.151, 60, 1815.280640
62.151, 60, 1815.725708
62.151, 60, 1816.170776
62.151, 60, 1816.615723
62.151, 60, 1817.060791
62.151, 60, 1817.505859
62.151, 60, 1817.950806
62.151, 60, 1818.395874
62.151, 60, 1818.840942
62.151, 60, 1819.285889
62.151, 60, 1819.730957
62.151, 60, 1820.176025
62.151, 60, 1820.621094
62.151, 60, 1821.066040
62.151, 60, 1821.511108
62.151, 60, 1821.956177
62.151, 60, 1822.401123
62.151, 60, 1822.846191
62.151, 60, 1823.291260
62.151, 60, 1823.736206
62.151, 60, 1824.181274
62.151, 60, 1824.626343
62.151, 60, 1825.071289
62.151, 60, 1825.516357
62.151, 60, 1825.961426
62.151, 60, 1826.406494
62.151, 60, 1826.851440
62.151, 60, 1827.296509
62.151, 60, 1827.741577
62.151, 60, 1828.186523
62.151, 60, 1828.631592
62.151, 60, 1829.076660
62.151, 60, 1829.521606
62.151, 60, 1829.966675
62.151, 60, 1830.411743
62.151, 60, 1830.856689
62.151, 60, 1831.301758
62.151, 60, 1831.746826
62.151, 60, 1832.191895
62.151, 60, 1832.636841
62.151, 60, 1833.081909
62.151, 60, 1833.526978
62.151, 60, 1833.971924
62.151, 60, 1834.416992
62.151, 60, 1834.862061
62.151, 60, 1835.307007
62.151, 60, 1835.752075
62.151, 60, 1836.197144
62.151, 60, 1836.642090
62.151, 60, 1837.087158
62.151, 60, 1837.532227
62.151, 60, 1837.977295
62.151, 60, 1838.422241
62.151, 60, 1838.867310
62.151, 60, 1839.312378
62.247, 60, 1839.757324
62.247, 60, 1840.202393
62.247, 60, 1840.647461
62.247, 60, 1841.092407
62.247, 60, 1841.537476
62.247, 60, 1841.982544
62.247, 60, 1842.427490
62.247, 60, 1842.872559
62.247, 60, 1843.317627
62.247, 60, 1843.762695
62.247, 60, 1844.207642
62.247, 60, 1844.652710
62.247, 60, 1845.097778
62.247, 60, 1845.542725
62.247, 60, 1845.987793
62.247, 60, 1846.432861
62.247, 60, 1846.877808
62.247, 60, 1847.322876
62.247, 60, 1847.767944
62.247, 60, 1848.212891
62.247, 60, 1848.657959
62.247, 60, 1849.103027
62.247, 60, 1849.548096
62.247, 60, 1849.993042
62.247, 60, 1850.438110
62.247, 60, 1850.883179
62.247, 60, 1851.328125
62.247, 60, 1851.773193
62.247, 60, 1852.218262
62.247, 60, 1852.663208
62.247, 60, 1853.108276
62.247, 60, 1853.553345
62.247, 60, 1853.998291
62.247, 60, 1854.443359
62.247, 60, 1854.888428
62.247, 60, 1855.333496
62.247, 60, 1855.778442
62.247, 60, 1856.223511
62.247, 60, 1856.668579
62.247, 60, 1857.113525
62.247, 60, 1857.558594
62.247, 60, 1858.003662
62.247, 60, 1858.448608
62.247, 60, 1858.893677
62.247, 60, 1859.338745
62.247, 60, 1859.783691
62.247, 60, 1860.228760
62.247, 60, 1860.673828
62.247, 60, 1861.118896
62.247, 60, 1861.563843
62.247, 60, 1862.008911
62.247, 60, 1862.453979
62.247, 60, 1862.898926
62.247, 60, 1863.343994
62.247, 60, 1863.789062
62.247, 60, 1864.234009
62.247, 60, 1864.679077
62.247, 60, 1865.124146
62.247, 60, 1865.569092
62.247, 60, 1866.014160
62.247, 60, 1866.459229
62.247, 60, 1866.904297
62.247, 60, 1867.349243
62.247, 60, 1867.794312
62.247, 60, 1868.239380
62.247, 60, 1868.684326
62.247, 60, 1869.129395
62.247, 60, 1869.574463
62.247, 60, 1870.019409
62.247, 60, 1870.464478
62.247, 60, 1870.909546
62.247, 60, 1871.354492
62.247, 60, 1871.799561
62.247, 60, 1872.244629
62.247, 60, 1872.689697
62.247, 60, 1873.134644
62.247, 60, 1873.579712
62.247, 60, 1874.024780
62.247, 60, 1874.469727
62.247, 60, 1874.914795
62.247, 60, 1875.359863
62.247, 60, 1875.804810
62.247, 60, 1876.249878
62.247, 60, 1876.694946
62.247, 60, 1877.139893
62.247, 60, 1877.584961
62.247, 60, 1878.030029
62.247, 60, 1878.475098
62.247, 60, 1878.920044
62.247, 60, 1879.365112
62.247, 60, 1879.810181
62.247, 60, 1880.255127
62.247, 60, 1880.700195
62.247, 60, 1881.145264
62.247, 60, 1881.590210
62.247, 60, 1882.035278
62.247, 60, 1882.480347
62.247, 60, 1882.925293
62.247, 60, 1883.370361
62.247, 60, 1883.815430
62.247, 60, 1884.260498
62.247, 60, 1884.705444
62.247, 60, 1885.150513
62.247, 60, 1885.595581
62.247, 60, 1886.040527
62.247, 60, 1886.485596
62.247, 60, 1886.930664
62.247, 60, 1887.375610
62.247, 60, 1887.820679
62.247, 60, 1888.265747
62.247, 60, 1888.710693
62.247, 60, 1889.155762
62.247, 60, 1889.600830
62.247, 60, 1890.045898
62.247, 60, 1890.490845
62.247, 60, 1890.935913
62.247, 60, 1891.380981
62.247, 60, 1891.825928
62.247, 60, 1892.270996
62.247, 60, 1892.716064
62.247, 60, 1893.161011
62.247, 60, 1893.606079
62.247, 60, 1894.051147
62.247, 60, 1894.496094
62.247, 60, 1894.941162
62.247, 60, 1895.386230
62.247, 60, 1895.831299
62.247, 60, 1896.276245
62.247, 60, 1896.721313
62.247, 60, 1897.166382
62.247, 60, 1897.611328
62.247, 60, 1898.056396
62.247, 60, 1898.501465
62.247, 60, 1898.946411
62.247, 60, 1899.391479
62.247, 60, 1899.836548
62.247, 60, 1900.281494
62.247, 60, 1900.726562
62.247, 60, 1901.171631
62.247, 60, 1901.616699
62.247, 60, 1902.061646
62.247, 60, 1902.506714
62.247, 60, 1902.951782
62.247, 60, 1903.396729
62.247, 60, 1903.841797
62.247, 60, 1904.286865
62.247, 60, 1904.731812
62.247, 60, 1905.176880
62.247, 60, 1905.621948
62.247, 60, 1906.066895
62.247, 60, 1906.511963
62.247, 60, 1906.957031
62.247, 60, 1907.402100
62.247, 60, 1907.847046
62.247, 60, 1908.292114
62.247, 60, 1908.737183
62.247, 60, 1909.182129
62.247, 60, 1909.627197
62.247, 60, 1910.072266
62.247, 60, 1910.517212
62.247, 60, 1910.962280
62.247, 60, 1911.407349
62.247, 60, 1911.852295
62.247, 60, 1912.297363
62.247, 60, 1912.742432
62.247, 60, 1913.187500
62.247, 60, 1913.632446
62.247, 60, 1914.077515
62.247, 60, 1914.522583
62.247, 60, 1914.967529
62.247, 60, 1915.412598
62.247, 60, 1915.857666
62.247, 60, 1916.302612
62.247, 60, 1916.747681
62.247, 60, 1917.192749
62.342, 60, 1917.637695
62.342, 60, 1918.082764
62.342, 60, 1918.527832
62.342, 60, 1918.972900
62.342, 60, 1919.417847
62.342, 60, 1919.862915
62.342, 60, 1920.307983
62.342, 60, 1920.752930
62.342, 60, 1921.197998
62.342, 60, 1921.643066
62.342, 60, 1922.088013
62.342, 60, 1922.533081
62.342, 60, 1922.978149
62.342, 60, 1923.423096
62.342, 60, 1923.868164
62.342, 60, 1924.313232
62.342, 60, 1924.758301
62.342, 60, 1925.203247
62.342, 60, 1925.648315
62.342, 60, 1926.093384
62.342, 60, 1926.538330
62.342, 60, 1926.983398
62.342, 60, 1927.428467
62.342, 60, 1927.873413
62.342, 60, 1928.318481
62.342, 60, 1928.763550
62.342, 60, 1929.208496
62.342, 60, 1929.653564
62.342, 60, 1930.098633
62.342, 60, 1930.543701
62.342, 60, 1930.988647
62.342, 60, 1931.433716
62.342, 60, 1931.878784
62.342, 60, 1932.323730
62.247, 60, 1932.768799
62.247, 60, 1933.213867
62.247, 60, 1933.658813
62.247, 60, 1934.103882
62.247, 60, 1934.548950
62.247, 60, 1934.993896
62.247, 60, 1935.438965
62.247, 60, 1935.884033
62.247, 60, 1936.329102
62.247, 60, 1936.774048
62.247, 60, 1937.219116
62.247, 60, 1937.664185
62.247, 60, 1938.109131
62.247, 60, 1938.554199
62.247, 60, 1938.999268
62.247, 60, 1939.444214
62.247, 60, 1939.889282
62.247, 60, 1940.334351
62.247, 60, 1940.779297
62.247, 60, 1941.224365
62.247, 60, 1941.669434
62.247, 60, 1942.114502
62.247, 60, 1942.559448
62.247, 60, 1943.004517
62.247, 60, 1943.449585
62.247, 60, 1943.894531
62.247, 60, 1944.339600
62.247, 60, 1944.784668
62.247, 60, 1945.229614
62.247, 60, 1945.674683
62.247, 60, 1946.119751
62.247, 60, 1946.564697
62.247, 60, 1947.009766
62.247, 60, 1947.454834
61.961, 60, 1947.899902
61.961, 60, 1948.344849
61.961, 60, 1948.789917
61.961, 60, 1949.234985
61.961, 60, 1949.679932
61.961, 60, 1950.125000
61.961, 60, 1950.570068
61.961, 60, 1951.015015
61.961, 60, 1951.460083
61.961, 60, 1951.905151
61.961, 60, 1952.350098
61.961, 60, 1952.795166
61.961, 60, 1953.240234
61.961, 60, 1953.685303
61.961, 60, 1954.130249
61.961, 60, 1954.575317
61.961, 60, 1955.020386
61.961, 60, 1955.465332
61.961, 60, 1955.910400
61.961, 60, 1956.355469
61.961, 60, 1956.800415
61.961, 60, 1957.245483
61.961, 60, 1957.690552
61.961, 60, 1958.135498
61.961, 60, 1958.580566
61.961, 60, 1959.025635
61.961, 60, 1959.470703
61.961, 60, 1959.915649
61.961, 60, 1960.360718
61.961, 60, 1960.805786
61.961, 60, 1961.250732
61.961, 60, 1961.695801
61.961, 60, 1962.140869
61.961, 60, 1962.585815
61.866, 60, 1963.030884
61.866, 60, 1963.475952
61.866, 60, 1963.920898
61.866, 60, 1964.365967
61.866, 60, 1964.811035
61.866, 60, 1965.256104
61.866, 60, 1965.701050
61.866, 60, 1966.146118
61.866, 60, 1966.591187
61.866, 60, 1967.036133
61.866, 60, 1967.481201
61.866, 60, 1967.926270
61.866, 60, 1968.371216
61.866, 60, 1968.816284
61.866, 60, 1969.261353
61.866, 60, 1969.706299
61.866, 60, 1970.151367
61.866, 60, 1970.596436
61.866, 60, 1971.041504
61.866, 60, 1971.486450
61.866, 60, 1971.931519
61.866, 60, 1972.376587
61.866, 60, 1972.821533
61.866, 60, 1973.266602
61.866, 60, 1973.711670
61.866, 60, 1974.156616
61.866, 60, 1974.601685
61.866, 60, 1975.046753
61.866, 60, 1975.491699
61.866, 60, 1975.936768
61.866, 60, 1976.381836
61.866, 60, 1976.826904
61.866, 60, 1977.271851
61.866, 60, 1977.716919
61.866, 60, 1978.161987
61.884, 60, 1978.606934
61.884, 60, 1979.052002
61.884, 60, 1979.497070
61.884, 60, 1979.942017
61.884, 60, 1980.387085
61.884, 60, 1980.832153
61.884, 60, 1981.277100
61.884, 60, 1981.722168
61.884, 60, 1982.167236
61.884, 60, 1982.612305
61.884, 60, 1983.057251
61.884, 60, 1983.502319
61.884, 60, 1983.947388
61.884, 60, 1984.392334
61.884, 60, 1984.837402
61.884, 60, 1985.282471
61.884, 60, 1985.727417
61.884, 60, 1986.172485
61.884, 60, 1986.617554
61.884, 60, 1987.062500
61.884, 60, 1987.507568
61.884, 60, 1987.952637
61.884, 60, 1988.397705
61.884, 60, 1988.842651
61.884, 60, 1989.287720
61.884, 60, 1989.732788
61.884, 60, 1990.177734
61.884, 60, 1990.622803
61.884, 60, 1991.067871
61.884, 60, 1991.512817
61.884, 60, 1991.957886
61.884, 60, 1992.402954
61.884, 60, 1992.847900
61.884, 60, 1993.292969
61.884, 60, 1993.738037
61.884, 60, 1994.183105
61.884, 60, 1994.628052
61.884, 60, 1995.073120
61.884, 60, 1995.518188
61.884, 60, 1995.963135
61.884, 60, 1996.408203
61.884, 60, 1996.853271
61.884, 60, 1997.298218
61.884, 60, 1997.743286
61.884, 60, 1998.188354
61.884, 60, 1998.633301
61.884, 60, 1999.078369
61.884, 60, 1999.523438
61.884, 60, 1999.968506
61.884, 60, 2000.413452
61.884, 60, 2000.858521
61.884, 60, 2001.303589
61.884, 60, 2001.748535
61.884, 60, 2002.193604
61.884, 60, 2002.638672
61.884, 60, 2003.083618
61.884, 60, 2003.528687
61.884, 60, 2003.973755
61.884, 60, 2004.418701
61.884, 60, 2004.863770
61.884, 60, 2005.308838
61.884, 60, 2005.753906
61.884, 60, 2006.198853
61.884, 60, 2006.643921
61.884, 60, 2007.088989
61.884, 60, 2007.533936
61.884, 60, 2007.979004
61.884, 60, 2008.424072
61.884, 60, 2008.869019
61.884, 60, 2009.314087
61.884, 60, 2009.759155
61.884, 60, 2010.204102
61.884, 60, 2010.649170
61.884, 60, 2011.094238
61.884, 60, 2011.539307
61.884, 60, 2011.984253
61.884, 60, 2012.429321
61.884, 60, 2012.874390
61.884, 60, 2013.319336
61.884, 60, 2013.764404
61.884, 60, 2014.209473
61.884, 60, 2014.654419
61.884, 60, 2015.099487
61.884, 60, 2015.544556
61.884, 60, 2015.989502
61.884, 60, 2016.434570
61.884, 60, 2016.879639
61.884, 60, 2017.324707
61.884, 60, 2017.769653
61.884, 60, 2018.214722
61.884, 60, 2018.659790
61.884, 60, 2019.104736
61.884, 60, 2019.549805
61.884, 60, 2019.994873
61.884, 60, 2020.439819
61.884, 60, 2020.884888
61.884, 60, 2021.329956
61.884, 60, 2021.774902
61.884, 60, 2022.219971
61.884, 60, 2022.665039
61.884, 60, 2023.110107
61.884, 60, 2023.555054
61.884, 60, 2024.000122
61.884, 60, 2024.445190
61.884, 60, 2024.890137
61.884, 60, 2025.335205
61.884, 60, 2025.780273
61.884, 60, 2026.225220
61.884, 60, 2026.670288
61.884, 60, 2027.115356
61.884, 60, 2027.560303
61.884, 60, 2028.005371
61.884, 60, 2028.450439
61.884, 60, 2028.895508
61.884, 60, 2029.340454
61.884, 60, 2029.785522
61.884, 60, 2030.230591
61.884, 60, 2030.675537
61.884, 60, 2031.120605
61.884, 60, 2031.565674
61.884, 60, 2032.010620
61.884, 60, 2032.455688
61.884, 60, 2032.900757
61.884, 60, 2033.345703
61.884, 60, 2033.790771
61.884, 60, 2034.235840
61.884, 60, 2034.680908
61.884, 60, 2035.125854
61.884, 60, 2035.570923
61.884, 60, 2036.015991
61.884, 60, 2036.460938
61.884, 60, 2036.906006
61.884, 60, 2037.351074
61.884, 60, 2037.796021
61.884, 60, 2038.241089
61.884, 60, 2038.686157
61.884, 60, 2039.131104
61.884, 60, 2039.576172
61.884, 60, 2040.021240
61.884, 60, 2040.466309
61.884, 60, 2040.911255
61.884, 60, 2041.356323
61.884, 60, 2041.801392
61.884, 60, 2042.246338
61.884, 60, 2042.691406
61.884, 60, 2043.136475
61.884, 60, 2043.581421
61.884, 60, 2044.026489
61.884, 60, 2044.471558
61.884, 60, 2044.916504
61.884, 60, 2045.361572
61.884, 60, 2045.806641
61.884, 60, 2046.251709
61.884, 60, 2046.696655
61.884, 60, 2047.141724
61.884, 60, 2047.586792
61.884, 60, 2048.031738
61.884, 60, 2048.476807
61.884, 60, 2048.921875
61.884, 60, 2049.366943
61.884, 60, 2049.812012
61.884, 60, 2050.256836
61.884, 60, 2050.701904
61.884, 60, 2051.146973
61.884, 60, 2051.592041
61.884, 60, 2052.037109
61.884, 60, 2052.482178
61.884, 60, 2052.927002
61.884, 60, 2053.372070
61.884, 60, 2053.817139
61.884, 60, 2054.262207
61.884, 60, 2054.707275
61.884, 60, 2055.152344
61.884, 60, 2055.597412
61.884, 60, 2056.042236
61.884, 60, 2056.487305
61.884, 60, 2056.932373
61.884, 60, 2057.377441
61.884, 60, 2057.822510
61.884, 60, 2058.267578
61.884, 60, 2058.712402
61.884, 60, 2059.157471
61.884, 60, 2059.602539
61.884, 60, 2060.047607
61.884, 60, 2060.492676
61.884, 60, 2060.937744
61.884, 60, 2061.382812
61.884, 60, 2061.827637
61.884, 60, 2062.272705
61.884, 60, 2062.717773
61.884, 60, 2063.162842
61.884, 60, 2063.607910
61.884, 60, 2064.052979
61.884, 60, 2064.497803
61.884, 60, 2064.942871
61.884, 60, 2065.387939
61.884, 60, 2065.833008
61.884, 60, 2066.278076
61.884, 60, 2066.723145
61.884, 60, 2067.168213
61.884, 60, 2067.613037
61.884, 60, 2068.058105
61.884, 60, 2068.503174
61.884, 60, 2068.948242
61.884, 60, 2069.393311
61.884, 60, 2069.838379
61.884, 60, 2070.283203
61.884, 60, 2070.728271
61.884, 60, 2071.173340
61.884, 60, 2071.618408
61.884, 60, 2072.063477
61.884, 60, 2072.508545
61.884, 60, 2072.953613
61.884, 60, 2073.398438
61.884, 60, 2073.843506
61.884, 60, 2074.288574
61.884, 60, 2074.733643
61.884, 60, 2075.178711
61.884, 60, 2075.623779
61.884, 60, 2076.068604
61.884, 60, 2076.513672
61.884, 60, 2076.958740
61.884, 60, 2077.403809
61.884, 60, 2077.848877
61.884, 60, 2078.293945
61.884, 60, 2078.739014
61.884, 60, 2079.183838
61.884, 60, 2079.628906
61.884, 60, 2080.073975
61.884, 60, 2080.519043
61.884, 60, 2080.964111
61.884, 60, 2081.409180
61.884, 60, 2081.854004
61.884, 60, 2082.299072
61.884, 60, 2082.744141
61.884, 60, 2083.189209
61.884, 60, 2083.634277
61.884, 60, 2084.079346
61.884, 60, 2084.524414
61.884, 60, 2084.969238
61.884, 60, 2085.414307
61.884, 60, 2085.859375
61.884, 60, 2086.304443
61.884, 60, 2086.749512
61.979, 60, 2087.194580
61.979, 60, 2087.639404
61.979, 60, 2088.084473
61.979, 60, 2088.529541
61.979, 60, 2088.974609
61.979, 60, 2089.419678
61.979, 60, 2089.864746
61.979, 60, 2090.309814
61.979, 60, 2090.754639
61.979, 60, 2091.199707
61.979, 60, 2091.644775
61.979, 60, 2092.089844
61.979, 60, 2092.534912
61.979, 60, 2092.979980
61.979, 60, 2093.424805
61.979, 60, 2093.869873
61.979, 60, 2094.314941
61.979, 60, 2094.760010
61.979, 60, 2095.205078
61.979, 60, 2095.650146
61.979, 60, 2096.095215
61.979, 60, 2096.540039
61.979, 60, 2096.985107
61.979, 60, 2097.430176
61.979, 60, 2097.875244
61.979, 60, 2098.320312
61.979, 60, 2098.765381
61.979, 60, 2099.210205
61.979, 60, 2099.655273
61.979, 60, 2100.100342
61.979, 60, 2100.545410
61.979, 60, 2100.990479
61.979, 60, 2101.435547
61.979, 60, 2101.880615
61.979, 60, 2102.325439
61.979, 60, 2102.770508
61.979, 60, 2103.215576
61.979, 60, 2103.660645
61.979, 60, 2104.105713
61.979, 60, 2104.550781
61.979, 60, 2104.995605
61.979, 60, 2105.440674
61.979, 60, 2105.885742
61.979, 60, 2106.330811
61.979, 60, 2106.775879
61.979, 60, 2107.220947
61.979, 60, 2107.666016
61.979, 60, 2108.110840
61.979, 60, 2108.555908
61.979, 60, 2109.000977
61.979, 60, 2109.446045
61.979, 60, 2109.891113
61.979, 60, 2110.336182
61.979, 60, 2110.781006
61.979, 60, 2111.226074
61.979, 60, 2111.671143
61.979, 60, 2112.116211
61.979, 60, 2112.561279
61.979, 60, 2113.006348
61.979, 60, 2113.451416
61.979, 60, 2113.896240
61.979, 60, 2114.341309
61.979, 60, 2114.786377
61.979, 60, 2115.231445
61.979, 60, 2115.676514
61.979, 60, 2116.121582
61.979, 60, 2116.566406
61.979, 60, 2117.011475
61.979, 60, 2117.456543
61.884, 60, 2117.901611
61.884, 60, 2118.346680
61.884, 60, 2118.791748
61.884, 60, 2119.236816
61.884, 60, 2119.681641
61.884, 60, 2120.126709
61.884, 60, 2120.571777
61.884, 60, 2121.016846
61.884, 60, 2121.461914
61.884, 60, 2121.906982
61.884, 60, 2122.351807
61.884, 60, 2122.796875
61.884, 60, 2123.241943
61.884, 60, 2123.687012
61.884, 60, 2124.132080
61.884, 60, 2124.577148
61.884, 60, 2125.022217
61.884, 60, 2125.467041
61.884, 60, 2125.912109
61.884, 60, 2126.357178
61.884, 60, 2126.802246
61.884, 60, 2127.247314
61.884, 60, 2127.692383
61.884, 60, 2128.137207
61.884, 60, 2128.582275
61.884, 60, 2129.027344
61.884, 60, 2129.472412
61.884, 60, 2129.917480
61.884, 60, 2130.362549
61.884, 60, 2130.807617
61.884, 60, 2131.252441
61.884, 60, 2131.697510
61.884, 60, 2132.142578
61.884, 60, 2132.587646
61.884, 60, 2133.032715
61.884, 60, 2133.477783
61.884, 60, 2133.922607
61.884, 60, 2134.367676
61.884, 60, 2134.812744
61.884, 60, 2135.257812
61.884, 60, 2135.702881
61.884, 60, 2136.147949
61.884, 60, 2136.593018
61.884, 60, 2137.037842
61.884, 60, 2137.482910
61.884, 60, 2137.927979
61.884, 60, 2138.373047
61.884, 60, 2138.818115
61.884, 60, 2139.263184
61.884, 60, 2139.708008
61.884, 60, 2140.153076
61.884, 60, 2140.598145
61.884, 60, 2141.043213
61.884, 60, 2141.488281
61.884, 60, 2141.933350
61.884, 60, 2142.378418
61.884, 60, 2142.823242
61.884, 60, 2143.268311
61.884, 60, 2143.713379
61.884, 60, 2144.158447
61.884, 60, 2144.603516
61.884, 60, 2145.048584
61.884, 60, 2145.493408
61.884, 60, 2145.938477
61.884, 60, 2146.383545
61.884, 60, 2146.828613
61.884, 60, 2147.273682
61.884, 60, 2147.718750
61.884, 60, 2148.163818
61.884, 60, 2148.608643
61.884, 60, 2149.053711
61.884, 60, 2149.498779
61.884, 60, 2149.943848
61.884, 60, 2150.388916
61.884, 60, 2150.833984
61.884, 60, 2151.278809
61.884, 60, 2151.723877
61.884, 60, 2152.168945
61.884, 60, 2152.614014
61.884, 60, 2153.059082
61.884, 60, 2153.504150
61.884, 60, 2153.949219
61.884, 60, 2154.394043
61.884, 60, 2154.839111
61.884, 60, 2155.284180
61.884, 60, 2155.729248
61.884, 60, 2156.174316
61.884, 60, 2156.619385
61.884, 60, 2157.064209
61.884, 60, 2157.509277
61.884, 60, 2157.954346
61.884, 60, 2158.399414
61.884, 60, 2158.844482
61.884, 60, 2159.289551
61.884, 60, 2159.734619
61.884, 60, 2160.179443
61.884, 60, 2160.624512
61.884, 60, 2161.069580
61.884, 60, 2161.514648
61.884, 60, 2161.959717
61.884, 60, 2162.404785
61.961, 60, 2162.849609
61.961, 60, 2163.294678
61.961, 60, 2163.739746
61.961, 60, 2164.184814
61.961, 60, 2164.629883
61.961, 60, 2165.074951
61.961, 60, 2165.520020
61.961, 60, 2165.964844
61.961, 60, 2166.409912
61.961, 60, 2166.854980
61.961, 60, 2167.300049
61.961, 60, 2167.745117
61.961, 60, 2168.190186
61.961, 60, 2168.635010
61.961, 60, 2169.080078
61.961, 60, 2169.525146
61.961, 60, 2169.970215
61.961, 60, 2170.415283
61.961, 60, 2170.860352
61.961, 60, 2171.305420
61.961, 60, 2171.750244
61.961, 60, 2172.195312
61.961, 60, 2172.640381
61.961, 60, 2173.085449
61.961, 60, 2173.530518
61.961, 60, 2173.975586
61.961, 60, 2174.420410
61.961, 60, 2174.865479
61.961, 60, 2175.310547
61.961, 60, 2175.755615
61.961, 60, 2176.200684
61.961, 60, 2176.645752
61.961, 60, 2177.090820
61.961, 60, 2177.535645
61.961, 60, 2177.980713
61.961, 60, 2178.425781
61.961, 60, 2178.870850
61.961, 60, 2179.315918
61.961, 60, 2179.760986
61.961, 60, 2180.205811
61.961, 60, 2180.650879
61.961, 60, 2181.095947
61.961, 60, 2181.541016
61.961, 60, 2181.986084
61.961, 60, 2182.431152
61.961, 60, 2182.876221
61.961, 60, 2183.321045
61.961, 60, 2183.766113
61.961, 60, 2184.211182
61.961, 60, 2184.656250
61.961, 60, 2185.101318
61.961, 60, 2185.546387
61.961, 60, 2185.991211
61.961, 60, 2186.436279
61.961, 60, 2186.881348
61.961, 60, 2187.326416
61.961, 60, 2187.771484
61.961, 60, 2188.216553
61.961, 60, 2188.661621
61.961, 60, 2189.106445
61.961, 60, 2189.551514
61.961, 60, 2189.996582
61.961, 60, 2190.441650
61.961, 60, 2190.886719
61.961, 60, 2191.331787
61.961, 60, 2191.776611
61.961, 60, 2192.221680
61.961, 60, 2192.666748
61.961, 60, 2193.111816
61.961, 60, 2193.556885
61.961, 60, 2194.001953
61.961, 60, 2194.447021
61.961, 60, 2194.891846
61.961, 60, 2195.336914
61.961, 60, 2195.781982
61.961, 60, 2196.227051
61.961, 60, 2196.672119
61.961, 60, 2197.117188
61.961, 60, 2197.562012
61.961, 60, 2198.007080
61.961, 60, 2198.452148
61.961, 60, 2198.897217
61.961, 60, 2199.342285
61.961, 60, 2199.787354
61.961, 60, 2200.232422
61.961, 60, 2200.677246
61.961, 60, 2201.122314
61.961, 60, 2201.567383
61.961, 60, 2202.012451
61.961, 60, 2202.457520
61.961, 60, 2202.902588
61.961, 60, 2203.347412
61.961, 60, 2203.792480
61.961, 60, 2204.237549
61.961, 60, 2204.682617
61.961, 60, 2205.127686
61.961, 60, 2205.572754
61.961, 60, 2206.017822
61.961, 60, 2206.462646
61.961, 60, 2206.907715
61.961, 60, 2207.352783
61.961, 60, 2207.797852
61.961, 60, 2208.242920
61.961, 60, 2208.687988
61.961, 60, 2209.132812
61.961, 60, 2209.577881
61.961, 60, 2210.022949
61.961, 60, 2210.468018
61.961, 60, 2210.913086
61.961, 60, 2211.358154
61.961, 60, 2211.803223
61.961, 60, 2212.248047
61.961, 60, 2212.693115
61.961, 60, 2213.138184
61.961, 60, 2213.583252
61.961, 60, 2214.028320
61.961, 60, 2214.473389
61.961, 60, 2214.918213
61.961, 60, 2215.363281
61.961, 60, 2215.808350
61.961, 60, 2216.253418
61.961, 60, 2216.698486
61.961, 60, 2217.143555
61.961, 60, 2217.588623
61.961, 60, 2218.033447
61.961, 60, 2218.478516
61.961, 60, 2218.923584
61.961, 60, 2219.368652
61.961, 60, 2219.813721
61.961, 60, 2220.258789
61.961, 60, 2220.703613
61.961, 60, 2221.148682
61.961, 60, 2221.593750
61.961, 60, 2222.038818
61.961, 60, 2222.483887
61.961, 60, 2222.928955
61.961, 60, 2223.374023
61.961, 60, 2223.818848
61.961, 60, 2224.263916
61.961, 60, 2224.708984
62.151, 60, 2225.154053
62.151, 60, 2225.599121
62.151, 60, 2226.044189
62.151, 60, 2226.489014
62.151, 60, 2226.934082
62.151, 60, 2227.379150
62.151, 60, 2227.824219
62.151, 60, 2228.269287
62.151, 60, 2228.714355
62.151, 60, 2229.159424
62.151, 60, 2229.604248
62.151, 60, 2230.049316
62.151, 60, 2230.494385
62.151, 60, 2230.939453
62.151, 60, 2231.384521
62.151, 60, 2231.829590
62.151, 60, 2232.274414
62.151, 60, 2232.719482
62.151, 60, 2233.164551
62.151, 60, 2233.609619
62.151, 60, 2234.054688
62.151, 60, 2234.499756
62.151, 60, 2234.944824
62.151, 60, 2235.389648
62.151, 60, 2235.834717
62.151, 60, 2236.279785
62.151, 60, 2236.724854
62.151, 60, 2237.169922
62.151, 60, 2237.614990
62.151, 60, 2238.059814
62.151, 60, 2238.504883
62.151, 60, 2238.949951
62.151, 60, 2239.395020
62.151, 60, 2239.840088
62.151, 60, 2240.285156
62.151, 60, 2240.730225
62.151, 60, 2241.175049
62.151, 60, 2241.620117
62.151, 60, 2242.065186
62.151, 60, 2242.510254
62.151, 60, 2242.955322
62.151, 60, 2243.400391
62.151, 60, 2243.845215
62.151, 60, 2244.290283
62.151, 60, 2244.735352
62.151, 60, 2245.180420
62.151, 60, 2245.625488
62.151, 60, 2246.070557
62.151, 60, 2246.515625
62.151, 60, 2246.960449
62.151, 60, 2247.405518
62.151, 60, 2247.850586
62.151, 60, 2248.295654
62.151, 60, 2248.740723
62.151, 60, 2249.185791
62.151, 60, 2249.630615
62.151, 60, 2250.075684
62.151, 60, 2250.520752
62.151, 60, 2250.965820
62.151, 60, 2251.410889
62.151, 60, 2251.855957
62.151, 60, 2252.301025
62.151, 60, 2252.745850
62.151, 60, 2253.190918
62.151, 60, 2253.635986
62.151, 60, 2254.081055
62.151, 60, 2254.526123
62.151, 60, 2254.971191
62.151, 60, 2255.416016
62.151, 60, 2255.861084
62.247, 60, 2256.306152
62.247, 60, 2256.751221
62.247, 60, 2257.196289
62.247, 60, 2257.641357
62.247, 60, 2258.086426
62.247, 60, 2258.531250
62.247, 60, 2258.976318
62.247, 60, 2259.421387
62.247, 60, 2259.866455
62.247, 60, 2260.311523
62.247, 60, 2260.756592
62.247, 60, 2261.201416
62.247, 60, 2261.646484
62.247, 60, 2262.091553
62.247, 60, 2262.536621
62.247, 60, 2262.981689
62.247, 60, 2263.426758
62.247, 60, 2263.871826
62.247, 60, 2264.316650
62.247, 60, 2264.761719
62.247, 60, 2265.206787
62.247, 60, 2265.651855
62.247, 60, 2266.096924
62.247, 60, 2266.541992
62.247, 60, 2266.986816
62.247, 60, 2267.431885
62.247, 60, 2267.876953
62.247, 60, 2268.322021
62.247, 60, 2268.767090
62.247, 60, 2269.212158
62.247, 60, 2269.657227
62.247, 60, 2270.102051
62.247, 60, 2270.547119
62.247, 60, 2270.992188
62.151, 60, 2271.437256
62.151, 60, 2271.882324
62.151, 60, 2272.327393
62.151, 60, 2272.772217
62.151, 60, 2273.217285
62.151, 60, 2273.662354
62.151, 60, 2274.107422
62.151, 60, 2274.552490
62.151, 60, 2274.997559
62.151, 60, 2275.442627
62.151, 60, 2275.887451
62.151, 60, 2276.332520
62.151, 60, 2276.777588
62.151, 60, 2277.222656
62.151, 60, 2277.667725
62.151, 60, 2278.112793
62.151, 60, 2278.557617
62.151, 60, 2279.002686
62.151, 60, 2279.447754
62.151, 60, 2279.892822
62.151, 60, 2280.337891
62.151, 60, 2280.782959
62.151, 60, 2281.228027
62.151, 60, 2281.672852
62.151, 60, 2282.117920
62.151, 60, 2282.562988
62.151, 60, 2283.008057
62.151, 60, 2283.453125
62.151, 60, 2283.898193
62.151, 60, 2284.343262
62.151, 60, 2284.788086
62.151, 60, 2285.233154
62.151, 60, 2285.678223
62.151, 60, 2286.123291
62.151, 60, 2286.568359
62.151, 60, 2287.013428
62.151, 60, 2287.458252
62.151, 60, 2287.903320
62.151, 60, 2288.348389
62.151, 60, 2288.793457
62.151, 60, 2289.238525
62.151, 60, 2289.683594
62.151, 60, 2290.128662
62.151, 60, 2290.573486
62.151, 60, 2291.018555
62.151, 60, 2291.463623
62.151, 60, 2291.908691
62.151, 60, 2292.353760
62.151, 60, 2292.798828
62.151, 60, 2293.243652
62.151, 60, 2293.688721
62.151, 60, 2294.133789
62.151, 60, 2294.578857
62.151, 60, 2295.023926
62.151, 60, 2295.468994
62.151, 60, 2295.914062
62.151, 60, 2296.358887
62.151, 60, 2296.803955
62.151, 60, 2297.249023
62.151, 60, 2297.694092
62.151, 60, 2298.139160
62.151, 60, 2298.584229
62.151, 60, 2299.029053
62.151, 60, 2299.474121
62.151, 60, 2299.919189
62.151, 60, 2300.364258
62.151, 60, 2300.809326
62.151, 60, 2301.254395
62.151, 60, 2301.699463
62.151, 60, 2302.144287
61.979, 60, 2302.589355
61.979, 60, 2303.034424
61.979, 60, 2303.479492
61.979, 60, 2303.924561
61.979, 60, 2304.369629
61.979, 60, 2304.814453
61.979, 60, 2305.259521
61.979, 60, 2305.704590
61.979, 60, 2306.149658
61.979, 60, 2306.594727
61.979, 60, 2307.039795
61.979, 60, 2307.484863
61.979, 60, 2307.929688
61.979, 60, 2308.374756
61.979, 60, 2308.819824
61.979, 60, 2309.264893
61.979, 60, 2309.709961
61.979, 60, 2310.155029
61.979, 60, 2310.599854
61.979, 60, 2311.044922
61.979, 60, 2311.489990
61.979, 60, 2311.935059
61.979, 60, 2312.380127
61.979, 60, 2312.825195
61.979, 60, 2313.270264
61.979, 60, 2313.715088
61.979, 60, 2314.160156
61.979, 60, 2314.605225
61.979, 60, 2315.050293
61.979, 60, 2315.495361
61.979, 60, 2315.940430
61.979, 60, 2316.385254
61.979, 60, 2316.830322
61.979, 60, 2317.275391
61.979, 60, 2317.720459
61.961, 60, 2318.165527
61.961, 60, 2318.610596
61.961, 60, 2319.055664
61.961, 60, 2319.500488
61.961, 60, 2319.945557
61.961, 60, 2320.390625
61.961, 60, 2320.835693
61.961, 60, 2321.280762
61.961, 60, 2321.725830
61.961, 60, 2322.170654
61.961, 60, 2322.615723
61.961, 60, 2323.060791
61.961, 60, 2323.505859
61.961, 60, 2323.950928
61.961, 60, 2324.395996
61.961, 60, 2324.841064
61.961, 60, 2325.285889
61.961, 60, 2325.730957
61.961, 60, 2326.176025
61.961, 60, 2326.621094
61.961, 60, 2327.066162
61.961, 60, 2327.511230
61.961, 60, 2327.956055
61.961, 60, 2328.401123
61.961, 60, 2328.846191
61.961, 60, 2329.291260
61.961, 60, 2329.736328
61.961, 60, 2330.181396
61.961, 60, 2330.626465
61.961, 60, 2331.071289
61.961, 60, 2331.516357
61.961, 60, 2331.961426
61.961, 60, 2332.406494
61.961, 60, 2332.851562
61.961, 60, 2333.296631
61.961, 60, 2333.741455
61.961, 60, 2334.186523
61.961, 60, 2334.631592
61.961, 60, 2335.076660
61.961, 60, 2335.521729
61.961, 60, 2335.966797
61.961, 60, 2336.411865
61.961, 60, 2336.856689
61.961, 60, 2337.301758
61.961, 60, 2337.746826
61.961, 60, 2338.191895
61.961, 60, 2338.636963
61.961, 60, 2339.082031
61.961, 60, 2339.526855
61.961, 60, 2339.971924
61.961, 60, 2340.416992
61.961, 60, 2340.862061
61.961, 60, 2341.307129
61.961, 60, 2341.752197
61.961, 60, 2342.197266
61.961, 60, 2342.642090
61.961, 60, 2343.087158
61.961, 60, 2343.532227
61.961, 60, 2343.977295
61.961, 60, 2344.422363
61.961, 60, 2344.867432
61.961, 60, 2345.312256
61.961, 60, 2345.757324
61.961, 60, 2346.202393
61.961, 60, 2346.647461
61.961, 60, 2347.092529
61.961, 60, 2347.537598
61.961, 60, 2347.982666
61.961, 60, 2348.427490
62.169, 60, 2348.872559
62.169, 60, 2349.317627
62.169, 60, 2349.762695
62.169, 60, 2350.207764
62.169, 60, 2350.652832
62.169, 60, 2351.097656
62.169, 60, 2351.542725
62.169, 60, 2351.987793
62.169, 60, 2352.432861
62.169, 60, 2352.877930
62.169, 60, 2353.322998
62.169, 60, 2353.768066
62.169, 60, 2354.212891
62.169, 60, 2354.657959
62.169, 60, 2355.103027
62.169, 60, 2355.548096
62.169, 60, 2355.993164
62.169, 60, 2356.438232
62.169, 60, 2356.883057
62.169, 60, 2357.328125
62.169, 60, 2357.773193
62.169, 60, 2358.218262
62.169, 60, 2358.663330
62.169, 60, 2359.108398
62.169, 60, 2359.553467
62.169, 60, 2359.998291
62.169, 60, 2360.443359
62.169, 60, 2360.888428
62.169, 60, 2361.333496
62.169, 60, 2361.778564
62.169, 60, 2362.223633
62.169, 60, 2362.668457
62.169, 60, 2363.113525
62.169, 60, 2363.558594
62.169, 60, 2364.003662
61.979, 60, 2364.448730
61.979, 60, 2364.893799
61.979, 60, 2365.338867
61.979, 60, 2365.783691
61.979, 60, 2366.228760
61.979, 60, 2366.673828
61.979, 60, 2367.118896
61.979, 60, 2367.563965
61.979, 60, 2368.009033
61.979, 60, 2368.453857
61.979, 60, 2368.898926
61.979, 60, 2369.343994
61.979, 60, 2369.789062
61.979, 60, 2370.234131
61.979, 60, 2370.679199
61.979, 60, 2371.124268
61.979, 60, 2371.569092
61.979, 60, 2372.014160
61.979, 60, 2372.459229
61.979, 60, 2372.904297
61.979, 60, 2373.349365
61.979, 60, 2373.794434
61.979, 60, 2374.239258
61.979, 60, 2374.684326
61.979, 60, 2375.129395
61.979, 60, 2375.574463
61.979, 60, 2376.019531
61.979, 60, 2376.464600
61.979, 60, 2376.909668
61.979, 60, 2377.354492
61.979, 60, 2377.799561
61.979, 60, 2378.244629
61.979, 60, 2378.689697
61.979, 60, 2379.134766
61.979, 60, 2379.579834
61.979, 60, 2380.024658
61.979, 60, 2380.469727
61.979, 60, 2380.914795
61.979, 60, 2381.359863
61.979, 60, 2381.804932
61.979, 60, 2382.250000
61.979, 60, 2382.695068
61.979, 60, 2383.139893
61.979, 60, 2383.584961
61.979, 60, 2384.030029
61.979, 60, 2384.475098
61.979, 60, 2384.920166
61.979, 60, 2385.365234
61.979, 60, 2385.810059
61.979, 60, 2386.255127
61.979, 60, 2386.700195
61.979, 60, 2387.145264
61.979, 60, 2387.590332
61.979, 60, 2388.035400
61.979, 60, 2388.480469
61.979, 60, 2388.925293
61.979, 60, 2389.370361
61.979, 60, 2389.815430
61.979, 60, 2390.260498
61.979, 60, 2390.705566
61.979, 60, 2391.150635
61.979, 60, 2391.595459
61.979, 60, 2392.040527
61.979, 60, 2392.485596
61.979, 60, 2392.930664
61.979, 60, 2393.375732
61.979, 60, 2393.820801
61.979, 60, 2394.265869
62.169, 60, 2394.710693
62.169, 60, 2395.155762
62.169, 60, 2395.600830
62.169, 60, 2396.045898
62.169, 60, 2396.490967
62.169, 60, 2396.936035
62.169, 60, 2397.380859
62.169, 60, 2397.825928
62.169, 60, 2398.270996
62.169, 60, 2398.716064
62.169, 60, 2399.161133
62.169, 60, 2399.606201
62.169, 60, 2400.051270
62.169, 60, 2400.496094
62.169, 60, 2400.941162
62.169, 60, 2401.386230
62.169, 60, 2401.831299
62.169, 60, 2402.276367
62.169, 60, 2402.721436
62.169, 60, 2403.166260
62.169, 60, 2403.611328
62.169, 60, 2404.056396
62.169, 60, 2404.501465
62.169, 60, 2404.946533
62.169, 60, 2405.391602
62.169, 60, 2405.836670
62.169, 60, 2406.281494
62.169, 60, 2406.726562
62.169, 60, 2407.171631
62.169, 60, 2407.616699
62.169, 60, 2408.061768
62.169, 60, 2408.506836
62.169, 60, 2408.951660
62.169, 60, 2409.396729
62.169, 60, 2409.841797
62.169, 60, 2410.286865
62.169, 60, 2410.731934
62.169, 60, 2411.177002
62.169, 60, 2411.622070
62.169, 60, 2412.066895
62.169, 60, 2412.511963
62.169, 60, 2412.957031
62.169, 60, 2413.402100
62.169, 60, 2413.847168
62.169, 60, 2414.292236
62.169, 60, 2414.737061
62.169, 60, 2415.182129
62.169, 60, 2415.627197
62.169, 60, 2416.072266
62.169, 60, 2416.517334
62.169, 60, 2416.962402
62.169, 60, 2417.407471
62.169, 60, 2417.852295
62.169, 60, 2418.297363
62.169, 60, 2418.742432
62.169, 60, 2419.187500
62.169, 60, 2419.632568
62.169, 60, 2420.077637
62.169, 60, 2420.522461
62.169, 60, 2420.967529
62.169, 60, 2421.412598
62.169, 60, 2421.857666
62.169, 60, 2422.302734
62.169, 60, 2422.747803
62.169, 60, 2423.192871
62.169, 60, 2423.637695
62.169, 60, 2424.082764
62.169, 60, 2424.527832
62.169, 60, 2424.972900
62.169, 60, 2425.417969
62.169, 60, 2425.863037
62.169, 60, 2426.307861
62.169, 60, 2426.752930
62.169, 60, 2427.197998
62.169, 60, 2427.643066
62.169, 60, 2428.088135
62.169, 60, 2428.533203
62.169, 60, 2428.978271
62.169, 60, 2429.423096
62.169, 60, 2429.868164
62.169, 60, 2430.313232
62.169, 60, 2430.758301
62.169, 60, 2431.203369
62.169, 60, 2431.648438
62.169, 60, 2432.093262
62.169, 60, 2432.538330
62.169, 60, 2432.983398
62.169, 60, 2433.428467
62.169, 60, 2433.873535
62.169, 60, 2434.318604
62.169, 60, 2434.763672
62.169, 60, 2435.208496
62.169, 60, 2435.653564
62.169, 60, 2436.098633
62.169, 60, 2436.543701
62.169, 60, 2436.988770
62.169, 60, 2437.433838
62.169, 60, 2437.878662
62.169, 60, 2438.323730
62.169, 60, 2438.768799
62.169, 60, 2439.213867
62.169, 60, 2439.658936
62.169, 60, 2440.104004
62.169, 60, 2440.549072
62.169, 60, 2440.993896
62.169, 60, 2441.438965
62.169, 60, 2441.884033
62.169, 60, 2442.329102
62.169, 60, 2442.774170
62.169, 60, 2443.219238
62.169, 60, 2443.664062
62.169, 60, 2444.109131
62.169, 60, 2444.554199
62.169, 60, 2444.999268
62.169, 60, 2445.444336
62.169, 60, 2445.889404
62.169, 60, 2446.334473
62.169, 60, 2446.779297
62.169, 60, 2447.224365
62.169, 60, 2447.669434
62.169, 60, 2448.114502
62.169, 60, 2448.559570
62.169, 60, 2449.004639
62.169, 60, 2449.449463
62.169, 60, 2449.894531
62.169, 60, 2450.339600
62.169, 60, 2450.784668
62.169, 60, 2451.229736
62.169, 60, 2451.674805
62.169, 60, 2452.119873
62.169, 60, 2452.564697
62.169, 60, 2453.009766
62.169, 60, 2453.454834
62.169, 60, 2453.899902
62.169, 60, 2454.344971
62.169, 60, 2454.790039
62.169, 60, 2455.234863
62.169, 60, 2455.679932
62.169, 60, 2456.125000
62.169, 60, 2456.570068
62.169, 60, 2457.015137
62.169, 60, 2457.460205
62.169, 60, 2457.905273
62.169, 60, 2458.350098
62.169, 60, 2458.795166
62.169, 60, 2459.240234
62.169, 60, 2459.685303
62.169, 60, 2460.130371
62.169, 60, 2460.575439
62.169, 60, 2461.020264
62.169, 60, 2461.465332
62.169, 60, 2461.910400
62.169, 60, 2462.355469
62.169, 60, 2462.800537
62.169, 60, 2463.245605
62.169, 60, 2463.690674
62.169, 60, 2464.135498
62.169, 60, 2464.580566
62.169, 60, 2465.025635
62.169, 60, 2465.470703
62.169, 60, 2465.915771
62.169, 60, 2466.360840
62.169, 60, 2466.805664
62.169, 60, 2467.250732
62.169, 60, 2467.695801
62.169, 60, 2468.140869
62.169, 60, 2468.585938
62.169, 60, 2469.031006
62.169, 60, 2469.476074
62.169, 60, 2469.920898
62.169, 60, 2470.365967
62.169, 60, 2470.811035
62.169, 60, 2471.256104
62.169, 60, 2471.701172
62.265, 60, 2472.146240
62.265, 60, 2472.591064
62.265, 60, 2473.036133
62.265, 60, 2473.481201
62.265, 60, 2473.926270
62.265, 60, 2474.371338
62.265, 60, 2474.816406
62.265, 60, 2475.261475
62.265, 60, 2475.706299
62.265, 60, 2476.151367
62.265, 60, 2476.596436
62.265, 60, 2477.041504
62.265, 60, 2477.486572
62.265, 60, 2477.931641
62.265, 60, 2478.376465
62.265, 60, 2478.821533
62.265, 60, 2479.266602
62.265, 60, 2479.711670
62.265, 60, 2480.156738
62.265, 60, 2480.601807
62.265, 60, 2481.046875
62.265, 60, 2481.491699
62.265, 60, 2481.936768
62.265, 60, 2482.381836
62.265, 60, 2482.826904
62.265, 60, 2483.271973
62.265, 60, 2483.717041
62.265, 60, 2484.161865
62.265, 60, 2484.606934
62.265, 60, 2485.052002
62.265, 60, 2485.497070
62.265, 60, 2485.942139
62.265, 60, 2486.387207
62.265, 60, 2486.832275
62.265, 60, 2487.277100
62.265, 60, 2487.722168
62.265, 60, 2488.167236
62.265, 60, 2488.612305
62.265, 60, 2489.057373
62.265, 60, 2489.502441
62.265, 60, 2489.947266
62.265, 60, 2490.392334
62.265, 60, 2490.837402
62.265, 60, 2491.282471
62.265, 60, 2491.727539
62.265, 60, 2492.172607
62.265, 60, 2492.617676
62.265, 60, 2493.062500
62.265, 60, 2493.507568
62.265, 60, 2493.952637
62.265, 60, 2494.397705
62.265, 60, 2494.842773
62.265, 60, 2495.287842
62.265, 60, 2495.732666
62.265, 60, 2496.177734
62.265, 60, 2496.622803
62.265, 60, 2497.067871
62.265, 60, 2497.512939
62.265, 60, 2497.958008
62.265, 60, 2498.403076
62.265, 60, 2498.847900
62.265, 60, 2499.292969
62.265, 60, 2499.738037
62.265, 60, 2500.183105
62.265, 60, 2500.628174
62.265, 60, 2501.073242
62.265, 60, 2501.518066
62.265, 60, 2501.963135
62.265, 60, 2502.408203
62.265, 60, 2502.853271
62.265, 60, 2503.298340
62.265, 60, 2503.743408
62.265, 60, 2504.188477
62.265, 60, 2504.633301
62.265, 60, 2505.078369
62.265, 60, 2505.523438
62.265, 60, 2505.968506
62.265, 60, 2506.413574
62.265, 60, 2506.858643
62.265, 60, 2507.303467
62.265, 60, 2507.748535
62.265, 60, 2508.193604
62.265, 60, 2508.638672
62.265, 60, 2509.083740
62.265, 60, 2509.528809
62.265, 60, 2509.973877
62.265, 60, 2510.418701
62.265, 60, 2510.863770
62.265, 60, 2511.308838
62.265, 60, 2511.753906
62.265, 60, 2512.198975
62.265, 60, 2512.644043
62.265, 60, 2513.088867
62.265, 60, 2513.533936
62.265, 60, 2513.979004
62.265, 60, 2514.424072
62.265, 60, 2514.869141
62.265, 60, 2515.314209
62.265, 60, 2515.759277
62.265, 60, 2516.204102
62.265, 60, 2516.649170
62.265, 60, 2517.094238
62.265, 60, 2517.539307
62.360, 60, 2517.984375
62.360, 60, 2518.429443
62.360, 60, 2518.874268
62.360, 60, 2519.319336
62.360, 60, 2519.764404
62.360, 60, 2520.209473
62.360, 60, 2520.654541
62.360, 60, 2521.099609
62.360, 60, 2521.544678
62.360, 60, 2521.989502
62.360, 60, 2522.434570
62.360, 60, 2522.879639
62.360, 60, 2523.324707
62.360, 60, 2523.769775
62.360, 60, 2524.214844
62.360, 60, 2524.659668
62.360, 60, 2525.104736
62.360, 60, 2525.549805
62.360, 60, 2525.994873
62.360, 60, 2526.439941
62.360, 60, 2526.885010
62.360, 60, 2527.330078
62.360, 60, 2527.774902
62.360, 60, 2528.219971
62.360, 60, 2528.665039
62.360, 60, 2529.110107
62.360, 60, 2529.555176
62.360, 60, 2530.000244
62.360, 60, 2530.445068
62.360, 60, 2530.890137
62.360, 60, 2531.335205
62.360, 60, 2531.780273
62.360, 60, 2532.225342
62.360, 60, 2532.670410
62.265, 60, 2533.115479
62.265, 60, 2533.560303
62.265, 60, 2534.005371
62.265, 60, 2534.450439
62.265, 60, 2534.895508
62.265, 60, 2535.340576
62.265, 60, 2535.785645
62.265, 60, 2536.230469
62.265, 60, 2536.675537
62.265, 60, 2537.120605
62.265, 60, 2537.565674
62.265, 60, 2538.010742
62.265, 60, 2538.455811
62.265, 60, 2538.900879
62.265, 60, 2539.345703
62.265, 60, 2539.790771
62.265, 60, 2540.235840
62.265, 60, 2540.680908
62.265, 60, 2541.125977
62.265, 60, 2541.571045
62.265, 60, 2542.015869
62.265, 60, 2542.460938
62.265, 60, 2542.906006
62.265, 60, 2543.351074
62.265, 60, 2543.796143
62.265, 60, 2544.241211
62.265, 60, 2544.686279
62.265, 60, 2545.131104
62.265, 60, 2545.576172
62.265, 60, 2546.021240
62.265, 60, 2546.466309
62.265, 60, 2546.911377
62.265, 60, 2547.356445
62.265, 60, 2547.801270
62.265, 60, 2548.246338
62.360, 60, 2548.691406
62.360, 60, 2549.136475
62.360, 60, 2549.581543
62.360, 60, 2550.026611
62.360, 60, 2550.471680
62.360, 60, 2550.916504
62.360, 60, 2551.361572
62.360, 60, 2551.806641
62.360, 60, 2552.251709
62.360, 60, 2552.696777
62.360, 60, 2553.141846
62.360, 60, 2553.586670
62.360, 60, 2554.031738
62.360, 60, 2554.476807
62.360, 60, 2554.921875
62.360, 60, 2555.366943
62.360, 60, 2555.812012
62.360, 60, 2556.257080
62.360, 60, 2556.701904
62.360, 60, 2557.146973
62.360, 60, 2557.592041
62.360, 60, 2558.037109
62.360, 60, 2558.482178
62.360, 60, 2558.927246
62.360, 60, 2559.372070
62.360, 60, 2559.817139
62.360, 60, 2560.262207
62.360, 60, 2560.707275
62.360, 60, 2561.152344
62.360, 60, 2561.597412
62.360, 60, 2562.042480
62.360, 60, 2562.487305
62.360, 60, 2562.932373
62.360, 60, 2563.377441
62.360, 60, 2563.822510
62.360, 60, 2564.267578
62.360, 60, 2564.712646
62.360, 60, 2565.157471
62.360, 60, 2565.602539
62.360, 60, 2566.047607
62.360, 60, 2566.492676
62.360, 60, 2566.937744
62.360, 60, 2567.382812
62.360, 60, 2567.827881
62.360, 60, 2568.272705
62.360, 60, 2568.717773
62.360, 60, 2569.162842
62.360, 60, 2569.607910
62.360, 60, 2570.052979
62.360, 60, 2570.498047
62.360, 60, 2570.942871
62.360, 60, 2571.387939
62.360, 60, 2571.833008
62.360, 60, 2572.278076
62.360, 60, 2572.723145
62.360, 60, 2573.168213
62.360, 60, 2573.613281
62.360, 60, 2574.058105
62.360, 60, 2574.503174
62.360, 60, 2574.948242
62.360, 60, 2575.393311
62.360, 60, 2575.838379
62.360, 60, 2576.283447
62.360, 60, 2576.728271
62.360, 60, 2577.173340
62.360, 60, 2577.618408
62.360, 60, 2578.063477
62.360, 60, 2578.508545
62.360, 60, 2578.953613
62.360, 60, 2579.398682
62.265, 60, 2579.843506
62.265, 60, 2580.288574
62.265, 60, 2580.733643
62.265, 60, 2581.178711
62.265, 60, 2581.623779
62.265, 60, 2582.068848
62.265, 60, 2582.513672
62.265, 60, 2582.958740
62.265, 60, 2583.403809
62.265, 60, 2583.848877
62.265, 60, 2584.293945
62.265, 60, 2584.739014
62.265, 60, 2585.184082
62.265, 60, 2585.628906
62.265, 60, 2586.073975
62.265, 60, 2586.519043
62.265, 60, 2586.964111
62.265, 60, 2587.409180
62.265, 60, 2587.854248
62.265, 60, 2588.299072
62.265, 60, 2588.744141
62.265, 60, 2589.189209
62.265, 60, 2589.634277
62.265, 60, 2590.079346
62.265, 60, 2590.524414
62.265, 60, 2590.969482
62.265, 60, 2591.414307
62.265, 60, 2591.859375
62.265, 60, 2592.304443
62.265, 60, 2592.749512
62.265, 60, 2593.194580
62.265, 60, 2593.639648
62.265, 60, 2594.084473
62.265, 60, 2594.529541
62.265, 60, 2594.974609
62.074, 60, 2595.419678
62.074, 60, 2595.864746
62.074, 60, 2596.309814
62.074, 60, 2596.754883
62.074, 60, 2597.199707
62.074, 60, 2597.644775
62.074, 60, 2598.089844
62.074, 60, 2598.534912
62.074, 60, 2598.979980
62.074, 60, 2599.425049
62.074, 60, 2599.869873
62.074, 60, 2600.314941
62.074, 60, 2600.760010
62.074, 60, 2601.205078
62.074, 60, 2601.650146
62.074, 60, 2602.095215
62.074, 60, 2602.540283
62.074, 60, 2602.985107
62.074, 60, 2603.430176
62.074, 60, 2603.875244
62.074, 60, 2604.320312
62.074, 60, 2604.765381
62.074, 60, 2605.210449
62.074, 60, 2605.655273
62.074, 60, 2606.100342
62.074, 60, 2606.545410
62.074, 60, 2606.990479
62.074, 60, 2607.435547
62.074, 60, 2607.880615
62.074, 60, 2608.325684
62.074, 60, 2608.770508
62.074, 60, 2609.215576
62.074, 60, 2609.660645
62.074, 60, 2610.105713
62.074, 60, 2610.550781
61.979, 60, 2610.995850
61.979, 60, 2611.440674
61.979, 60, 2611.885742
61.979, 60, 2612.330811
61.979, 60, 2612.775879
61.979, 60, 2613.220947
61.979, 60, 2613.666016
61.979, 60, 2614.111084
61.979, 60, 2614.555908
61.979, 60, 2615.000977
61.979, 60, 2615.446045
61.979, 60, 2615.891113
61.979, 60, 2616.336182
61.979, 60, 2616.781250
61.979, 60, 2617.226074
61.979, 60, 2617.671143
61.979, 60, 2618.116211
61.979, 60, 2618.561279
61.979, 60, 2619.006348
61.979, 60, 2619.451416
61.979, 60, 2619.896484
61.979, 60, 2620.341309
61.979, 60, 2620.786377
61.979, 60, 2621.231445
61.979, 60, 2621.676514
61.979, 60, 2622.121582
61.979, 60, 2622.566650
61.979, 60, 2623.011475
61.979, 60, 2623.456543
61.979, 60, 2623.901611
61.979, 60, 2624.346680
61.979, 60, 2624.791748
61.979, 60, 2625.236816
61.979, 60, 2625.681885
61.979, 60, 2626.126709
61.884, 60, 2626.571777
61.884, 60, 2627.016846
61.884, 60, 2627.461914
61.884, 60, 2627.906982
61.884, 60, 2628.352051
61.884, 60, 2628.796875
61.884, 60, 2629.241943
61.884, 60, 2629.687012
61.884, 60, 2630.132080
61.884, 60, 2630.577148
61.884, 60, 2631.022217
61.884, 60, 2631.467285
61.884, 60, 2631.912109
61.884, 60, 2632.357178
61.884, 60, 2632.802246
61.884, 60, 2633.247314
61.884, 60, 2633.692383
61.884, 60, 2634.137451
61.884, 60, 2634.582275
61.884, 60, 2635.027344
61.884, 60, 2635.472412
61.884, 60, 2635.917480
61.884, 60, 2636.362549
61.884, 60, 2636.807617
61.884, 60, 2637.252686
61.884, 60, 2637.697510
61.884, 60, 2638.142578
61.884, 60, 2638.587646
61.884, 60, 2639.032715
61.884, 60, 2639.477783
61.884, 60, 2639.922852
61.884, 60, 2640.367676
61.884, 60, 2640.812744
61.884, 60, 2641.257812
61.884, 60, 2641.702881
61.884, 60, 2642.147949
61.884, 60, 2642.593018
61.884, 60, 2643.038086
61.884, 60, 2643.482910
61.884, 60, 2643.927979
61.884, 60, 2644.373047
61.884, 60, 2644.818115
61.884, 60, 2645.263184
61.884, 60, 2645.708252
61.884, 60, 2646.153076
61.884, 60, 2646.598145
61.884, 60, 2647.043213
61.884, 60, 2647.488281
61.884, 60, 2647.933350
61.884, 60, 2648.378418
61.884, 60, 2648.823486
61.884, 60, 2649.268311
61.884, 60, 2649.713379
61.884, 60, 2650.158447
61.884, 60, 2650.603516
61.884, 60, 2651.048584
61.884, 60, 2651.493652
61.884, 60, 2651.938477
61.884, 60, 2652.383545
61.884, 60, 2652.828613
61.884, 60, 2653.273682
61.884, 60, 2653.718750
61.884, 60, 2654.163818
61.884, 60, 2654.608887
61.884, 60, 2655.053711
61.884, 60, 2655.498779
61.884, 60, 2655.943848
61.884, 60, 2656.388916
61.884, 60, 2656.833984
61.979, 60, 2657.279053
61.979, 60, 2657.723877
61.979, 60, 2658.168945
61.979, 60, 2658.614014
61.979, 60, 2659.059082
61.979, 60, 2659.504150
61.979, 60, 2659.949219
61.979, 60, 2660.394287
61.979, 60, 2660.839111
61.979, 60, 2661.284180
61.979, 60, 2661.729248
61.979, 60, 2662.174316
61.979, 60, 2662.619385
61.979, 60, 2663.064453
61.979, 60, 2663.509277
61.979, 60, 2663.954346
61.979, 60, 2664.399414
61.979, 60, 2664.844482
61.979, 60, 2665.289551
61.979, 60, 2665.734619
61.979, 60, 2666.179688
61.979, 60, 2666.624512
61.979, 60, 2667.069580
61.979, 60, 2667.514648
61.979, 60, 2667.959717
61.979, 60, 2668.404785
61.979, 60, 2668.849854
61.979, 60, 2669.294678
61.979, 60, 2669.739746
61.979, 60, 2670.184814
61.979, 60, 2670.629883
61.979, 60, 2671.074951
61.979, 60, 2671.520020
61.979, 60, 2671.965088
61.979, 60, 2672.409912
61.979, 60, 2672.854980
61.884, 60, 2673.300049
61.884, 60, 2673.745117
61.884, 60, 2674.190186
61.884, 60, 2674.635254
61.884, 60, 2675.080078
61.884, 60, 2675.525146
61.884, 60, 2675.970215
61.884, 60, 2676.415283
61.884, 60, 2676.860352
61.884, 60, 2677.305420
61.884, 60, 2677.750488
61.884, 60, 2678.195312
61.884, 60, 2678.640381
61.884, 60, 2679.085449
61.884, 60, 2679.530518
61.884, 60, 2679.975586
61.884, 60, 2680.420654
61.884, 60, 2680.865479
61.884, 60, 2681.310547
61.884, 60, 2681.755615
61.884, 60, 2682.200684
61.884, 60, 2682.645752
61.884, 60, 2683.090820
61.884, 60, 2683.535889
61.884, 60, 2683.980713
61.884, 60, 2684.425781
61.884, 60, 2684.870850
61.884, 60, 2685.315918
61.884, 60, 2685.760986
61.884, 60, 2686.206055
61.884, 60, 2686.650879
61.884, 60, 2687.095947
61.884, 60, 2687.541016
61.884, 60, 2687.986084
61.884, 60, 2688.431152
61.884, 60, 2688.876221
61.884, 60, 2689.321289
61.884, 60, 2689.766113
61.884, 60, 2690.211182
61.884, 60, 2690.656250
61.884, 60, 2691.101318
61.884, 60, 2691.546387
61.884, 60, 2691.991455
61.884, 60, 2692.436279
61.884, 60, 2692.881348
61.884, 60, 2693.326416
61.884, 60, 2693.771484
61.884, 60, 2694.216553
61.884, 60, 2694.661621
61.884, 60, 2695.106689
61.884, 60, 2695.551514
61.884, 60, 2695.996582
61.884, 60, 2696.441650
61.884, 60, 2696.886719
61.884, 60, 2697.331787
61.884, 60, 2697.776855
61.884, 60, 2698.221680
61.884, 60, 2698.666748
61.884, 60, 2699.111816
61.884, 60, 2699.556885
61.884, 60, 2700.001953
61.884, 60, 2700.447021
61.884, 60, 2700.892090
61.884, 60, 2701.336914
61.884, 60, 2701.781982
61.884, 60, 2702.227051
61.884, 60, 2702.672119
61.884, 60, 2703.117188
61.884, 60, 2703.562256
61.884, 60, 2704.007080
61.884, 60, 2704.452148
61.884, 60, 2704.897217
61.884, 60, 2705.342285
61.884, 60, 2705.787354
61.884, 60, 2706.232422
61.884, 60, 2706.677490
61.884, 60, 2707.122314
61.884, 60, 2707.567383
61.884, 60, 2708.012451
61.884, 60, 2708.457520
61.884, 60, 2708.902588
61.884, 60, 2709.347656
61.884, 60, 2709.792480
61.884, 60, 2710.237549
61.884, 60, 2710.682617
61.884, 60, 2711.127686
61.884, 60, 2711.572754
61.884, 60, 2712.017822
61.884, 60, 2712.462891
61.884, 60, 2712.907715
61.884, 60, 2713.352783
61.884, 60, 2713.797852
61.884, 60, 2714.242920
61.884, 60, 2714.687988
61.884, 60, 2715.133057
61.884, 60, 2715.577881
61.884, 60, 2716.022949
61.884, 60, 2716.468018
61.884, 60, 2716.913086
61.884, 60, 2717.358154
61.884, 60, 2717.803223
61.884, 60, 2718.248291
61.884, 60, 2718.693115
61.884, 60, 2719.138184
61.884, 60, 2719.583252
61.979, 60, 2720.028320
61.979, 60, 2720.473389
61.979, 60, 2720.918457
61.979, 60, 2721.363281
61.979, 60, 2721.808350
61.979, 60, 2722.253418
61.979, 60, 2722.698486
61.979, 60, 2723.143555
61.979, 60, 2723.588623
61.979, 60, 2724.033691
61.979, 60, 2724.478516
61.979, 60, 2724.923584
61.979, 60, 2725.368652
61.979, 60, 2725.813721
61.979, 60, 2726.258789
61.979, 60, 2726.703857
61.979, 60, 2727.148682
61.979, 60, 2727.593750
61.979, 60, 2728.038818
61.979, 60, 2728.483887
61.979, 60, 2728.928955
61.979, 60, 2729.374023
61.979, 60, 2729.819092
61.979, 60, 2730.263916
61.979, 60, 2730.708984
61.979, 60, 2731.154053
61.979, 60, 2731.599121
61.979, 60, 2732.044189
61.979, 60, 2732.489258
61.979, 60, 2732.934082
61.979, 60, 2733.379150
61.979, 60, 2733.824219
61.979, 60, 2734.269287
61.979, 60, 2734.714355
61.979, 60, 2735.159424
61.979, 60, 2735.604492
61.979, 60, 2736.049316
61.979, 60, 2736.494385
61.979, 60, 2736.939453
61.979, 60, 2737.384521
61.979, 60, 2737.829590
61.979, 60, 2738.274658
61.979, 60, 2738.719482
61.979, 60, 2739.164551
61.979, 60, 2739.609619
61.979, 60, 2740.054688
61.979, 60, 2740.499756
61.979, 60, 2740.944824
61.979, 60, 2741.389893
61.979, 60, 2741.834717
61.979, 60, 2742.279785
61.979, 60, 2742.724854
61.979, 60, 2743.169922
61.979, 60, 2743.614990
61.979, 60, 2744.060059
61.979, 60, 2744.504883
61.979, 60, 2744.949951
61.979, 60, 2745.395020
61.979, 60, 2745.840088
61.979, 60, 2746.285156
61.979, 60, 2746.730225
61.979, 60, 2747.175293
61.979, 60, 2747.620117
61.979, 60, 2748.065186
61.979, 60, 2748.510254
61.979, 60, 2748.955322
61.979, 60, 2749.400391
61.979, 60, 2749.845459
61.979, 60, 2750.290283
61.979, 60, 2750.735352
61.979, 60, 2751.180420
61.979, 60, 2751.625488
61.979, 60, 2752.070557
61.979, 60, 2752.515625
61.979, 60, 2752.960693
61.979, 60, 2753.405518
61.979, 60, 2753.850586
61.979, 60, 2754.295654
61.979, 60, 2754.740723
61.979, 60, 2755.185791
61.979, 60, 2755.630859
61.979, 60, 2756.075684
61.979, 60, 2756.520752
61.979, 60, 2756.965820
61.979, 60, 2757.410889
61.979, 60, 2757.855957
61.979, 60, 2758.301025
61.979, 60, 2758.746094
61.979, 60, 2759.190918
61.979, 60, 2759.635986
61.979, 60, 2760.081055
61.979, 60, 2760.526123
61.979, 60, 2760.971191
61.979, 60, 2761.416260
61.979, 60, 2761.861084
61.979, 60, 2762.306152
61.979, 60, 2762.751221
61.979, 60, 2763.196289
61.979, 60, 2763.641357
61.979, 60, 2764.086426
61.979, 60, 2764.531494
61.979, 60, 2764.976318
61.979, 60, 2765.421387
61.979, 60, 2765.866455
61.979, 60, 2766.311523
61.979, 60, 2766.756592
61.979, 60, 2767.201660
61.979, 60, 2767.646484
61.979, 60, 2768.091553
61.979, 60, 2768.536621
61.979, 60, 2768.981689
61.979, 60, 2769.426758
61.979, 60, 2769.871826
61.979, 60, 2770.316895
61.979, 60, 2770.761719
61.979, 60, 2771.206787
61.979, 60, 2771.651855
61.979, 60, 2772.096924
61.979, 60, 2772.541992
61.979, 60, 2772.987061
61.979, 60, 2773.431885
61.979, 60, 2773.876953
61.979, 60, 2774.322021
61.979, 60, 2774.767090
61.979, 60, 2775.212158
61.979, 60, 2775.657227
61.979, 60, 2776.102295
61.979, 60, 2776.547119
61.979, 60, 2776.992188
61.979, 60, 2777.437256
61.979, 60, 2777.882324
61.979, 60, 2778.327393
61.979, 60, 2778.772461
61.979, 60, 2779.217285
61.979, 60, 2779.662354
61.979, 60, 2780.107422
61.979, 60, 2780.552490
61.979, 60, 2780.997559
61.884, 60, 2781.442627
61.884, 60, 2781.887695
61.884, 60, 2782.332520
61.884, 60, 2782.777588
61.884, 60, 2783.222656
61.884, 60, 2783.667725
61.884, 60, 2784.112793
61.884, 60, 2784.557861
61.884, 60, 2785.002686
61.884, 60, 2785.447754
61.884, 60, 2785.892822
61.884, 60, 2786.337891
61.884, 60, 2786.782959
61.884, 60, 2787.228027
61.884, 60, 2787.673096
61.884, 60, 2788.117920
61.884, 60, 2788.562988
61.884, 60, 2789.008057
61.884, 60, 2789.453125
61.884, 60, 2789.898193
61.884, 60, 2790.343262
61.884, 60, 2790.788086
61.884, 60, 2791.233154
61.884, 60, 2791.678223
61.884, 60, 2792.123291
61.884, 60, 2792.568359
61.884, 60, 2793.013428
61.884, 60, 2793.458496
61.884, 60, 2793.903320
61.884, 60, 2794.348389
61.884, 60, 2794.793457
61.884, 60, 2795.238525
61.884, 60, 2795.683594
61.884, 60, 2796.128662
61.884, 60, 2796.573486
61.884, 60, 2797.018555
61.884, 60, 2797.463623
61.884, 60, 2797.908691
61.884, 60, 2798.353760
61.884, 60, 2798.798828
61.884, 60, 2799.243896
61.884, 60, 2799.688721
61.884, 60, 2800.133789
61.884, 60, 2800.578857
61.884, 60, 2801.023926
61.884, 60, 2801.468994
61.884, 60, 2801.914062
61.884, 60, 2802.358887
61.884, 60, 2802.803955
61.884, 60, 2803.249023
61.884, 60, 2803.694092
61.884, 60, 2804.139160
61.884, 60, 2804.584229
61.884, 60, 2805.029297
61.884, 60, 2805.474121
61.884, 60, 2805.919189
61.884, 60, 2806.364258
61.884, 60, 2806.809326
61.884, 60, 2807.254395
61.884, 60, 2807.699463
61.884, 60, 2808.144287
61.884, 60, 2808.589355
61.884, 60, 2809.034424
61.884, 60, 2809.479492
61.884, 60, 2809.924561
61.884, 60, 2810.369629
61.884, 60, 2810.814697
61.884, 60, 2811.259521
61.884, 60, 2811.704590
61.979, 60, 2812.149658
61.979, 60, 2812.594727
61.979, 60, 2813.039795
61.979, 60, 2813.484863
61.979, 60, 2813.929688
61.979, 60, 2814.374756
61.979, 60, 2814.819824
61.979, 60, 2815.264893
61.979, 60, 2815.709961
61.979, 60, 2816.155029
61.979, 60, 2816.600098
61.979, 60, 2817.044922
61.979, 60, 2817.489990
61.979, 60, 2817.935059
61.979, 60, 2818.380127
61.979, 60, 2818.825195
61.979, 60, 2819.270264
61.979, 60, 2819.715088
61.979, 60, 2820.160156
61.979, 60, 2820.605225
61.979, 60, 2821.050293
61.979, 60, 2821.495361
61.979, 60, 2821.940430
61.979, 60, 2822.385498
61.979, 60, 2822.830322
61.979, 60, 2823.275391
61.979, 60, 2823.720459
61.979, 60, 2824.165527
61.979, 60, 2824.610596
61.979, 60, 2825.055664
61.979, 60, 2825.500488
61.979, 60, 2825.945557
61.979, 60, 2826.390625
61.961, 60, 2826.835693
61.961, 60, 2827.280762
61.961, 60, 2827.725830
61.961, 60, 2828.170898
61.961, 60, 2828.615723
61.961, 60, 2829.060791
61.961, 60, 2829.505859
61.961, 60, 2829.950928
61.961, 60, 2830.395996
61.961, 60, 2830.841064
61.961, 60, 2831.285889
61.961, 60, 2831.730957
61.961, 60, 2832.176025
61.961, 60, 2832.621094
61.961, 60, 2833.066162
61.961, 60, 2833.511230
61.961, 60, 2833.956299
61.961, 60, 2834.401123
61.961, 60, 2834.846191
61.961, 60, 2835.291260
61.961, 60, 2835.736328
61.961, 60, 2836.181396
61.961, 60, 2836.626465
61.961, 60, 2837.071289
61.961, 60, 2837.516357
61.961, 60, 2837.961426
61.961, 60, 2838.406494
61.961, 60, 2838.851562
61.961, 60, 2839.296631
61.961, 60, 2839.741699
61.961, 60, 2840.186523
61.961, 60, 2840.631592
61.961, 60, 2841.076660
61.961, 60, 2841.521729
61.961, 60, 2841.966797
61.961, 60, 2842.411865
61.961, 60, 2842.856689
61.961, 60, 2843.301758
61.961, 60, 2843.746826
61.961, 60, 2844.191895
61.961, 60, 2844.636963
61.961, 60, 2845.082031
61.961, 60, 2845.527100
61.961, 60, 2845.971924
61.961, 60, 2846.416992
61.961, 60, 2846.862061
61.961, 60, 2847.307129
61.961, 60, 2847.752197
61.961, 60, 2848.197266
61.961, 60, 2848.642090
61.961, 60, 2849.087158
61.961, 60, 2849.532227
61.961, 60, 2849.977295
61.961, 60, 2850.422363
61.961, 60, 2850.867432
61.961, 60, 2851.312500
61.961, 60, 2851.757324
61.961, 60, 2852.202393
61.961, 60, 2852.647461
61.961, 60, 2853.092529
61.961, 60, 2853.537598
61.961, 60, 2853.982666
61.961, 60, 2854.427490
61.961, 60, 2854.872559
61.961, 60, 2855.317627
61.961, 60, 2855.762695
61.961, 60, 2856.207764
61.961, 60, 2856.652832
61.961, 60, 2857.097900
61.961, 60, 2857.542725
61.961, 60, 2857.987793
61.961, 60, 2858.432861
61.961, 60, 2858.877930
61.961, 60, 2859.322998
61.961, 60, 2859.768066
61.961, 60, 2860.212891
61.961, 60, 2860.657959
61.961, 60, 2861.103027
61.961, 60, 2861.548096
61.961, 60, 2861.993164
61.961, 60, 2862.438232
61.961, 60, 2862.883301
61.961, 60, 2863.328125
61.961, 60, 2863.773193
61.961, 60, 2864.218262
61.961, 60, 2864.663330
61.961, 60, 2865.108398
61.961, 60, 2865.553467
61.961, 60, 2865.998291
61.961, 60, 2866.443359
61.961, 60, 2866.888428
61.961, 60, 2867.333496
61.961, 60, 2867.778564
61.961, 60, 2868.223633
61.961, 60, 2868.668701
61.961, 60, 2869.113525
61.961, 60, 2869.558594
61.961, 60, 2870.003662
61.961, 60, 2870.448730
61.961, 60, 2870.893799
61.961, 60, 2871.338867
61.961, 60, 2871.783691
61.961, 60, 2872.228760
62.151, 60, 2872.673828
62.151, 60, 2873.118896
62.151, 60, 2873.563965
62.151, 60, 2874.009033
62.151, 60, 2874.454102
62.151, 60, 2874.898926
62.151, 60, 2875.343994
62.151, 60, 2875.789062
62.151, 60, 2876.234131
62.151, 60, 2876.679199
62.151, 60, 2877.124268
62.151, 60, 2877.569092
62.151, 60, 2878.014160
62.151, 60, 2878.459229
62.151, 60, 2878.904297
62.151, 60, 2879.349365
62.151, 60, 2879.794434
62.151, 60, 2880.239502
62.151, 60, 2880.684326
62.151, 60, 2881.129395
62.151, 60, 2881.574463
62.151, 60, 2882.019531
62.151, 60, 2882.464600
62.151, 60, 2882.909668
62.151, 60, 2883.354492
62.151, 60, 2883.799561
62.151, 60, 2884.244629
62.151, 60, 2884.689697
62.151, 60, 2885.134766
62.151, 60, 2885.579834
62.151, 60, 2886.024902
62.151, 60, 2886.469727
62.151, 60, 2886.914795
62.151, 60, 2887.359863
62.151, 60, 2887.804932
62.169, 60, 2888.250000
62.169, 60, 2888.695068
62.169, 60, 2889.139893
62.169, 60, 2889.584961
62.169, 60, 2890.030029
62.169, 60, 2890.475098
62.169, 60, 2890.920166
62.169, 60, 2891.365234
62.169, 60, 2891.810303
62.169, 60, 2892.255127
62.169, 60, 2892.700195
62.169, 60, 2893.145264
62.169, 60, 2893.590332
62.169, 60, 2894.035400
62.169, 60, 2894.480469
62.169, 60, 2894.925293
62.169, 60, 2895.370361
62.169, 60, 2895.815430
62.169, 60, 2896.260498
62.169, 60, 2896.705566
62.169, 60, 2897.150635
62.169, 60, 2897.595703
62.169, 60, 2898.040527
62.169, 60, 2898.485596
62.169, 60, 2898.930664
62.169, 60, 2899.375732
62.169, 60, 2899.820801
62.169, 60, 2900.265869
62.169, 60, 2900.710693
62.169, 60, 2901.155762
62.169, 60, 2901.600830
62.169, 60, 2902.045898
62.169, 60, 2902.490967
62.169, 60, 2902.936035
62.169, 60, 2903.381104
62.247, 60, 2903.825928
62.247, 60, 2904.270996
62.247, 60, 2904.716064
62.247, 60, 2905.161133
62.247, 60, 2905.606201
62.247, 60, 2906.051270
62.247, 60, 2906.496094
62.247, 60, 2906.941162
62.247, 60, 2907.386230
62.247, 60, 2907.831299
62.247, 60, 2908.276367
62.247, 60, 2908.721436
62.247, 60, 2909.166504
62.247, 60, 2909.611328
62.247, 60, 2910.056396
62.247, 60, 2910.501465
62.247, 60, 2910.946533
62.247, 60, 2911.391602
62.247, 60, 2911.836670
62.247, 60, 2912.281494
62.247, 60, 2912.726562
62.247, 60, 2913.171631
62.247, 60, 2913.616699
62.247, 60, 2914.061768
62.247, 60, 2914.506836
62.247, 60, 2914.951904
62.247, 60, 2915.396729
62.247, 60, 2915.841797
62.247, 60, 2916.286865
62.247, 60, 2916.731934
62.247, 60, 2917.177002
62.247, 60, 2917.622070
62.247, 60, 2918.066895
62.247, 60, 2918.511963
62.247, 60, 2918.957031
62.169, 60, 2919.402100
62.169, 60, 2919.847168
62.169, 60, 2920.292236
62.169, 60, 2920.737305
62.169, 60, 2921.182129
62.169, 60, 2921.627197
62.169, 60, 2922.072266
62.169, 60, 2922.517334
62.169, 60, 2922.962402
62.169, 60, 2923.407471
62.169, 60, 2923.852295
62.169, 60, 2924.297363
62.169, 60, 2924.742432
62.169, 60, 2925.187500
62.169, 60, 2925.632568
62.169, 60, 2926.077637
62.169, 60, 2926.522705
62.169, 60, 2926.967529
62.169, 60, 2927.412598
62.169, 60, 2927.857666
62.169, 60, 2928.302734
62.169, 60, 2928.747803
62.169, 60, 2929.192871
62.169, 60, 2929.637695
62.169, 60, 2930.082764
62.169, 60, 2930.527832
62.169, 60, 2930.972900
62.169, 60, 2931.417969
62.169, 60, 2931.863037
62.169, 60, 2932.308105
62.169, 60, 2932.752930
62.169, 60, 2933.197998
62.169, 60, 2933.643066
62.169, 60, 2934.088135
62.169, 60, 2934.533203
62.169, 60, 2934.978271
62.169, 60, 2935.423096
62.169, 60, 2935.868164
62.169, 60, 2936.313232
62.169, 60, 2936.758301
62.169, 60, 2937.203369
62.169, 60, 2937.648438
62.169, 60, 2938.093506
62.169, 60, 2938.538330
62.169, 60, 2938.983398
62.169, 60, 2939.428467
62.169, 60, 2939.873535
62.169, 60, 2940.318604
62.169, 60, 2940.763672
62.169, 60, 2941.208496
62.169, 60, 2941.653564
62.169, 60, 2942.098633
62.169, 60, 2942.543701
62.169, 60, 2942.988770
62.169, 60, 2943.433838
62.169, 60, 2943.878906
62.169, 60, 2944.323730
62.169, 60, 2944.768799
62.169, 60, 2945.213867
62.169, 60, 2945.658936
62.169, 60, 2946.104004
62.169, 60, 2946.549072
62.169, 60, 2946.993896
62.169, 60, 2947.438965
62.169, 60, 2947.884033
62.169, 60, 2948.329102
62.169, 60, 2948.774170
62.169, 60, 2949.219238
62.169, 60, 2949.664307
61.979, 60, 2950.109131
61.979, 60, 2950.554199
61.979, 60, 2950.999268
61.979, 60, 2951.444336
61.979, 60, 2951.889404
61.979, 60, 2952.334473
61.979, 60, 2952.779297
61.979, 60, 2953.224365
61.979, 60, 2953.669434
61.979, 60, 2954.114502
61.979, 60, 2954.559570
61.979, 60, 2955.004639
61.979, 60, 2955.449707
61.979, 60, 2955.894531
61.979, 60, 2956.339600
61.979, 60, 2956.784668
61.979, 60, 2957.229736
61.979, 60, 2957.674805
61.979, 60, 2958.119873
61.979, 60, 2958.564697
61.979, 60, 2959.009766
61.979, 60, 2959.454834
61.979, 60, 2959.899902
61.979, 60, 2960.344971
61.979, 60, 2960.790039
61.979, 60, 2961.235107
61.979, 60, 2961.679932
61.979, 60, 2962.125000
61.979, 60, 2962.570068
61.979, 60, 2963.015137
61.979, 60, 2963.460205
61.979, 60, 2963.905273
61.979, 60, 2964.350098
61.979, 60, 2964.795166
61.979, 60, 2965.240234
61.979, 60, 2965.685303
61.979, 60, 2966.130371
61.979, 60, 2966.575439
61.979, 60, 2967.020508
61.979, 60, 2967.465332
61.979, 60, 2967.910400
61.979, 60, 2968.355469
61.979, 60, 2968.800537
61.979, 60, 2969.245605
61.979, 60, 2969.690674
61.979, 60, 2970.135498
61.979, 60, 2970.580566
61.979, 60, 2971.025635
61.979, 60, 2971.470703
61.979, 60, 2971.915771
61.979, 60, 2972.360840
61.979, 60, 2972.805908
61.979, 60, 2973.250732
61.979, 60, 2973.695801
61.979, 60, 2974.140869
61.979, 60, 2974.585938
61.979, 60, 2975.031006
61.979, 60, 2975.476074
61.979, 60, 2975.920898
61.979, 60, 2976.365967
61.979, 60, 2976.811035
61.979, 60, 2977.256104
61.979, 60, 2977.701172
61.979, 60, 2978.146240
61.979, 60, 2978.591309
61.979, 60, 2979.036133
61.979, 60, 2979.481201
61.979, 60, 2979.926270
61.979, 60, 2980.371338
61.979, 60, 2980.816406
61.979, 60, 2981.261475
61.979, 60, 2981.706299
61.979, 60, 2982.151367
61.979, 60, 2982.596436
61.979, 60, 2983.041504
61.979, 60, 2983.486572
61.979, 60, 2983.931641
61.979, 60, 2984.376709
61.979, 60, 2984.821533
61.979, 60, 2985.266602
61.979, 60, 2985.711670
61.979, 60, 2986.156738
61.979, 60, 2986.601807
61.979, 60, 2987.046875
61.979, 60, 2987.491699
61.979, 60, 2987.936768
61.979, 60, 2988.381836
61.979, 60, 2988.826904
61.979, 60, 2989.271973
61.979, 60, 2989.717041
61.979, 60, 2990.162109
61.979, 60, 2990.606934
61.979, 60, 2991.052002
61.979, 60, 2991.497070
61.979, 60, 2991.942139
61.979, 60, 2992.387207
61.979, 60, 2992.832275
61.979, 60, 2993.277100
61.979, 60, 2993.722168
61.979, 60, 2994.167236
61.979, 60, 2994.612305
61.979, 60, 2995.057373
62.169, 60, 2995.502441
62.169, 60, 2995.947510
62.169, 60, 2996.392334
62.169, 60, 2996.837402
62.169, 60, 2997.282471
62.169, 60, 2997.727539
62.169, 60, 2998.172607
62.169, 60, 2998.617676
62.169, 60, 2999.062500
62.169, 60, 2999.507568
62.169, 60, 2999.952637
62.169, 60, 3000.397705
62.169, 60, 3000.842773
62.169, 60, 3001.287842
62.169, 60, 3001.732910
62.169, 60, 3002.177734
62.169, 60, 3002.622803
62.169, 60, 3003.067871
62.169, 60, 3003.512939
62.169, 60, 3003.958008
62.169, 60, 3004.403076
62.169, 60, 3004.847900
62.169, 60, 3005.292969
62.169, 60, 3005.738037
62.169, 60, 3006.183105
62.169, 60, 3006.628174
62.169, 60, 3007.073242
62.169, 60, 3007.518311
62.169, 60, 3007.963135
62.169, 60, 3008.408203
62.169, 60, 3008.853271
62.169, 60, 3009.298340
62.169, 60, 3009.743408
62.169, 60, 3010.188477
62.169, 60, 3010.633301
62.169, 60, 3011.078369
62.169, 60, 3011.523438
62.169, 60, 3011.968506
62.169, 60, 3012.413574
62.169, 60, 3012.858643
62.169, 60, 3013.303711
62.169, 60, 3013.748535
62.169, 60, 3014.193604
62.169, 60, 3014.638672
62.169, 60, 3015.083740
62.169, 60, 3015.528809
62.169, 60, 3015.973877
62.169, 60, 3016.418701
62.169, 60, 3016.863770
62.169, 60, 3017.308838
62.169, 60, 3017.753906
62.169, 60, 3018.198975
62.169, 60, 3018.644043
62.169, 60, 3019.089111
62.169, 60, 3019.533936
62.169, 60, 3019.979004
62.169, 60, 3020.424072
62.169, 60, 3020.869141
62.169, 60, 3021.314209
62.169, 60, 3021.759277
62.169, 60, 3022.204102
62.169, 60, 3022.649170
62.169, 60, 3023.094238
62.169, 60, 3023.539307
62.169, 60, 3023.984375
62.169, 60, 3024.429443
62.169, 60, 3024.874512
62.169, 60, 3025.319336
62.169, 60, 3025.764404
62.169, 60, 3026.209473
62.169, 60, 3026.654541
62.169, 60, 3027.099609
62.169, 60, 3027.544678
62.169, 60, 3027.989502
62.169, 60, 3028.434570
62.169, 60, 3028.879639
62.169, 60, 3029.324707
62.169, 60, 3029.769775
62.169, 60, 3030.214844
62.169, 60, 3030.659912
62.169, 60, 3031.104736
62.169, 60, 3031.549805
62.169, 60, 3031.994873
62.169, 60, 3032.439941
62.169, 60, 3032.885010
62.169, 60, 3033.330078
62.169, 60, 3033.774902
62.169, 60, 3034.219971
62.169, 60, 3034.665039
62.169, 60, 3035.110107
62.169, 60, 3035.555176
62.169, 60, 3036.000244
62.169, 60, 3036.445312
62.169, 60, 3036.890137
62.169, 60, 3037.335205
62.169, 60, 3037.780273
62.169, 60, 3038.225342
62.169, 60, 3038.670410
62.169, 60, 3039.115479
62.169, 60, 3039.560303
62.169, 60, 3040.005371
62.169, 60, 3040.450439
62.169, 60, 3040.895508
62.169, 60, 3041.340576
62.169, 60, 3041.785645
62.169, 60, 3042.230713
62.169, 60, 3042.675537
62.169, 60, 3043.120605
62.169, 60, 3043.565674
62.169, 60, 3044.010742
62.169, 60, 3044.455811
62.169, 60, 3044.900879
62.169, 60, 3045.345703
62.169, 60, 3045.790771
62.169, 60, 3046.235840
62.169, 60, 3046.680908
62.169, 60, 3047.125977
62.169, 60, 3047.571045
62.169, 60, 3048.016113
62.169, 60, 3048.460938
62.169, 60, 3048.906006
62.169, 60, 3049.351074
62.169, 60, 3049.796143
62.169, 60, 3050.241211
62.169, 60, 3050.686279
62.169, 60, 3051.131104
62.169, 60, 3051.576172
62.169, 60, 3052.021240
62.169, 60, 3052.466309
62.169, 60, 3052.911377
62.169, 60, 3053.356445
62.169, 60, 3053.801514
62.169, 60, 3054.246338
62.169, 60, 3054.691406
62.169, 60, 3055.136475
62.169, 60, 3055.581543
62.169, 60, 3056.026611
62.169, 60, 3056.471680
62.169, 60, 3056.916504
62.169, 60, 3057.361572
62.169, 60, 3057.806641
62.169, 60, 3058.251709
62.169, 60, 3058.696777
62.169, 60, 3059.141846
62.169, 60, 3059.586914
62.169, 60, 3060.031738
62.169, 60, 3060.476807
62.169, 60, 3060.921875
62.169, 60, 3061.366943
62.169, 60, 3061.812012
62.169, 60, 3062.257080
62.169, 60, 3062.701904
62.169, 60, 3063.146973
62.169, 60, 3063.592041
62.169, 60, 3064.037109
62.169, 60, 3064.482178
62.169, 60, 3064.927246
62.169, 60, 3065.372314
62.169, 60, 3065.817139
62.169, 60, 3066.262207
62.169, 60, 3066.707275
62.169, 60, 3067.152344
62.169, 60, 3067.597412
62.169, 60, 3068.042480
62.169, 60, 3068.487305
62.169, 60, 3068.932373
62.169, 60, 3069.377441
62.169, 60, 3069.822510
62.169, 60, 3070.267578
62.169, 60, 3070.712646
62.169, 60, 3071.157715
62.151, 60, 3071.602539
62.151, 60, 3072.047607
62.151, 60, 3072.492676
62.151, 60, 3072.937744
62.151, 60, 3073.382812
62.151, 60, 3073.827881
62.151, 60, 3074.272705
62.151, 60, 3074.717773
62.151, 60, 3075.162842
62.151, 60, 3075.607910
62.151, 60, 3076.052979
62.151, 60, 3076.498047
62.151, 60, 3076.943115
62.151, 60, 3077.387939
62.151, 60, 3077.833008
62.151, 60, 3078.278076
62.151, 60, 3078.723145
62.151, 60, 3079.168213
62.151, 60, 3079.613281
62.151, 60, 3080.058105
62.151, 60, 3080.503174
62.151, 60, 3080.948242
62.151, 60, 3081.393311
62.151, 60, 3081.838379
62.151, 60, 3082.283447
62.151, 60, 3082.728516
62.151, 60, 3083.173340
62.151, 60, 3083.618408
62.151, 60, 3084.063477
62.151, 60, 3084.508545
62.151, 60, 3084.953613
62.151, 60, 3085.398682
62.151, 60, 3085.843506
62.151, 60, 3086.288574
62.169, 60, 3086.733643
62.169, 60, 3087.178711
62.169, 60, 3087.623779
62.169, 60, 3088.068848
62.169, 60, 3088.513916
62.169, 60, 3088.958740
62.169, 60, 3089.403809
62.169, 60, 3089.848877
62.169, 60, 3090.293945
62.169, 60, 3090.739014
62.169, 60, 3091.184082
62.169, 60, 3091.628906
62.169, 60, 3092.073975
62.169, 60, 3092.519043
62.169, 60, 3092.964111
62.169, 60, 3093.409180
62.169, 60, 3093.854248
62.169, 60, 3094.299316
62.169, 60, 3094.744141
62.169, 60, 3095.189209
62.169, 60, 3095.634277
62.169, 60, 3096.079346
62.169, 60, 3096.524414
62.169, 60, 3096.969482
62.169, 60, 3097.414307
62.169, 60, 3097.859375
62.169, 60, 3098.304443
62.169, 60, 3098.749512
62.169, 60, 3099.194580
62.169, 60, 3099.639648
62.169, 60, 3100.084717
62.169, 60, 3100.529541
62.169, 60, 3100.974609
62.169, 60, 3101.419678
62.169, 60, 3101.864746
62.169, 60, 3102.309814
62.169, 60, 3102.754883
62.169, 60, 3103.199707
62.169, 60, 3103.644775
62.169, 60, 3104.089844
62.169, 60, 3104.534912
62.169, 60, 3104.979980
62.169, 60, 3105.425049
62.169, 60, 3105.870117
62.169, 60, 3106.314941
62.169, 60, 3106.760010
62.169, 60, 3107.205078
62.169, 60, 3107.650146
62.169, 60, 3108.095215
62.169, 60, 3108.540283
62.169, 60, 3108.985107
62.169, 60, 3109.430176
62.169, 60, 3109.875244
62.169, 60, 3110.320312
62.169, 60, 3110.765381
62.169, 60, 3111.210449
62.169, 60, 3111.655518
62.169, 60, 3112.100342
62.169, 60, 3112.545410
62.169, 60, 3112.990479
62.169, 60, 3113.435547
62.169, 60, 3113.880615
62.169, 60, 3114.325684
62.169, 60, 3114.770508
62.169, 60, 3115.215576
62.169, 60, 3115.660645
62.169, 60, 3116.105713
62.169, 60, 3116.550781
62.169, 60, 3116.995850
62.169, 60, 3117.440918
62.265, 60, 3117.885742
62.265, 60, 3118.330811
62.265, 60, 3118.775879
62.265, 60, 3119.220947
62.265, 60, 3119.666016
62.265, 60, 3120.111084
62.265, 60, 3120.555908
62.265, 60, 3121.000977
62.265, 60, 3121.446045
62.265, 60, 3121.891113
62.265, 60, 3122.336182
62.265, 60, 3122.781250
62.265, 60, 3123.226318
62.265, 60, 3123.671143
62.265, 60, 3124.116211
62.265, 60, 3124.561279
62.265, 60, 3125.006348
62.265, 60, 3125.451416
62.265, 60, 3125.896484
62.265, 60, 3126.341309
62.265, 60, 3126.786377
62.265, 60, 3127.231445
62.265, 60, 3127.676514
62.265, 60, 3128.121582
62.265, 60, 3128.566650
62.265, 60, 3129.011719
62.265, 60, 3129.456543
62.265, 60, 3129.901611
62.265, 60, 3130.346680
62.265, 60, 3130.791748
62.265, 60, 3131.236816
62.265, 60, 3131.681885
62.265, 60, 3132.126709
62.265, 60, 3132.571777
62.265, 60, 3133.016846
62.265, 60, 3133.461914
62.265, 60, 3133.906982
62.265, 60, 3134.352051
62.265, 60, 3134.797119
62.265, 60, 3135.241943
62.265, 60, 3135.687012
62.265, 60, 3136.132080
62.265, 60, 3136.577148
62.265, 60, 3137.022217
62.265, 60, 3137.467285
62.265, 60, 3137.912109
62.265, 60, 3138.357178
62.265, 60, 3138.802246
62.265, 60, 3139.247314
62.265, 60, 3139.692383
62.265, 60, 3140.137451
62.265, 60, 3140.582520
62.265, 60, 3141.027344
62.265, 60, 3141.472412
62.265, 60, 3141.917480
62.265, 60, 3142.362549
62.265, 60, 3142.807617
62.265, 60, 3143.252686
62.265, 60, 3143.697510
62.265, 60, 3144.142578
62.265, 60, 3144.587646
62.265, 60, 3145.032715
62.265, 60, 3145.477783
62.265, 60, 3145.922852
62.265, 60, 3146.367920
62.265, 60, 3146.812744
62.265, 60, 3147.257812
62.265, 60, 3147.702881
62.265, 60, 3148.147949
62.265, 60, 3148.593018
62.265, 60, 3149.038086
62.265, 60, 3149.482910
62.265, 60, 3149.927979
62.265, 60, 3150.373047
62.265, 60, 3150.818115
62.265, 60, 3151.263184
62.265, 60, 3151.708252
62.265, 60, 3152.153320
62.265, 60, 3152.598145
62.265, 60, 3153.043213
62.265, 60, 3153.488281
62.265, 60, 3153.933350
62.265, 60, 3154.378418
62.265, 60, 3154.823486
62.265, 60, 3155.268311
62.265, 60, 3155.713379
62.265, 60, 3156.158447
62.265, 60, 3156.603516
62.265, 60, 3157.048584
62.265, 60, 3157.493652
62.265, 60, 3157.938721
62.265, 60, 3158.383545
62.265, 60, 3158.828613
62.265, 60, 3159.273682
62.265, 60, 3159.718750
62.265, 60, 3160.163818
62.265, 60, 3160.608887
62.265, 60, 3161.053711
62.265, 60, 3161.498779
62.265, 60, 3161.943848
62.265, 60, 3162.388916
62.265, 60, 3162.833984
62.265, 60, 3163.279053
62.265, 60, 3163.724121
62.265, 60, 3164.168945
62.265, 60, 3164.614014
62.265, 60, 3165.059082
62.265, 60, 3165.504150
62.265, 60, 3165.949219
62.265, 60, 3166.394287
62.265, 60, 3166.839111
62.265, 60, 3167.284180
62.265, 60, 3167.729248
62.265, 60, 3168.174316
62.265, 60, 3168.619385
62.265, 60, 3169.064453
62.265, 60, 3169.509521
62.265, 60, 3169.954346
62.265, 60, 3170.399414
62.265, 60, 3170.844482
62.265, 60, 3171.289551
62.265, 60, 3171.734619
62.265, 60, 3172.179688
62.265, 60, 3172.624512
62.265, 60, 3173.069580
62.265, 60, 3173.514648
62.265, 60, 3173.959717
62.265, 60, 3174.404785
62.265, 60, 3174.849854
62.265, 60, 3175.294922
62.265, 60, 3175.739746
62.265, 60, 3176.184814
62.265, 60, 3176.629883
62.265, 60, 3177.074951
62.265, 60, 3177.520020
62.265, 60, 3177.965088
62.265, 60, 3178.409912
62.265, 60, 3178.854980
62.265, 60, 3179.300049
62.265, 60, 3179.745117
62.265, 60, 3180.190186
62.265, 60, 3180.635254
62.265, 60, 3181.080322
62.265, 60, 3181.525146
62.265, 60, 3181.970215
62.265, 60, 3182.415283
62.265, 60, 3182.860352
62.265, 60, 3183.305420
62.265, 60, 3183.750488
62.265, 60, 3184.195312
62.265, 60, 3184.640381
62.265, 60, 3185.085449
62.265, 60, 3185.530518
62.265, 60, 3185.975586
62.265, 60, 3186.420654
62.265, 60, 3186.865723
62.265, 60, 3187.310547
62.265, 60, 3187.755615
62.265, 60, 3188.200684
62.265, 60, 3188.645752
62.265, 60, 3189.090820
62.265, 60, 3189.535889
62.265, 60, 3189.980957
62.265, 60, 3190.425781
62.265, 60, 3190.870850
62.265, 60, 3191.315918
62.265, 60, 3191.760986
62.265, 60, 3192.206055
62.265, 60, 3192.651123
62.265, 60, 3193.095947
62.265, 60, 3193.541016
62.265, 60, 3193.986084
62.265, 60, 3194.431152
62.247, 60, 3194.876221
62.247, 60, 3195.321289
62.247, 60, 3195.766357
62.247, 60, 3196.211182
62.247, 60, 3196.656250
62.247, 60, 3197.101318
62.247, 60, 3197.546387
62.247, 60, 3197.991455
62.247, 60, 3198.436523
62.247, 60, 3198.881348
62.247, 60, 3199.326416
62.247, 60, 3199.771484
62.247, 60, 3200.216553
62.247, 60, 3200.661621
62.247, 60, 3201.106689
62.247, 60, 3201.551758
62.247, 60, 3201.996582
62.247, 60, 3202.441650
62.247, 60, 3202.886719
62.247, 60, 3203.331787
62.247, 60, 3203.776855
62.247, 60, 3204.221924
62.247, 60, 3204.666748
62.247, 60, 3205.111816
62.247, 60, 3205.556885
62.247, 60, 3206.001953
62.247, 60, 3206.447021
62.247, 60, 3206.892090
62.247, 60, 3207.337158
62.247, 60, 3207.781982
62.247, 60, 3208.227051
62.247, 60, 3208.672119
62.247, 60, 3209.117188
62.247, 60, 3209.562256
62.247, 60, 3210.007324
62.342, 60, 3210.452148
62.342, 60, 3210.897217
62.342, 60, 3211.342285
62.342, 60, 3211.787354
62.342, 60, 3212.232422
62.342, 60, 3212.677490
62.342, 60, 3213.122559
62.342, 60, 3213.567383
62.342, 60, 3214.012451
62.342, 60, 3214.457520
62.342, 60, 3214.902588
62.342, 60, 3215.347656
62.342, 60, 3215.792725
62.342, 60, 3216.237549
62.342, 60, 3216.682617
62.342, 60, 3217.127686
62.342, 60, 3217.572754
62.342, 60, 3218.017822
62.342, 60, 3218.462891
62.342, 60, 3218.907959
62.342, 60, 3219.352783
62.342, 60, 3219.797852
62.342, 60, 3220.242920
62.342, 60, 3220.687988
62.342, 60, 3221.133057
62.342, 60, 3221.578125
62.342, 60, 3222.022949
62.342, 60, 3222.468018
62.342, 60, 3222.913086
62.342, 60, 3223.358154
62.342, 60, 3223.803223
62.342, 60, 3224.248291
62.342, 60, 3224.693359
62.342, 60, 3225.138184
62.247, 60, 3225.583252
62.247, 60, 3226.028320
62.247, 60, 3226.473389
62.247, 60, 3226.918457
62.247, 60, 3227.363525
62.247, 60, 3227.808350
62.247, 60, 3228.253418
62.247, 60, 3228.698486
62.247, 60, 3229.143555
62.247, 60, 3229.588623
62.247, 60, 3230.033691
62.247, 60, 3230.478760
62.247, 60, 3230.923584
62.247, 60, 3231.368652
62.247, 60, 3231.813721
62.247, 60, 3232.258789
62.247, 60, 3232.703857
62.247, 60, 3233.148926
62.247, 60, 3233.593750
62.247, 60, 3234.038818
62.247, 60, 3234.483887
62.247, 60, 3234.928955
62.247, 60, 3235.374023
62.247, 60, 3235.819092
62.247, 60, 3236.264160
62.247, 60, 3236.708984
62.247, 60, 3237.154053
62.247, 60, 3237.599121
62.247, 60, 3238.044189
62.247, 60, 3238.489258
62.247, 60, 3238.934326
62.247, 60, 3239.379150
62.247, 60, 3239.824219
62.247, 60, 3240.269287
62.169, 60, 3240.714355
62.169, 60, 3241.159424
62.169, 60, 3241.604492
62.169, 60, 3242.049561
62.169, 60, 3242.494385
62.169, 60, 3242.939453
62.169, 60, 3243.384521
62.169, 60, 3243.829590
62.169, 60, 3244.274658
62.169, 60, 3244.719727
62.169, 60, 3245.164551
62.169, 60, 3245.609619
62.169, 60, 3246.054688
62.169, 60, 3246.499756
62.169, 60, 3246.944824
62.169, 60, 3247.389893
62.169, 60, 3247.834961
62.169, 60, 3248.279785
62.169, 60, 3248.724854
62.169, 60, 3249.169922
62.169, 60, 3249.614990
62.169, 60, 3250.060059
62.169, 60, 3250.505127
62.169, 60, 3250.949951
62.169, 60, 3251.395020
62.169, 60, 3251.840088
62.169, 60, 3252.285156
62.169, 60, 3252.730225
62.169, 60, 3253.175293
62.169, 60, 3253.620361
62.169, 60, 3254.065186
62.169, 60, 3254.510254
62.169, 60, 3254.955322
62.169, 60, 3255.400391
61.979, 60, 3255.845459
61.979, 60, 3256.290527
61.979, 60, 3256.735352
61.979, 60, 3257.180420
61.979, 60, 3257.625488
61.979, 60, 3258.070557
61.979, 60, 3258.515625
61.979, 60, 3258.960693
61.979, 60, 3259.405762
61.979, 60, 3259.850586
61.979, 60, 3260.295654
61.979, 60, 3260.740723
61.979, 60, 3261.185791
61.979, 60, 3261.630859
61.979, 60, 3262.075928
61.979, 60, 3262.520752
61.979, 60, 3262.965820
61.979, 60, 3263.410889
61.979, 60, 3263.855957
61.979, 60, 3264.301025
61.979, 60, 3264.746094
61.979, 60, 3265.191162
61.979, 60, 3265.635986
61.979, 60, 3266.081055
61.979, 60, 3266.526123
61.979, 60, 3266.971191
61.979, 60, 3267.416260
61.979, 60, 3267.861328
61.979, 60, 3268.306152
61.979, 60, 3268.751221
61.979, 60, 3269.196289
61.979, 60, 3269.641357
61.979, 60, 3270.086426
61.979, 60, 3270.531494
61.884, 60, 3270.976562
61.884, 60, 3271.421387
61.884, 60, 3271.866455
61.884, 60, 3272.311523
61.884, 60, 3272.756592
61.884, 60, 3273.201660
61.884, 60, 3273.646729
61.884, 60, 3274.091553
61.884, 60, 3274.536621
61.884, 60, 3274.981689
61.884, 60, 3275.426758
61.884, 60, 3275.871826
61.884, 60, 3276.316895
61.884, 60, 3276.761963
61.884, 60, 3277.206787
61.884, 60, 3277.651855
61.884, 60, 3278.096924
61.884, 60, 3278.541992
61.884, 60, 3278.987061
61.884, 60, 3279.432129
61.884, 60, 3279.876953
61.884, 60, 3280.322021
61.884, 60, 3280.767090
61.884, 60, 3281.212158
61.884, 60, 3281.657227
61.884, 60, 3282.102295
61.884, 60, 3282.547363
61.884, 60, 3282.992188
61.884, 60, 3283.437256
61.884, 60, 3283.882324
61.884, 60, 3284.327393
61.884, 60, 3284.772461
61.884, 60, 3285.217529
61.884, 60, 3285.662354
61.884, 60, 3286.107422
61.884, 60, 3286.552490
61.884, 60, 3286.997559
61.884, 60, 3287.442627
61.884, 60, 3287.887695
61.884, 60, 3288.332764
61.884, 60, 3288.777588
61.884, 60, 3289.222656
61.884, 60, 3289.667725
61.884, 60, 3290.112793
61.884, 60, 3290.557861
61.884, 60, 3291.002930
61.884, 60, 3291.447754
61.884, 60, 3291.892822
61.884, 60, 3292.337891
61.884, 60, 3292.782959
61.884, 60, 3293.228027
61.884, 60, 3293.673096
61.884, 60, 3294.118164
61.884, 60, 3294.562988
61.884, 60, 3295.008057
61.884, 60, 3295.453125
61.884, 60, 3295.898193
61.884, 60, 3296.343262
61.884, 60, 3296.788330
61.884, 60, 3297.233154
61.884, 60, 3297.678223
61.884, 60, 3298.123291
61.884, 60, 3298.568359
61.884, 60, 3299.013428
61.884, 60, 3299.458496
61.884, 60, 3299.903564
61.884, 60, 3300.348389
61.884, 60, 3300.793457
61.884, 60, 3301.238525
61.884, 60, 3301.683594
61.884, 60, 3302.128662
61.884, 60, 3302.573730
61.884, 60, 3303.018555
61.884, 60, 3303.463623
61.884, 60, 3303.908691
61.884, 60, 3304.353760
61.884, 60, 3304.798828
61.884, 60, 3305.243896
61.884, 60, 3305.688965
61.884, 60, 3306.133789
61.884, 60, 3306.578857
61.884, 60, 3307.023926
61.884, 60, 3307.468994
61.884, 60, 3307.914062
61.884, 60, 3308.359131
61.884, 60, 3308.803955
61.884, 60, 3309.249023
61.884, 60, 3309.694092
61.884, 60, 3310.139160
61.884, 60, 3310.584229
61.884, 60, 3311.029297
61.884, 60, 3311.474365
61.884, 60, 3311.919189
61.884, 60, 3312.364258
61.884, 60, 3312.809326
61.884, 60, 3313.254395
61.884, 60, 3313.699463
61.884, 60, 3314.144531
61.884, 60, 3314.589355
61.884, 60, 3315.034424
61.884, 60, 3315.479492
61.884, 60, 3315.924561
61.884, 60, 3316.369629
61.884, 60, 3316.814697
61.884, 60, 3317.259766
61.884, 60, 3317.704590
61.884, 60, 3318.149658
61.884, 60, 3318.594727
61.884, 60, 3319.039795
61.884, 60, 3319.484863
61.884, 60, 3319.929932
61.884, 60, 3320.374756
61.884, 60, 3320.819824
61.884, 60, 3321.264893
61.884, 60, 3321.709961
61.884, 60, 3322.155029
61.884, 60, 3322.600098
61.884, 60, 3323.045166
61.884, 60, 3323.489990
61.884, 60, 3323.935059
61.884, 60, 3324.380127
61.884, 60, 3324.825195
61.884, 60, 3325.270264
61.884, 60, 3325.715332
61.884, 60, 3326.160156
61.884, 60, 3326.605225
61.884, 60, 3327.050293
61.884, 60, 3327.495361
61.884, 60, 3327.940430
61.884, 60, 3328.385498
61.884, 60, 3328.830566
61.884, 60, 3329.275391
61.884, 60, 3329.720459
61.884, 60, 3330.165527
61.884, 60, 3330.610596
61.884, 60, 3331.055664
61.884, 60, 3331.500732
61.884, 60, 3331.945557
61.884, 60, 3332.390625
61.884, 60, 3332.835693
61.884, 60, 3333.280762
61.884, 60, 3333.725830
61.884, 60, 3334.170898
61.884, 60, 3334.615967
61.884, 60, 3335.060791
61.884, 60, 3335.505859
61.884, 60, 3335.950928
61.884, 60, 3336.395996
61.884, 60, 3336.841064
61.884, 60, 3337.286133
61.884, 60, 3337.730957
61.884, 60, 3338.176025
61.884, 60, 3338.621094
61.884, 60, 3339.066162
61.884, 60, 3339.511230
61.884, 60, 3339.956299
61.884, 60, 3340.401367
61.884, 60, 3340.846191
61.884, 60, 3341.291260
61.884, 60, 3341.736328
61.884, 60, 3342.181396
61.884, 60, 3342.626465
61.884, 60, 3343.071533
61.884, 60, 3343.516357
61.884, 60, 3343.961426
61.884, 60, 3344.406494
61.884, 60, 3344.851562
61.884, 60, 3345.296631
61.884, 60, 3345.741699
61.884, 60, 3346.186768
61.884, 60, 3346.631592
61.884, 60, 3347.076660
61.884, 60, 3347.521729
61.884, 60, 3347.966797
61.884, 60, 3348.411865
61.884, 60, 3348.856934
61.884, 60, 3349.301758
61.884, 60, 3349.746826
61.884, 60, 3350.191895
61.884, 60, 3350.636963
61.884, 60, 3351.082031
61.884, 60, 3351.527100
61.884, 60, 3351.972168
61.884, 60, 3352.416992
61.884, 60, 3352.862061
61.884, 60, 3353.307129
61.884, 60, 3353.752197
61.884, 60, 3354.197266
61.884, 60, 3354.642334
61.884, 60, 3355.087158
61.884, 60, 3355.532227
61.884, 60, 3355.977295
61.884, 60, 3356.422363
61.884, 60, 3356.867432
61.884, 60, 3357.312500
61.884, 60, 3357.757568
61.884, 60, 3358.202393
61.884, 60, 3358.647461
61.884, 60, 3359.092529
61.884, 60, 3359.537598
61.884, 60, 3359.982666
61.884, 60, 3360.427734
61.884, 60, 3360.872559
61.884, 60, 3361.317627
61.884, 60, 3361.762695
61.884, 60, 3362.207764
61.884, 60, 3362.652832
61.884, 60, 3363.097900
61.884, 60, 3363.542969
61.884, 60, 3363.987793
61.884, 60, 3364.432861
61.884, 60, 3364.877930
61.884, 60, 3365.322998
61.884, 60, 3365.768066
61.884, 60, 3366.213135
61.884, 60, 3366.657959
61.884, 60, 3367.103027
61.884, 60, 3367.548096
61.884, 60, 3367.993164
61.884, 60, 3368.438232
61.884, 60, 3368.883301
61.884, 60, 3369.328369
61.884, 60, 3369.773193
61.884, 60, 3370.218262
61.884, 60, 3370.663330
61.884, 60, 3371.108398
61.884, 60, 3371.553467
61.884, 60, 3371.998535
61.884, 60, 3372.443359
61.884, 60, 3372.888428
61.884, 60, 3373.333496
61.884, 60, 3373.778564
61.884, 60, 3374.223633
61.884, 60, 3374.668701
61.884, 60, 3375.113770
61.884, 60, 3375.558594
61.884, 60, 3376.003662
61.884, 60, 3376.448730
61.884, 60, 3376.893799
61.884, 60, 3377.338867
61.884, 60, 3377.783936
61.884, 60, 3378.228760
61.884, 60, 3378.673828
61.979, 60, 3379.118896
61.979, 60, 3379.563965
61.979, 60, 3380.009033
61.979, 60, 3380.454102
61.979, 60, 3380.899170
61.979, 60, 3381.343994
61.979, 60, 3381.789062
61.979, 60, 3382.234131
61.979, 60, 3382.679199
61.979, 60, 3383.124268
61.979, 60, 3383.569336
61.979, 60, 3384.014160
61.979, 60, 3384.459229
61.979, 60, 3384.904297
61.979, 60, 3385.349365
61.979, 60, 3385.794434
61.979, 60, 3386.239502
61.979, 60, 3386.684570
61.979, 60, 3387.129395
61.979, 60, 3387.574463
61.979, 60, 3388.019531
61.979, 60, 3388.464600
61.979, 60, 3388.909668
61.979, 60, 3389.354736
61.979, 60, 3389.799561
61.979, 60, 3390.244629
61.979, 60, 3390.689697
61.979, 60, 3391.134766
61.979, 60, 3391.579834
61.979, 60, 3392.024902
61.979, 60, 3392.469971
61.979, 60, 3392.914795
61.979, 60, 3393.359863
61.979, 60, 3393.804932
61.979, 60, 3394.250000
61.979, 60, 3394.695068
61.979, 60, 3395.140137
61.979, 60, 3395.584961
61.979, 60, 3396.030029
61.979, 60, 3396.475098
61.979, 60, 3396.920166
61.979, 60, 3397.365234
61.979, 60, 3397.810303
61.979, 60, 3398.255371
61.979, 60, 3398.700195
61.979, 60, 3399.145264
61.979, 60, 3399.590332
61.979, 60, 3400.035400
61.979, 60, 3400.480469
61.979, 60, 3400.925537
61.979, 60, 3401.370361
61.979, 60, 3401.815430
61.979, 60, 3402.260498
61.979, 60, 3402.705566
61.979, 60, 3403.150635
61.979, 60, 3403.595703
61.979, 60, 3404.040771
61.979, 60, 3404.485596
61.979, 60, 3404.930664
61.979, 60, 3405.375732
61.979, 60, 3405.820801
61.979, 60, 3406.265869
61.979, 60, 3406.710938
61.979, 60, 3407.155762
61.979, 60, 3407.600830
61.979, 60, 3408.045898
61.979, 60, 3408.490967
61.979, 60, 3408.936035
61.979, 60, 3409.381104
61.979, 60, 3409.826172
61.979, 60, 3410.270996
61.979, 60, 3410.716064
61.979, 60, 3411.161133
61.979, 60, 3411.606201
61.979, 60, 3412.051270
61.979, 60, 3412.496338
61.979, 60, 3412.941162
61.979, 60, 3413.386230
61.979, 60, 3413.831299
61.979, 60, 3414.276367
61.979, 60, 3414.721436
61.979, 60, 3415.166504
61.979, 60, 3415.611572
61.979, 60, 3416.056396
61.979, 60, 3416.501465
61.979, 60, 3416.946533
61.979, 60, 3417.391602
61.979, 60, 3417.836670
61.979, 60, 3418.281738
61.979, 60, 3418.726562
61.979, 60, 3419.171631
61.979, 60, 3419.616699
61.979, 60, 3420.061768
61.979, 60, 3420.506836
61.979, 60, 3420.951904
61.979, 60, 3421.396973
61.979, 60, 3421.841797
61.979, 60, 3422.286865
61.979, 60, 3422.731934
61.979, 60, 3423.177002
61.979, 60, 3423.622070
61.979, 60, 3424.067139
61.979, 60, 3424.511963
61.884, 60, 3424.957031
61.884, 60, 3425.402100
61.884, 60, 3425.847168
61.884, 60, 3426.292236
61.884, 60, 3426.737305
61.884, 60, 3427.182373
61.884, 60, 3427.627197
61.884, 60, 3428.072266
61.884, 60, 3428.517334
61.884, 60, 3428.962402
61.884, 60, 3429.407471
61.884, 60, 3429.852539
61.884, 60, 3430.297363
61.884, 60, 3430.742432
61.884, 60, 3431.187500
61.884, 60, 3431.632568
61.884, 60, 3432.077637
61.884, 60, 3432.522705
61.884, 60, 3432.967773
61.884, 60, 3433.412598
61.884, 60, 3433.857666
61.884, 60, 3434.302734
61.884, 60, 3434.747803
61.884, 60, 3435.192871
61.884, 60, 3435.637939
61.884, 60, 3436.082764
61.884, 60, 3436.527832
61.884, 60, 3436.972900
61.884, 60, 3437.417969
61.884, 60, 3437.863037
61.884, 60, 3438.308105
61.884, 60, 3438.753174
61.884, 60, 3439.197998
61.884, 60, 3439.643066
61.884, 60, 3440.088135
61.884, 60, 3440.533203
61.884, 60, 3440.978271
61.884, 60, 3441.423340
61.884, 60, 3441.868164
61.884, 60, 3442.313232
61.884, 60, 3442.758301
61.884, 60, 3443.203369
61.884, 60, 3443.648438
61.884, 60, 3444.093506
61.884, 60, 3444.538574
61.884, 60, 3444.983398
61.884, 60, 3445.428467
61.884, 60, 3445.873535
61.884, 60, 3446.318604
61.884, 60, 3446.763672
61.884, 60, 3447.208740
61.884, 60, 3447.653564
61.884, 60, 3448.098633
61.884, 60, 3448.543701
61.884, 60, 3448.988770
61.884, 60, 3449.433838
61.884, 60, 3449.878906
61.884, 60, 3450.323975
61.884, 60, 3450.768799
61.884, 60, 3451.213867
61.884, 60, 3451.658936
61.884, 60, 3452.104004
61.884, 60, 3452.549072
61.884, 60, 3452.994141
61.884, 60, 3453.438965
61.884, 60, 3453.884033
61.884, 60, 3454.329102
61.884, 60, 3454.774170
61.979, 60, 3455.219238
61.979, 60, 3455.664307
61.979, 60, 3456.109375
61.979, 60, 3456.554199
61.979, 60, 3456.999268
61.979, 60, 3457.444336
61.979, 60, 3457.889404
61.979, 60, 3458.334473
61.979, 60, 3458.779541
61.979, 60, 3459.224365
61.979, 60, 3459.669434
61.979, 60, 3460.114502
61.979, 60, 3460.559570
61.979, 60, 3461.004639
61.979, 60, 3461.449707
61.979, 60, 3461.894775
61.979, 60, 3462.339600
61.979, 60, 3462.784668
61.979, 60, 3463.229736
61.979, 60, 3463.674805
61.979, 60, 3464.119873
61.979, 60, 3464.564941
61.979, 60, 3465.009766
61.979, 60, 3465.454834
61.979, 60, 3465.899902
61.979, 60, 3466.344971
61.979, 60, 3466.790039
61.979, 60, 3467.235107
61.979, 60, 3467.680176
61.979, 60, 3468.125000
61.979, 60, 3468.570068
61.979, 60, 3469.015137
61.979, 60, 3469.460205
61.979, 60, 3469.905273
61.979, 60, 3470.350342
62.074, 60, 3470.795166
62.074, 60, 3471.240234
62.074, 60, 3471.685303
62.074, 60, 3472.130371
62.074, 60, 3472.575439
62.074, 60, 3473.020508
62.074, 60, 3473.465576
62.074, 60, 3473.910400
62.074, 60, 3474.355469
62.074, 60, 3474.800537
62.074, 60, 3475.245605
62.074, 60, 3475.690674
62.074, 60, 3476.135742
62.074, 60, 3476.580566
62.074, 60, 3477.025635
62.074, 60, 3477.470703
62.074, 60, 3477.915771
62.074, 60, 3478.360840
62.074, 60, 3478.805908
62.074, 60, 3479.250977
62.074, 60, 3479.695801
62.074, 60, 3480.140869
62.074, 60, 3480.585938
62.074, 60, 3481.031006
62.074, 60, 3481.476074
62.074, 60, 3481.921143
62.074, 60, 3482.365967
62.074, 60, 3482.811035
62.074, 60, 3483.256104
62.074, 60, 3483.701172
62.074, 60, 3484.146240
62.074, 60, 3484.591309
62.074, 60, 3485.036377
62.074, 60, 3485.481201
62.074, 60, 3485.926270
62.074, 60, 3486.371338
62.074, 60, 3486.816406
62.074, 60, 3487.261475
62.074, 60, 3487.706543
62.074, 60, 3488.151367
62.074, 60, 3488.596436
62.074, 60, 3489.041504
62.074, 60, 3489.486572
62.074, 60, 3489.931641
62.074, 60, 3490.376709
62.074, 60, 3490.821777
62.074, 60, 3491.266602
62.074, 60, 3491.711670
62.074, 60, 3492.156738
62.074, 60, 3492.601807
62.074, 60, 3493.046875
62.074, 60, 3493.491943
62.074, 60, 3493.936768
62.074, 60, 3494.381836
62.074, 60, 3494.826904
62.074, 60, 3495.271973
62.074, 60, 3495.717041
62.074, 60, 3496.162109
62.074, 60, 3496.607178
62.074, 60, 3497.052002
62.074, 60, 3497.497070
62.074, 60, 3497.942139
62.074, 60, 3498.387207
62.074, 60, 3498.832275
62.074, 60, 3499.277344
62.074, 60, 3499.722168
62.074, 60, 3500.167236
62.074, 60, 3500.612305
62.074, 60, 3501.057373
62.074, 60, 3501.502441
62.074, 60, 3501.947510
62.074, 60, 3502.392578
62.074, 60, 3502.837402
62.074, 60, 3503.282471
62.074, 60, 3503.727539
62.074, 60, 3504.172607
62.074, 60, 3504.617676
62.074, 60, 3505.062744
62.074, 60, 3505.507568
62.074, 60, 3505.952637
62.074, 60, 3506.397705
62.074, 60, 3506.842773
62.074, 60, 3507.287842
62.074, 60, 3507.732910
62.074, 60, 3508.177979
62.074, 60, 3508.622803
62.074, 60, 3509.067871
62.074, 60, 3509.512939
62.074, 60, 3509.958008
62.074, 60, 3510.403076
62.074, 60, 3510.848145
62.074, 60, 3511.292969
62.074, 60, 3511.738037
62.074, 60, 3512.183105
62.074, 60, 3512.628174
62.074, 60, 3513.073242
62.074, 60, 3513.518311
62.074, 60, 3513.963379
62.074, 60, 3514.408203
62.074, 60, 3514.853271
62.074, 60, 3515.298340
62.074, 60, 3515.743408
62.074, 60, 3516.188477
62.074, 60, 3516.633545
62.074, 60, 3517.078369
62.169, 60, 3517.523438
62.169, 60, 3517.968506
62.169, 60, 3518.413574
62.169, 60, 3518.858643
62.169, 60, 3519.303711
62.169, 60, 3519.748779
62.169, 60, 3520.193604
62.169, 60, 3520.638672
62.169, 60, 3521.083740
62.169, 60, 3521.528809
62.169, 60, 3521.973877
62.169, 60, 3522.418945
62.169, 60, 3522.863770
62.169, 60, 3523.308838
62.169, 60, 3523.753906
62.169, 60, 3524.198975
62.169, 60, 3524.644043
62.169, 60, 3525.089111
62.169, 60, 3525.534180
62.169, 60, 3525.979004
62.169, 60, 3526.424072
62.169, 60, 3526.869141
62.169, 60, 3527.314209
62.169, 60, 3527.759277
62.169, 60, 3528.204346
62.169, 60, 3528.649170
62.169, 60, 3529.094238
62.169, 60, 3529.539307
62.169, 60, 3529.984375
62.169, 60, 3530.429443
62.169, 60, 3530.874512
62.169, 60, 3531.319580
62.169, 60, 3531.764404
62.169, 60, 3532.209473
62.169, 60, 3532.654541
62.169, 60, 3533.099609
62.169, 60, 3533.544678
62.169, 60, 3533.989746
62.169, 60, 3534.434570
62.169, 60, 3534.879639
62.169, 60, 3535.324707
62.169, 60, 3535.769775
62.169, 60, 3536.214844
62.169, 60, 3536.659912
62.169, 60, 3537.104980
62.169, 60, 3537.549805
62.169, 60, 3537.994873
62.169, 60, 3538.439941
62.169, 60, 3538.885010
62.169, 60, 3539.330078
62.169, 60, 3539.775146
62.169, 60, 3540.219971
62.169, 60, 3540.665039
62.169, 60, 3541.110107
62.169, 60, 3541.555176
62.169, 60, 3542.000244
62.169, 60, 3542.445312
62.169, 60, 3542.890381
62.169, 60, 3543.335205
62.169, 60, 3543.780273
62.169, 60, 3544.225342
62.169, 60, 3544.670410
62.169, 60, 3545.115479
62.169, 60, 3545.560547
62.169, 60, 3546.005371
62.169, 60, 3546.450439
62.169, 60, 3546.895508
62.169, 60, 3547.340576
62.169, 60, 3547.785645
62.265, 60, 3548.230713
62.265, 60, 3548.675781
62.265, 60, 3549.120605
62.265, 60, 3549.565674
62.265, 60, 3550.010742
62.265, 60, 3550.455811
62.265, 60, 3550.900879
62.265, 60, 3551.345947
62.265, 60, 3551.790771
62.265, 60, 3552.235840
62.265, 60, 3552.680908
62.265, 60, 3553.125977
62.265, 60, 3553.571045
62.265, 60, 3554.016113
62.265, 60, 3554.461182
62.265, 60, 3554.906006
62.265, 60, 3555.351074
62.265, 60, 3555.796143
62.265, 60, 3556.241211
62.265, 60, 3556.686279
62.265, 60, 3557.131348
62.265, 60, 3557.576172
62.265, 60, 3558.021240
62.265, 60, 3558.466309
62.265, 60, 3558.911377
62.265, 60, 3559.356445
62.265, 60, 3559.801514
62.265, 60, 3560.246582
62.265, 60, 3560.691406
62.265, 60, 3561.136475
62.265, 60, 3561.581543
62.265, 60, 3562.026611
62.265, 60, 3562.471680
62.265, 60, 3562.916748
62.169, 60, 3563.361572
62.169, 60, 3563.806641
62.169, 60, 3564.251709
62.169, 60, 3564.696777
62.169, 60, 3565.141846
62.169, 60, 3565.586914
62.169, 60, 3566.031982
62.169, 60, 3566.476807
62.169, 60, 3566.921875
62.169, 60, 3567.366943
62.169, 60, 3567.812012
62.169, 60, 3568.257080
62.169, 60, 3568.702148
62.169, 60, 3569.146973
62.169, 60, 3569.592041
62.169, 60, 3570.037109
62.169, 60, 3570.482178
62.169, 60, 3570.927246
62.169, 60, 3571.372314
62.169, 60, 3571.817383
62.169, 60, 3572.262207
62.169, 60, 3572.707275
62.169, 60, 3573.152344
62.169, 60, 3573.597412
62.169, 60, 3574.042480
62.169, 60, 3574.487549
62.169, 60, 3574.932373
62.169, 60, 3575.377441
62.169, 60, 3575.822510
62.169, 60, 3576.267578
62.169, 60, 3576.712646
62.169, 60, 3577.157715
62.169, 60, 3577.602783
62.169, 60, 3578.047607
62.169, 60, 3578.492676
62.169, 60, 3578.937744
62.169, 60, 3579.382812
62.169, 60, 3579.827881
62.169, 60, 3580.272949
62.169, 60, 3580.717773
62.169, 60, 3581.162842
62.169, 60, 3581.607910
62.169, 60, 3582.052979
62.169, 60, 3582.498047
62.169, 60, 3582.943115
62.169, 60, 3583.388184
62.169, 60, 3583.833008
62.169, 60, 3584.278076
62.169, 60, 3584.723145
62.169, 60, 3585.168213
62.169, 60, 3585.613281
62.169, 60, 3586.058350
62.169, 60, 3586.503174
62.169, 60, 3586.948242
62.169, 60, 3587.393311
62.169, 60, 3587.838379
62.169, 60, 3588.283447
62.169, 60, 3588.728516
62.169, 60, 3589.173584
62.169, 60, 3589.618408
62.169, 60, 3590.063477
62.169, 60, 3590.508545
62.169, 60, 3590.953613
62.169, 60, 3591.398682
62.169, 60, 3591.843750
62.169, 60, 3592.288574
62.169, 60, 3592.733643
62.169, 60, 3593.178711
62.169, 60, 3593.623779
62.074, 60, 3594.068848
62.074, 60, 3594.513916
62.074, 60, 3594.958984
62.074, 60, 3595.403809
62.074, 60, 3595.848877
62.074, 60, 3596.293945
62.074, 60, 3596.739014
62.074, 60, 3597.184082
62.074, 60, 3597.629150
62.074, 60, 3598.073975
62.074, 60, 3598.519043
62.074, 60, 3598.964111
62.074, 60, 3599.409180
62.074, 60, 3599.854248
62.074, 60, 3600.299316
62.074, 60, 3600.744385
62.074, 60, 3601.189209
62.074, 60, 3601.634277
62.074, 60, 3602.079346
62.074, 60, 3602.524414
62.074, 60, 3602.969482
62.074, 60, 3603.414551
62.074, 60, 3603.859375
62.074, 60, 3604.304443
62.074, 60, 3604.749512
62.074, 60, 3605.194580
62.074, 60, 3605.639648
62.074, 60, 3606.084717
62.074, 60, 3606.529785
62.074, 60, 3606.974609
62.074, 60, 3607.419678
62.074, 60, 3607.864746
62.074, 60, 3608.309814
62.074, 60, 3608.754883
61.979, 60, 3609.199951
61.979, 60, 3609.644775
61.979, 60, 3610.089844
61.979, 60, 3610.534912
61.979, 60, 3610.979980
61.979, 60, 3611.425049
61.979, 60, 3611.870117
61.979, 60, 3612.315186
61.979, 60, 3612.760010
61.979, 60, 3613.205078
61.979, 60, 3613.650146
61.979, 60, 3614.095215
61.979, 60, 3614.540283
61.979, 60, 3614.985352
61.979, 60, 3615.430176
61.979, 60, 3615.875244
61.979, 60, 3616.320312
61.979, 60, 3616.765381
61.979, 60, 3617.210449
61.979, 60, 3617.655518
61.979, 60, 3618.100586
61.979, 60, 3618.545410
61.979, 60, 3618.990479
61.979, 60, 3619.435547
61.979, 60, 3619.880615
61.979, 60, 3620.325684
61.979, 60, 3620.770752
61.979, 60, 3621.215576
61.979, 60, 3621.660645
61.979, 60, 3622.105713
61.979, 60, 3622.550781
61.979, 60, 3622.995850
61.979, 60, 3623.440918
61.979, 60, 3623.885986
62.074, 60, 3624.330811
62.074, 60, 3624.775879
62.074, 60, 3625.220947
62.074, 60, 3625.666016
62.074, 60, 3626.111084
62.074, 60, 3626.556152
62.074, 60, 3627.000977
62.074, 60, 3627.446045
62.074, 60, 3627.891113
62.074, 60, 3628.336182
62.074, 60, 3628.781250
62.074, 60, 3629.226318
62.074, 60, 3629.671387
62.074, 60, 3630.116211
62.074, 60, 3630.561279
62.074, 60, 3631.006348
62.074, 60, 3631.451416
62.074, 60, 3631.896484
62.074, 60, 3632.341553
62.074, 60, 3632.786377
62.074, 60, 3633.231445
62.074, 60, 3633.676514
62.074, 60, 3634.121582
62.074, 60, 3634.566650
62.074, 60, 3635.011719
62.074, 60, 3635.456787
62.074, 60, 3635.901611
62.074, 60, 3636.346680
62.074, 60, 3636.791748
62.074, 60, 3637.236816
62.074, 60, 3637.681885
62.074, 60, 3638.126953
62.074, 60, 3638.571777
62.074, 60, 3639.016846
62.074, 60, 3639.461914
62.169, 60, 3639.906982
62.169, 60, 3640.352051
62.169, 60, 3640.797119
62.169, 60, 3641.242188
62.169, 60, 3641.687012
62.169, 60, 3642.132080
62.169, 60, 3642.577148
62.169, 60, 3643.022217
62.169, 60, 3643.467285
62.169, 60, 3643.912354
62.169, 60, 3644.357178
62.169, 60, 3644.802246
62.169, 60, 3645.247314
62.169, 60, 3645.692383
62.169, 60, 3646.137451
62.169, 60, 3646.582520
62.169, 60, 3647.027588
62.169, 60, 3647.472412
62.169, 60, 3647.917480
62.169, 60, 3648.362549
62.169, 60, 3648.807617
62.169, 60, 3649.252686
62.169, 60, 3649.697754
62.169, 60, 3650.142578
62.169, 60, 3650.587646
62.169, 60, 3651.032715
62.169, 60, 3651.477783
62.169, 60, 3651.922852
62.169, 60, 3652.367920
62.169, 60, 3652.812988
62.169, 60, 3653.257812
62.169, 60, 3653.702881
62.169, 60, 3654.147949
62.169, 60, 3654.593018
62.169, 60, 3655.038086
62.169, 60, 3655.483154
62.169, 60, 3655.927979
62.169, 60, 3656.373047
62.169, 60, 3656.818115
62.169, 60, 3657.263184
62.169, 60, 3657.708252
62.169, 60, 3658.153320
62.169, 60, 3658.598389
62.169, 60, 3659.043213
62.169, 60, 3659.488281
62.169, 60, 3659.933350
62.169, 60, 3660.378418
62.169, 60, 3660.823486
62.169, 60, 3661.268555
62.169, 60, 3661.713379
62.169, 60, 3662.158447
62.169, 60, 3662.603516
62.169, 60, 3663.048584
62.169, 60, 3663.493652
62.169, 60, 3663.938721
62.169, 60, 3664.383789
62.169, 60, 3664.828613
62.169, 60, 3665.273682
62.169, 60, 3665.718750
62.169, 60, 3666.163818
62.169, 60, 3666.608887
62.169, 60, 3667.053955
62.169, 60, 3667.498779
62.169, 60, 3667.943848
62.169, 60, 3668.388916
62.169, 60, 3668.833984
62.169, 60, 3669.279053
62.169, 60, 3669.724121
62.169, 60, 3670.169189
62.169, 60, 3670.614014
62.169, 60, 3671.059082
62.169, 60, 3671.504150
62.169, 60, 3671.949219
62.169, 60, 3672.394287
62.169, 60, 3672.839355
62.169, 60, 3673.284180
62.169, 60, 3673.729248
62.169, 60, 3674.174316
62.169, 60, 3674.619385
62.169, 60, 3675.064453
62.169, 60, 3675.509521
62.169, 60, 3675.954590
62.169, 60, 3676.399414
62.169, 60, 3676.844482
62.169, 60, 3677.289551
62.169, 60, 3677.734619
62.169, 60, 3678.179688
62.169, 60, 3678.624756
62.169, 60, 3679.069580
62.169, 60, 3679.514648
62.169, 60, 3679.959717
62.169, 60, 3680.404785
62.169, 60, 3680.849854
62.169, 60, 3681.294922
62.169, 60, 3681.739990
62.169, 60, 3682.184814
62.169, 60, 3682.629883
62.169, 60, 3683.074951
62.169, 60, 3683.520020
62.169, 60, 3683.965088
62.169, 60, 3684.410156
62.169, 60, 3684.854980
62.169, 60, 3685.300049
62.169, 60, 3685.745117
62.169, 60, 3686.190186
62.169, 60, 3686.635254
62.169, 60, 3687.080322
62.169, 60, 3687.525391
62.169, 60, 3687.970215
62.169, 60, 3688.415283
62.169, 60, 3688.860352
62.169, 60, 3689.305420
62.169, 60, 3689.750488
62.169, 60, 3690.195557
62.169, 60, 3690.640381
62.169, 60, 3691.085449
62.169, 60, 3691.530518
62.169, 60, 3691.975586
62.169, 60, 3692.420654
62.169, 60, 3692.865723
62.169, 60, 3693.310791
62.169, 60, 3693.755615
62.169, 60, 3694.200684
62.169, 60, 3694.645752
62.169, 60, 3695.090820
62.169, 60, 3695.535889
62.169, 60, 3695.980957
62.169, 60, 3696.425781
62.169, 60, 3696.870850
62.169, 60, 3697.315918
62.169, 60, 3697.760986
62.169, 60, 3698.206055
62.169, 60, 3698.651123
62.169, 60, 3699.096191
62.169, 60, 3699.541016
62.169, 60, 3699.986084
62.169, 60, 3700.431152
62.169, 60, 3700.876221
62.169, 60, 3701.321289
62.169, 60, 3701.766357
62.169, 60, 3702.211182
62.169, 60, 3702.656250
62.169, 60, 3703.101318
62.169, 60, 3703.546387
62.169, 60, 3703.991455
62.169, 60, 3704.436523
62.169, 60, 3704.881592
62.169, 60, 3705.326416
62.169, 60, 3705.771484
62.169, 60, 3706.216553
62.169, 60, 3706.661621
62.169, 60, 3707.106689
62.169, 60, 3707.551758
62.169, 60, 3707.996582
62.169, 60, 3708.441650
62.169, 60, 3708.886719
62.169, 60, 3709.331787
62.169, 60, 3709.776855
62.169, 60, 3710.221924
62.169, 60, 3710.666992
62.169, 60, 3711.111816
62.169, 60, 3711.556885
62.169, 60, 3712.001953
62.169, 60, 3712.447021
62.169, 60, 3712.892090
62.169, 60, 3713.337158
62.169, 60, 3713.781982
62.169, 60, 3714.227051
62.169, 60, 3714.672119
62.169, 60, 3715.117188
62.169, 60, 3715.562256
62.169, 60, 3716.007324
62.169, 60, 3716.452393
62.265, 60, 3716.897217
62.265, 60, 3717.342285
62.265, 60, 3717.787354
62.265, 60, 3718.232422
62.265, 60, 3718.677490
62.265, 60, 3719.122559
62.265, 60, 3719.567383
62.265, 60, 3720.012451
62.265, 60, 3720.457520
62.265, 60, 3720.902588
62.265, 60, 3721.347656
62.265, 60, 3721.792725
62.265, 60, 3722.237793
62.265, 60, 3722.682617
62.265, 60, 3723.127686
62.265, 60, 3723.572754
62.265, 60, 3724.017822
62.265, 60, 3724.462891
62.265, 60, 3724.907959
62.265, 60, 3725.352783
62.265, 60, 3725.797852
62.265, 60, 3726.242920
62.265, 60, 3726.687988
62.265, 60, 3727.133057
62.265, 60, 3727.578125
62.265, 60, 3728.023193
62.265, 60, 3728.468018
62.265, 60, 3728.913086
62.265, 60, 3729.358154
62.265, 60, 3729.803223
62.265, 60, 3730.248291
62.265, 60, 3730.693359
62.265, 60, 3731.138184
62.265, 60, 3731.583252
62.265, 60, 3732.028320
62.265, 60, 3732.473389
62.265, 60, 3732.918457
62.265, 60, 3733.363525
62.265, 60, 3733.808594
62.265, 60, 3734.253418
62.265, 60, 3734.698486
62.265, 60, 3735.143555
62.265, 60, 3735.588623
62.265, 60, 3736.033691
62.265, 60, 3736.478760
62.265, 60, 3736.923584
62.265, 60, 3737.368652
62.265, 60, 3737.813721
62.265, 60, 3738.258789
62.265, 60, 3738.703857
62.265, 60, 3739.148926
62.265, 60, 3739.593994
62.265, 60, 3740.038818
62.265, 60, 3740.483887
62.265, 60, 3740.928955
62.265, 60, 3741.374023
62.265, 60, 3741.819092
62.265, 60, 3742.264160
62.265, 60, 3742.708984
62.265, 60, 3743.154053
62.265, 60, 3743.599121
62.265, 60, 3744.044189
62.265, 60, 3744.489258
62.265, 60, 3744.934326
62.265, 60, 3745.379395
62.265, 60, 3745.824219
62.265, 60, 3746.269287
62.265, 60, 3746.714355
62.265, 60, 3747.159424
62.265, 60, 3747.604492
62.265, 60, 3748.049561
62.265, 60, 3748.494385
62.265, 60, 3748.939453
62.265, 60, 3749.384521
62.265, 60, 3749.829590
62.265, 60, 3750.274658
62.265, 60, 3750.719727
62.265, 60, 3751.164795
62.265, 60, 3751.609619
62.265, 60, 3752.054688
62.265, 60, 3752.499756
62.265, 60, 3752.944824
62.265, 60, 3753.389893
62.265, 60, 3753.834961
62.265, 60, 3754.279785
62.265, 60, 3754.724854
62.265, 60, 3755.169922
62.265, 60, 3755.614990
62.265, 60, 3756.060059
62.265, 60, 3756.505127
62.265, 60, 3756.950195
62.265, 60, 3757.395020
62.265, 60, 3757.840088
62.265, 60, 3758.285156
62.265, 60, 3758.730225
62.265, 60, 3759.175293
62.265, 60, 3759.620361
62.265, 60, 3760.065186
62.265, 60, 3760.510254
62.265, 60, 3760.955322
62.265, 60, 3761.400391
62.265, 60, 3761.845459
62.265, 60, 3762.290527
62.265, 60, 3762.735596
62.265, 60, 3763.180420
62.265, 60, 3763.625488
62.265, 60, 3764.070557
62.265, 60, 3764.515625
62.265, 60, 3764.960693
62.265, 60, 3765.405762
62.265, 60, 3765.850586
62.265, 60, 3766.295654
62.265, 60, 3766.740723
62.265, 60, 3767.185791
62.265, 60, 3767.630859
62.265, 60, 3768.075928
62.265, 60, 3768.520996
62.265, 60, 3768.965820
62.265, 60, 3769.410889
62.265, 60, 3769.855957
62.265, 60, 3770.301025
62.265, 60, 3770.746094
62.265, 60, 3771.191162
62.265, 60, 3771.635986
62.265, 60, 3772.081055
62.265, 60, 3772.526123
62.265, 60, 3772.971191
62.265, 60, 3773.416260
62.265, 60, 3773.861328
62.265, 60, 3774.306396
62.265, 60, 3774.751221
62.265, 60, 3775.196289
62.265, 60, 3775.641357
62.265, 60, 3776.086426
62.265, 60, 3776.531494
62.265, 60, 3776.976562
62.265, 60, 3777.421387
62.265, 60, 3777.866455
62.265, 60, 3778.311523
62.265, 60, 3778.756592
62.265, 60, 3779.201660
62.265, 60, 3779.646729
62.265, 60, 3780.091797
62.265, 60, 3780.536621
62.265, 60, 3780.981689
62.265, 60, 3781.426758
62.265, 60, 3781.871826
62.265, 60, 3782.316895
62.265, 60, 3782.761963
62.265, 60, 3783.206787
62.265, 60, 3783.651855
62.265, 60, 3784.096924
62.265, 60, 3784.541992
62.265, 60, 3784.987061
62.265, 60, 3785.432129
62.265, 60, 3785.877197
62.265, 60, 3786.322021
62.265, 60, 3786.767090
62.265, 60, 3787.212158
62.265, 60, 3787.657227
62.265, 60, 3788.102295
62.265, 60, 3788.547363
62.265, 60, 3788.992188
62.265, 60, 3789.437256
62.265, 60, 3789.882324
62.265, 60, 3790.327393
62.265, 60, 3790.772461
62.265, 60, 3791.217529
62.265, 60, 3791.662598
62.265, 60, 3792.107422
62.265, 60, 3792.552490
62.265, 60, 3792.997559
62.265, 60, 3793.442627
62.247, 60, 3793.887695
62.247, 60, 3794.332764
62.247, 60, 3794.777588
62.247, 60, 3795.222656
62.247, 60, 3795.667725
62.247, 60, 3796.112793
62.247, 60, 3796.557861
62.247, 60, 3797.002930
62.247, 60, 3797.447998
62.247, 60, 3797.892822
62.247, 60, 3798.337891
62.247, 60, 3798.782959
62.247, 60, 3799.228027
62.247, 60, 3799.673096
62.247, 60, 3800.118164
62.247, 60, 3800.562988
62.247, 60, 3801.008057
62.247, 60, 3801.453125
62.247, 60, 3801.898193
62.247, 60, 3802.343262
62.247, 60, 3802.788330
62.247, 60, 3803.233398
62.247, 60, 3803.678223
62.247, 60, 3804.123291
62.247, 60, 3804.568359
62.247, 60, 3805.013428
62.247, 60, 3805.458496
62.247, 60, 3805.903564
62.247, 60, 3806.348389
62.247, 60, 3806.793457
62.247, 60, 3807.238525
62.247, 60, 3807.683594
62.247, 60, 3808.128662
62.247, 60, 3808.573730
62.247, 60, 3809.018799
62.265, 60, 3809.463623
62.265, 60, 3809.908691
62.265, 60, 3810.353760
62.265, 60, 3810.798828
62.265, 60, 3811.243896
62.265, 60, 3811.688965
62.265, 60, 3812.133789
62.265, 60, 3812.578857
62.265, 60, 3813.023926
62.265, 60, 3813.468994
62.265, 60, 3813.914062
62.265, 60, 3814.359131
62.265, 60, 3814.804199
62.265, 60, 3815.249023
62.265, 60, 3815.694092
62.265, 60, 3816.139160
62.265, 60, 3816.584229
62.265, 60, 3817.029297
62.265, 60, 3817.474365
62.265, 60, 3817.919189
62.265, 60, 3818.364258
62.265, 60, 3818.809326
62.265, 60, 3819.254395
62.265, 60, 3819.699463
62.265, 60, 3820.144531
62.265, 60, 3820.589600
62.265, 60, 3821.034424
62.265, 60, 3821.479492
62.265, 60, 3821.924561
62.265, 60, 3822.369629
62.265, 60, 3822.814697
62.265, 60, 3823.259766
62.247, 60, 3823.704590
62.247, 60, 3824.149658
62.247, 60, 3824.594727
62.247, 60, 3825.039795
62.247, 60, 3825.484863
62.247, 60, 3825.929932
62.247, 60, 3826.375000
62.247, 60, 3826.819824
62.247, 60, 3827.264893
62.247, 60, 3827.709961
62.247, 60, 3828.155029
62.247, 60, 3828.600098
62.247, 60, 3829.045166
62.247, 60, 3829.489990
62.247, 60, 3829.935059
62.247, 60, 3830.380127
62.247, 60, 3830.825195
62.247, 60, 3831.270264
62.247, 60, 3831.715332
62.247, 60, 3832.160400
62.247, 60, 3832.605225
62.247, 60, 3833.050293
62.247, 60, 3833.495361
62.247, 60, 3833.940430
62.247, 60, 3834.385498
62.247, 60, 3834.830566
62.247, 60, 3835.275391
62.247, 60, 3835.720459
62.247, 60, 3836.165527
62.247, 60, 3836.610596
62.247, 60, 3837.055664
62.247, 60, 3837.500732
62.247, 60, 3837.945801
62.247, 60, 3838.390625
62.360, 60, 3838.835693
62.360, 60, 3839.280762
62.360, 60, 3839.725830
62.360, 60, 3840.170898
62.360, 60, 3840.615967
62.360, 60, 3841.060791
62.360, 60, 3841.505859
62.360, 60, 3841.950928
62.360, 60, 3842.395996
62.360, 60, 3842.841064
62.360, 60, 3843.286133
62.360, 60, 3843.731201
62.360, 60, 3844.176025
62.360, 60, 3844.621094
62.360, 60, 3845.066162
62.360, 60, 3845.511230
62.360, 60, 3845.956299
62.360, 60, 3846.401367
62.360, 60, 3846.846191
62.360, 60, 3847.291260
62.360, 60, 3847.736328
62.360, 60, 3848.181396
62.360, 60, 3848.626465
62.360, 60, 3849.071533
62.360, 60, 3849.516602
62.360, 60, 3849.961426
62.360, 60, 3850.406494
62.360, 60, 3850.851562
62.360, 60, 3851.296631
62.360, 60, 3851.741699
62.360, 60, 3852.186768
62.360, 60, 3852.631592
62.360, 60, 3853.076660
62.360, 60, 3853.521729
62.342, 60, 3853.966797
62.342, 60, 3854.411865
62.342, 60, 3854.856934
62.342, 60, 3855.302002
62.342, 60, 3855.746826
62.342, 60, 3856.191895
62.342, 60, 3856.636963
62.342, 60, 3857.082031
62.342, 60, 3857.527100
62.342, 60, 3857.972168
62.342, 60, 3858.416992
62.342, 60, 3858.862061
62.342, 60, 3859.307129
62.342, 60, 3859.752197
62.342, 60, 3860.197266
62.342, 60, 3860.642334
62.342, 60, 3861.087402
62.342, 60, 3861.532227
62.342, 60, 3861.977295
62.342, 60, 3862.422363
62.342, 60, 3862.867432
62.342, 60, 3863.312500
62.342, 60, 3863.757568
62.342, 60, 3864.202393
62.342, 60, 3864.647461
62.342, 60, 3865.092529
62.342, 60, 3865.537598
62.342, 60, 3865.982666
62.342, 60, 3866.427734
62.342, 60, 3866.872803
62.342, 60, 3867.317627
62.342, 60, 3867.762695
62.342, 60, 3868.207764
62.342, 60, 3868.652832
62.265, 60, 3869.097900
62.265, 60, 3869.542969
62.265, 60, 3869.987793
62.265, 60, 3870.432861
62.265, 60, 3870.877930
62.265, 60, 3871.322998
62.265, 60, 3871.768066
62.265, 60, 3872.213135
62.265, 60, 3872.658203
62.265, 60, 3873.103027
62.265, 60, 3873.548096
62.265, 60, 3873.993164
62.265, 60, 3874.438232
62.265, 60, 3874.883301
62.265, 60, 3875.328369
62.265, 60, 3875.773193
62.265, 60, 3876.218262
62.265, 60, 3876.663330
62.265, 60, 3877.108398
62.265, 60, 3877.553467
62.265, 60, 3877.998535
62.265, 60, 3878.443604
62.265, 60, 3878.888428
62.265, 60, 3879.333496
62.265, 60, 3879.778564
62.265, 60, 3880.223633
62.265, 60, 3880.668701
62.265, 60, 3881.113770
62.265, 60, 3881.558594
62.265, 60, 3882.003662
62.265, 60, 3882.448730
62.265, 60, 3882.893799
62.265, 60, 3883.338867
62.265, 60, 3883.783936
62.169, 60, 3884.229004
62.169, 60, 3884.673828
62.169, 60, 3885.118896
62.169, 60, 3885.563965
62.169, 60, 3886.009033
62.169, 60, 3886.454102
62.169, 60, 3886.899170
62.169, 60, 3887.343994
62.169, 60, 3887.789062
62.169, 60, 3888.234131
62.169, 60, 3888.679199
62.169, 60, 3889.124268
62.169, 60, 3889.569336
62.169, 60, 3890.014404
62.169, 60, 3890.459229
62.169, 60, 3890.904297
62.169, 60, 3891.349365
62.169, 60, 3891.794434
62.169, 60, 3892.239502
62.169, 60, 3892.684570
62.169, 60, 3893.129395
62.169, 60, 3893.574463
62.169, 60, 3894.019531
62.169, 60, 3894.464600
62.169, 60, 3894.909668
62.169, 60, 3895.354736
62.169, 60, 3895.799805
62.169, 60, 3896.244629
62.169, 60, 3896.689697
62.169, 60, 3897.134766
62.169, 60, 3897.579834
62.169, 60, 3898.024902
62.169, 60, 3898.469971
62.169, 60, 3898.914795
62.169, 60, 3899.359863
61.979, 60, 3899.804932
61.979, 60, 3900.250000
61.979, 60, 3900.695068
61.979, 60, 3901.140137
61.979, 60, 3901.585205
61.979, 60, 3902.030029
61.979, 60, 3902.475098
61.979, 60, 3902.920166
61.979, 60, 3903.365234
61.979, 60, 3903.810303
61.979, 60, 3904.255371
61.979, 60, 3904.700195
61.979, 60, 3905.145264
61.979, 60, 3905.590332
61.979, 60, 3906.035400
61.979, 60, 3906.480469
61.979, 60, 3906.925537
61.979, 60, 3907.370605
61.979, 60, 3907.815430
61.979, 60, 3908.260498
61.979, 60, 3908.705566
61.979, 60, 3909.150635
61.979, 60, 3909.595703
61.979, 60, 3910.040771
61.979, 60, 3910.485596
61.979, 60, 3910.930664
61.979, 60, 3911.375732
61.979, 60, 3911.820801
61.979, 60, 3912.265869
61.979, 60, 3912.710938
61.979, 60, 3913.156006
61.979, 60, 3913.600830
61.979, 60, 3914.045898
61.979, 60, 3914.490967
61.979, 60, 3914.936035
61.884, 60, 3915.381104
61.884, 60, 3915.826172
61.884, 60, 3916.270996
61.884, 60, 3916.716064
61.884, 60, 3917.161133
61.884, 60, 3917.606201
61.884, 60, 3918.051270
61.884, 60, 3918.496338
61.884, 60, 3918.941406
61.884, 60, 3919.386230
61.884, 60, 3919.831299
61.884, 60, 3920.276367
61.884, 60, 3920.721436
61.884, 60, 3921.166504
61.884, 60, 3921.611572
61.884, 60, 3922.056396
61.884, 60, 3922.501465
61.884, 60, 3922.946533
61.884, 60, 3923.391602
61.884, 60, 3923.836670
61.884, 60, 3924.281738
61.884, 60, 3924.726807
61.884, 60, 3925.171631
61.884, 60, 3925.616699
61.884, 60, 3926.061768
61.884, 60, 3926.506836
61.884, 60, 3926.951904
61.884, 60, 3927.396973
61.884, 60, 3927.841797
61.884, 60, 3928.286865
61.884, 60, 3928.731934
61.884, 60, 3929.177002
61.884, 60, 3929.622070
61.884, 60, 3930.067139
61.884, 60, 3930.512207
61.884, 60, 3930.957031
61.884, 60, 3931.402100
61.884, 60, 3931.847168
61.884, 60, 3932.292236
61.884, 60, 3932.737305
61.884, 60, 3933.182373
61.884, 60, 3933.627197
61.884, 60, 3934.072266
61.884, 60, 3934.517334
61.884, 60, 3934.962402
61.884, 60, 3935.407471
61.884, 60, 3935.852539
61.884, 60, 3936.297607
61.884, 60, 3936.742432
61.884, 60, 3937.187500
61.884, 60, 3937.632568
61.884, 60, 3938.077637
61.884, 60, 3938.522705
61.884, 60, 3938.967773
61.884, 60, 3939.412598
61.884, 60, 3939.857666
61.884, 60, 3940.302734
61.884, 60, 3940.747803
61.884, 60, 3941.192871
61.884, 60, 3941.637939
61.884, 60, 3942.083008
61.884, 60, 3942.527832
61.884, 60, 3942.972900
61.884, 60, 3943.417969
61.884, 60, 3943.863037
61.884, 60, 3944.308105
61.884, 60, 3944.753174
61.884, 60, 3945.197998
61.979, 60, 3945.643066
61.979, 60, 3946.088135
61.979, 60, 3946.533203
61.979, 60, 3946.978271
61.979, 60, 3947.423340
61.979, 60, 3947.868408
61.979, 60, 3948.313232
61.979, 60, 3948.758301
61.979, 60, 3949.203369
61.979, 60, 3949.648438
61.979, 60, 3950.093506
61.979, 60, 3950.538574
61.979, 60, 3950.983398
61.979, 60, 3951.428467
61.979, 60, 3951.873535
61.979, 60, 3952.318604
61.979, 60, 3952.763672
61.979, 60, 3953.208740
61.979, 60, 3953.653809
61.979, 60, 3954.098633
61.979, 60, 3954.543701
61.979, 60, 3954.988770
61.979, 60, 3955.433838
61.979, 60, 3955.878906
61.979, 60, 3956.323975
61.979, 60, 3956.768799
61.979, 60, 3957.213867
61.979, 60, 3957.658936
61.979, 60, 3958.104004
61.979, 60, 3958.549072
61.979, 60, 3958.994141
61.979, 60, 3959.439209
61.979, 60, 3959.884033
61.979, 60, 3960.329102
61.884, 60, 3960.774170
61.884, 60, 3961.219238
61.884, 60, 3961.664307
61.884, 60, 3962.109375
61.884, 60, 3962.554199
61.884, 60, 3962.999268
61.884, 60, 3963.444336
61.884, 60, 3963.889404
61.884, 60, 3964.334473
61.884, 60, 3964.779541
61.884, 60, 3965.224609
61.884, 60, 3965.669434
61.884, 60, 3966.114502
61.884, 60, 3966.559570
61.884, 60, 3967.004639
61.884, 60, 3967.449707
61.884, 60, 3967.894775
61.884, 60, 3968.339600
61.884, 60, 3968.784668
61.884, 60, 3969.229736
61.884, 60, 3969.674805
61.884, 60, 3970.119873
61.884, 60, 3970.564941
61.884, 60, 3971.010010
61.884, 60, 3971.454834
61.884, 60, 3971.899902
61.884, 60, 3972.344971
61.884, 60, 3972.790039
61.884, 60, 3973.235107
61.884, 60, 3973.680176
61.884, 60, 3974.125000
61.884, 60, 3974.570068
61.884, 60, 3975.015137
61.884, 60, 3975.460205
61.884, 60, 3975.905273
61.884, 60, 3976.350342
61.884, 60, 3976.795410
61.884, 60, 3977.240234
61.884, 60, 3977.685303
61.884, 60, 3978.130371
61.884, 60, 3978.575439
61.884, 60, 3979.020508
61.884, 60, 3979.465576
61.884, 60, 3979.910400
61.884, 60, 3980.355469
61.884, 60, 3980.800537
61.884, 60, 3981.245605
61.884, 60, 3981.690674
61.884, 60, 3982.135742
61.884, 60, 3982.580811
61.884, 60, 3983.025635
61.884, 60, 3983.470703
61.884, 60, 3983.915771
61.884, 60, 3984.360840
61.884, 60, 3984.805908
61.884, 60, 3985.250977
61.884, 60, 3985.695801
61.884, 60, 3986.140869
61.884, 60, 3986.585938
61.884, 60, 3987.031006
61.884, 60, 3987.476074
61.884, 60, 3987.921143
61.884, 60, 3988.366211
61.884, 60, 3988.811035
61.884, 60, 3989.256104
61.884, 60, 3989.701172
61.884, 60, 3990.146240
61.884, 60, 3990.591309
61.884, 60, 3991.036377
61.884, 60, 3991.481201
61.884, 60, 3991.926270
61.884, 60, 3992.371338
61.884, 60, 3992.816406
61.884, 60, 3993.261475
61.884, 60, 3993.706543
61.884, 60, 3994.151611
61.884, 60, 3994.596436
61.884, 60, 3995.041504
61.884, 60, 3995.486572
61.884, 60, 3995.931641
61.884, 60, 3996.376709
61.884, 60, 3996.821777
61.884, 60, 3997.266602
61.884, 60, 3997.711670
61.884, 60, 3998.156738
61.884, 60, 3998.601807
61.884, 60, 3999.046875
61.884, 60, 3999.491943
61.884, 60, 3999.937012
61.884, 60, 4000.381836
61.884, 60, 4000.826904
61.884, 60, 4001.271973
61.884, 60, 4001.717041
61.884, 60, 4002.162109
61.884, 60, 4002.607178
61.884, 60, 4003.052002
61.884, 60, 4003.497070
61.884, 60, 4003.942139
61.884, 60, 4004.387207
61.884, 60, 4004.832275
61.884, 60, 4005.277344
61.884, 60, 4005.722412
61.979, 60, 4006.167236
61.979, 60, 4006.612305
61.979, 60, 4007.057373
61.979, 60, 4007.502441
61.979, 60, 4007.947510
61.979, 60, 4008.392578
61.979, 60, 4008.837402
61.979, 60, 4009.282471
61.979, 60, 4009.727539
61.979, 60, 4010.172607
61.979, 60, 4010.617676
61.979, 60, 4011.062744
61.979, 60, 4011.507812
61.979, 60, 4011.952637
61.979, 60, 4012.397705
61.979, 60, 4012.842773
61.979, 60, 4013.287842
61.979, 60, 4013.732910
61.979, 60, 4014.177979
61.979, 60, 4014.622803
61.979, 60, 4015.067871
61.979, 60, 4015.512939
61.979, 60, 4015.958008
61.979, 60, 4016.403076
61.979, 60, 4016.848145
61.979, 60, 4017.293213
61.979, 60, 4017.738037
61.979, 60, 4018.183105
61.979, 60, 4018.628174
61.979, 60, 4019.073242
61.979, 60, 4019.518311
61.979, 60, 4019.963379
61.979, 60, 4020.408203
61.979, 60, 4020.853271
61.979, 60, 4021.298340
61.979, 60, 4021.743408
61.979, 60, 4022.188477
61.979, 60, 4022.633545
61.979, 60, 4023.078613
61.979, 60, 4023.523438
61.979, 60, 4023.968506
61.979, 60, 4024.413574
61.979, 60, 4024.858643
61.979, 60, 4025.303711
61.979, 60, 4025.748779
61.979, 60, 4026.193604
61.979, 60, 4026.638672
61.979, 60, 4027.083740
61.979, 60, 4027.528809
61.979, 60, 4027.973877
61.979, 60, 4028.418945
61.979, 60, 4028.864014
61.979, 60, 4029.308838
61.979, 60, 4029.753906
61.979, 60, 4030.198975
61.979, 60, 4030.644043
61.979, 60, 4031.089111
61.979, 60, 4031.534180
61.979, 60, 4031.979004
61.979, 60, 4032.424072
61.979, 60, 4032.869141
61.979, 60, 4033.314209
61.979, 60, 4033.759277
61.979, 60, 4034.204346
61.979, 60, 4034.649414
61.979, 60, 4035.094238
61.979, 60, 4035.539307
61.979, 60, 4035.984375
61.979, 60, 4036.429443
61.979, 60, 4036.874512
61.979, 60, 4037.319580
61.979, 60, 4037.764404
61.979, 60, 4038.209473
61.979, 60, 4038.654541
61.979, 60, 4039.099609
61.979, 60, 4039.544678
61.979, 60, 4039.989746
61.979, 60, 4040.434814
61.979, 60, 4040.879639
61.979, 60, 4041.324707
61.979, 60, 4041.769775
61.979, 60, 4042.214844
61.979, 60, 4042.659912
61.979, 60, 4043.104980
61.979, 60, 4043.549805
61.979, 60, 4043.994873
61.979, 60, 4044.439941
61.979, 60, 4044.885010
61.979, 60, 4045.330078
61.979, 60, 4045.775146
61.979, 60, 4046.220215
61.979, 60, 4046.665039
61.979, 60, 4047.110107
61.979, 60, 4047.555176
61.979, 60, 4048.000244
61.979, 60, 4048.445312
61.979, 60, 4048.890381
61.979, 60, 4049.335205
61.979, 60, 4049.780273
61.979, 60, 4050.225342
61.979, 60, 4050.670410
61.979, 60, 4051.115479
61.979, 60, 4051.560547
61.979, 60, 4052.005615
61.979, 60, 4052.450439
61.979, 60, 4052.895508
61.979, 60, 4053.340576
61.979, 60, 4053.785645
61.979, 60, 4054.230713
61.979, 60, 4054.675781
61.979, 60, 4055.120605
61.979, 60, 4055.565674
61.979, 60, 4056.010742
61.979, 60, 4056.455811
61.979, 60, 4056.900879
61.979, 60, 4057.345947
61.979, 60, 4057.791016
61.979, 60, 4058.235840
61.979, 60, 4058.680908
61.979, 60, 4059.125977
61.979, 60, 4059.571045
61.979, 60, 4060.016113
61.979, 60, 4060.461182
61.979, 60, 4060.906006
61.979, 60, 4061.351074
61.979, 60, 4061.796143
61.979, 60, 4062.241211
61.979, 60, 4062.686279
61.979, 60, 4063.131348
61.979, 60, 4063.576416
61.979, 60, 4064.021240
61.979, 60, 4064.466309
61.979, 60, 4064.911377
61.979, 60, 4065.356445
61.979, 60, 4065.801514
61.979, 60, 4066.246582
61.979, 60, 4066.691406
61.979, 60, 4067.136475
61.979, 60, 4067.581543
61.979, 60, 4068.026611
61.884, 60, 4068.471680
61.884, 60, 4068.916748
61.884, 60, 4069.361816
61.884, 60, 4069.806641
61.884, 60, 4070.251709
61.884, 60, 4070.696777
61.884, 60, 4071.141846
61.884, 60, 4071.586914
61.884, 60, 4072.031982
61.884, 60, 4072.476807
61.884, 60, 4072.921875
61.884, 60, 4073.366943
61.884, 60, 4073.812012
61.884, 60, 4074.257080
61.884, 60, 4074.702148
61.884, 60, 4075.147217
61.884, 60, 4075.592041
61.884, 60, 4076.037109
61.884, 60, 4076.482178
61.884, 60, 4076.927246
61.884, 60, 4077.372314
61.884, 60, 4077.817383
61.884, 60, 4078.262207
61.884, 60, 4078.707275
61.884, 60, 4079.152344
61.884, 60, 4079.597412
61.884, 60, 4080.042480
61.884, 60, 4080.487549
61.884, 60, 4080.932617
61.884, 60, 4081.377441
61.884, 60, 4081.822510
61.884, 60, 4082.267578
61.884, 60, 4082.712646
61.884, 60, 4083.157715
61.884, 60, 4083.602783
61.979, 60, 4084.047607
61.979, 60, 4084.492676
61.979, 60, 4084.937744
61.979, 60, 4085.382812
61.979, 60, 4085.827881
61.979, 60, 4086.272949
61.979, 60, 4086.718018
61.979, 60, 4087.162842
61.979, 60, 4087.607910
61.979, 60, 4088.052979
61.979, 60, 4088.498047
61.979, 60, 4088.943115
61.979, 60, 4089.388184
61.979, 60, 4089.833008
61.979, 60, 4090.278076
61.979, 60, 4090.723145
61.979, 60, 4091.168213
61.979, 60, 4091.613281
61.979, 60, 4092.058350
61.979, 60, 4092.503418
61.979, 60, 4092.948242
61.979, 60, 4093.393311
61.979, 60, 4093.838379
61.979, 60, 4094.283447
61.979, 60, 4094.728516
61.979, 60, 4095.173584
61.979, 60, 4095.618408
61.979, 60, 4096.063477
61.979, 60, 4096.508789
61.979, 60, 4096.953613
61.979, 60, 4097.398438
61.979, 60, 4097.843750
61.979, 60, 4098.288574
61.979, 60, 4098.733887
61.979, 60, 4099.178711
61.979, 60, 4099.624023
61.979, 60, 4100.068848
61.979, 60, 4100.513672
61.979, 60, 4100.958984
61.979, 60, 4101.403809
61.979, 60, 4101.849121
61.979, 60, 4102.293945
61.979, 60, 4102.739258
61.979, 60, 4103.184082
61.979, 60, 4103.628906
61.979, 60, 4104.074219
61.979, 60, 4104.519043
61.979, 60, 4104.964355
61.979, 60, 4105.409180
61.979, 60, 4105.854004
61.979, 60, 4106.299316
61.979, 60, 4106.744141
61.979, 60, 4107.189453
61.979, 60, 4107.634277
61.979, 60, 4108.079590
61.979, 60, 4108.524414
61.979, 60, 4108.969238
61.979, 60, 4109.414551
61.979, 60, 4109.859375
61.979, 60, 4110.304688
61.979, 60, 4110.749512
61.979, 60, 4111.194824
61.979, 60, 4111.639648
61.979, 60, 4112.084473
61.979, 60, 4112.529785
61.979, 60, 4112.974609
61.979, 60, 4113.419922
61.979, 60, 4113.864746
61.979, 60, 4114.310059
61.979, 60, 4114.754883
61.979, 60, 4115.199707
61.979, 60, 4115.645020
61.979, 60, 4116.089844
61.979, 60, 4116.535156
61.979, 60, 4116.979980
61.979, 60, 4117.424805
61.979, 60, 4117.870117
61.979, 60, 4118.314941
61.979, 60, 4118.760254
61.979, 60, 4119.205078
61.979, 60, 4119.650391
61.979, 60, 4120.095215
61.979, 60, 4120.540039
61.979, 60, 4120.985352
61.979, 60, 4121.430176
61.979, 60, 4121.875488
61.979, 60, 4122.320312
61.979, 60, 4122.765625
61.979, 60, 4123.210449
61.979, 60, 4123.655273
61.979, 60, 4124.100586
61.979, 60, 4124.545410
61.979, 60, 4124.990723
61.979, 60, 4125.435547
61.979, 60, 4125.880859
61.979, 60, 4126.325684
61.979, 60, 4126.770508
61.979, 60, 4127.215820
61.979, 60, 4127.660645
61.979, 60, 4128.105957
61.979, 60, 4128.550781
61.979, 60, 4128.995605
61.979, 60, 4129.440918
61.979, 60, 4129.885742
61.979, 60, 4130.331055
61.979, 60, 4130.775879
61.979, 60, 4131.221191
61.979, 60, 4131.666016
61.979, 60, 4132.110840
61.979, 60, 4132.556152
61.979, 60, 4133.000977
61.979, 60, 4133.446289
61.979, 60, 4133.891113
61.979, 60, 4134.336426
61.979, 60, 4134.781250
61.979, 60, 4135.226074
61.979, 60, 4135.671387
61.979, 60, 4136.116211
61.979, 60, 4136.561523
61.979, 60, 4137.006348
61.979, 60, 4137.451660
61.979, 60, 4137.896484
61.979, 60, 4138.341309
61.979, 60, 4138.786621
61.979, 60, 4139.231445
61.979, 60, 4139.676758
61.979, 60, 4140.121582
61.979, 60, 4140.566406
61.979, 60, 4141.011719
61.979, 60, 4141.456543
61.979, 60, 4141.901855
61.979, 60, 4142.346680
61.979, 60, 4142.791992
61.979, 60, 4143.236816
61.979, 60, 4143.681641
61.979, 60, 4144.126953
61.979, 60, 4144.571777
62.074, 60, 4145.017090
62.074, 60, 4145.461914
62.074, 60, 4145.907227
62.074, 60, 4146.352051
62.074, 60, 4146.796875
62.074, 60, 4147.242188
62.074, 60, 4147.687012
62.074, 60, 4148.132324
62.074, 60, 4148.577148
62.074, 60, 4149.022461
62.074, 60, 4149.467285
62.074, 60, 4149.912109
62.074, 60, 4150.357422
62.074, 60, 4150.802246
62.074, 60, 4151.247559
62.074, 60, 4151.692383
62.074, 60, 4152.137207
62.074, 60, 4152.582520
62.074, 60, 4153.027344
62.074, 60, 4153.472656
62.074, 60, 4153.917480
62.074, 60, 4154.362793
62.074, 60, 4154.807617
62.074, 60, 4155.252441
62.074, 60, 4155.697754
62.074, 60, 4156.142578
62.074, 60, 4156.587891
62.074, 60, 4157.032715
62.074, 60, 4157.478027
62.074, 60, 4157.922852
62.074, 60, 4158.367676
62.074, 60, 4158.812988
62.074, 60, 4159.257812
62.074, 60, 4159.703125
62.074, 60, 4160.147949
62.169, 60, 4160.593262
62.169, 60, 4161.038086
62.169, 60, 4161.482910
62.169, 60, 4161.928223
62.169, 60, 4162.373047
62.169, 60, 4162.818359
62.169, 60, 4163.263184
62.169, 60, 4163.708008
62.169, 60, 4164.153320
62.169, 60, 4164.598145
62.169, 60, 4165.043457
62.169, 60, 4165.488281
62.169, 60, 4165.933594
62.169, 60, 4166.378418
62.169, 60, 4166.823242
62.169, 60, 4167.268555
62.169, 60, 4167.713379
62.169, 60, 4168.158691
62.169, 60, 4168.603516
62.169, 60, 4169.048828
62.169, 60, 4169.493652
62.169, 60, 4169.938477
62.169, 60, 4170.383789
62.169, 60, 4170.828613
62.169, 60, 4171.273926
62.169, 60, 4171.718750
62.169, 60, 4172.164062
62.169, 60, 4172.608887
62.169, 60, 4173.053711
62.169, 60, 4173.499023
62.169, 60, 4173.943848
62.169, 60, 4174.389160
62.169, 60, 4174.833984
62.169, 60, 4175.278809
62.169, 60, 4175.724121
62.169, 60, 4176.168945
62.169, 60, 4176.614258
62.169, 60, 4177.059082
62.169, 60, 4177.504395
62.169, 60, 4177.949219
62.169, 60, 4178.394043
62.169, 60, 4178.839355
62.169, 60, 4179.284180
62.169, 60, 4179.729492
62.169, 60, 4180.174316
62.169, 60, 4180.619629
62.169, 60, 4181.064453
62.169, 60, 4181.509277
62.169, 60, 4181.954590
62.169, 60, 4182.399414
62.169, 60, 4182.844727
62.169, 60, 4183.289551
62.169, 60, 4183.734863
62.169, 60, 4184.179688
62.169, 60, 4184.624512
62.169, 60, 4185.069824
62.169, 60, 4185.514648
62.169, 60, 4185.959961
62.169, 60, 4186.404785
62.169, 60, 4186.849609
62.169, 60, 4187.294922
62.169, 60, 4187.739746
62.169, 60, 4188.185059
62.169, 60, 4188.629883
62.169, 60, 4189.075195
62.169, 60, 4189.520020
62.169, 60, 4189.964844
62.169, 60, 4190.410156
62.169, 60, 4190.854980
62.169, 60, 4191.300293
62.265, 60, 4191.745117
62.265, 60, 4192.190430
62.265, 60, 4192.635254
62.265, 60, 4193.080078
62.265, 60, 4193.525391
62.265, 60, 4193.970215
62.265, 60, 4194.415527
62.265, 60, 4194.860352
62.265, 60, 4195.305664
62.265, 60, 4195.750488
62.265, 60, 4196.195312
62.265, 60, 4196.640625
62.265, 60, 4197.085449
62.265, 60, 4197.530762
62.265, 60, 4197.975586
62.265, 60, 4198.420410
62.265, 60, 4198.865723
62.265, 60, 4199.310547
62.265, 60, 4199.755859
62.265, 60, 4200.200684
62.265, 60, 4200.645996
62.265, 60, 4201.090820
62.265, 60, 4201.535645
62.265, 60, 4201.980957
62.265, 60, 4202.425781
62.265, 60, 4202.871094
62.265, 60, 4203.315918
62.265, 60, 4203.761230
62.265, 60, 4204.206055
62.265, 60, 4204.650879
62.265, 60, 4205.096191
62.265, 60, 4205.541016
62.265, 60, 4205.986328
62.265, 60, 4206.431152
62.265, 60, 4206.876465
62.265, 60, 4207.321289
62.265, 60, 4207.766113
62.265, 60, 4208.211426
62.265, 60, 4208.656250
62.265, 60, 4209.101562
62.265, 60, 4209.546387
62.265, 60, 4209.991211
62.265, 60, 4210.436523
62.265, 60, 4210.881348
62.265, 60, 4211.326660
62.265, 60, 4211.771484
62.265, 60, 4212.216797
62.265, 60, 4212.661621
62.265, 60, 4213.106445
62.265, 60, 4213.551758
62.265, 60, 4213.996582
62.265, 60, 4214.441895
62.265, 60, 4214.886719
62.265, 60, 4215.332031
62.265, 60, 4215.776855
62.265, 60, 4216.221680
62.265, 60, 4216.666992
62.265, 60, 4217.111816
62.265, 60, 4217.557129
62.265, 60, 4218.001953
62.265, 60, 4218.447266
62.265, 60, 4218.892090
62.265, 60, 4219.336914
62.265, 60, 4219.782227
62.265, 60, 4220.227051
62.265, 60, 4220.672363
62.265, 60, 4221.117188
62.265, 60, 4221.562012
62.169, 60, 4222.007324
62.169, 60, 4222.452148
62.169, 60, 4222.897461
62.169, 60, 4223.342285
62.169, 60, 4223.787598
62.169, 60, 4224.232422
62.169, 60, 4224.677246
62.169, 60, 4225.122559
62.169, 60, 4225.567383
62.169, 60, 4226.012695
62.169, 60, 4226.457520
62.169, 60, 4226.902832
62.169, 60, 4227.347656
62.169, 60, 4227.792480
62.169, 60, 4228.237793
62.169, 60, 4228.682617
62.169, 60, 4229.127930
62.169, 60, 4229.572754
62.169, 60, 4230.018066
62.169, 60, 4230.462891
62.169, 60, 4230.907715
62.169, 60, 4231.353027
62.169, 60, 4231.797852
62.169, 60, 4232.243164
62.169, 60, 4232.687988
62.169, 60, 4233.132812
62.169, 60, 4233.578125
62.169, 60, 4234.022949
62.169, 60, 4234.468262
62.169, 60, 4234.913086
62.169, 60, 4235.358398
62.169, 60, 4235.803223
62.169, 60, 4236.248047
62.169, 60, 4236.693359
62.169, 60, 4237.138184
62.169, 60, 4237.583496
62.169, 60, 4238.028320
62.169, 60, 4238.473633
62.169, 60, 4238.918457
62.169, 60, 4239.363281
62.169, 60, 4239.808594
62.169, 60, 4240.253418
62.169, 60, 4240.698730
62.169, 60, 4241.143555
62.169, 60, 4241.588867
62.169, 60, 4242.033691
62.169, 60, 4242.478516
62.169, 60, 4242.923828
62.169, 60, 4243.368652
62.169, 60, 4243.813965
62.169, 60, 4244.258789
62.169, 60, 4244.703613
62.169, 60, 4245.148926
62.169, 60, 4245.593750
62.169, 60, 4246.039062
62.169, 60, 4246.483887
62.169, 60, 4246.929199
62.169, 60, 4247.374023
62.169, 60, 4247.818848
62.169, 60, 4248.264160
62.169, 60, 4248.708984
62.169, 60, 4249.154297
62.169, 60, 4249.599121
62.169, 60, 4250.044434
62.169, 60, 4250.489258
62.169, 60, 4250.934082
62.169, 60, 4251.379395
62.169, 60, 4251.824219
62.169, 60, 4252.269531
62.169, 60, 4252.714355
61.979, 60, 4253.159668
61.979, 60, 4253.604492
61.979, 60, 4254.049316
61.979, 60, 4254.494629
61.979, 60, 4254.939453
61.979, 60, 4255.384766
61.979, 60, 4255.829590
61.979, 60, 4256.274414
61.979, 60, 4256.719727
61.979, 60, 4257.164551
61.979, 60, 4257.609863
61.979, 60, 4258.054688
61.979, 60, 4258.500000
61.979, 60, 4258.944824
61.979, 60, 4259.389648
61.979, 60, 4259.834961
61.979, 60, 4260.279785
61.979, 60, 4260.725098
61.979, 60, 4261.169922
61.979, 60, 4261.615234
61.979, 60, 4262.060059
61.979, 60, 4262.504883
61.979, 60, 4262.950195
61.979, 60, 4263.395020
61.979, 60, 4263.840332
61.979, 60, 4264.285156
61.979, 60, 4264.730469
61.979, 60, 4265.175293
61.979, 60, 4265.620117
61.979, 60, 4266.065430
61.979, 60, 4266.510254
61.979, 60, 4266.955566
61.979, 60, 4267.400391
61.979, 60, 4267.845215
61.979, 60, 4268.290527
61.979, 60, 4268.735352
61.979, 60, 4269.180664
61.979, 60, 4269.625488
61.979, 60, 4270.070801
61.979, 60, 4270.515625
61.979, 60, 4270.960449
61.979, 60, 4271.405762
61.979, 60, 4271.850586
61.979, 60, 4272.295898
61.979, 60, 4272.740723
61.979, 60, 4273.186035
61.979, 60, 4273.630859
61.979, 60, 4274.075684
61.979, 60, 4274.520996
61.979, 60, 4274.965820
61.979, 60, 4275.411133
61.979, 60, 4275.855957
61.979, 60, 4276.301270
61.979, 60, 4276.746094
61.979, 60, 4277.190918
61.979, 60, 4277.636230
61.979, 60, 4278.081055
61.979, 60, 4278.526367
61.979, 60, 4278.971191
61.979, 60, 4279.416016
61.979, 60, 4279.861328
61.979, 60, 4280.306152
61.979, 60, 4280.751465
61.979, 60, 4281.196289
61.979, 60, 4281.641602
61.979, 60, 4282.086426
61.979, 60, 4282.531250
61.979, 60, 4282.976562
61.979, 60, 4283.421387
62.169, 60, 4283.866699
62.169, 60, 4284.311523
62.169, 60, 4284.756836
62.169, 60, 4285.201660
62.169, 60, 4285.646484
62.169, 60, 4286.091797
62.169, 60, 4286.536621
62.169, 60, 4286.981934
62.169, 60, 4287.426758
62.169, 60, 4287.872070
62.169, 60, 4288.316895
62.169, 60, 4288.761719
62.169, 60, 4289.207031
62.169, 60, 4289.651855
62.169, 60, 4290.097168
62.169, 60, 4290.541992
62.169, 60, 4290.986816
62.169, 60, 4291.432129
62.169, 60, 4291.876953
62.169, 60, 4292.322266
62.169, 60, 4292.767090
62.169, 60, 4293.212402
62.169, 60, 4293.657227
62.169, 60, 4294.102051
62.169, 60, 4294.547363
62.169, 60, 4294.992188
62.169, 60, 4295.437500
62.169, 60, 4295.882324
62.169, 60, 4296.327637
62.169, 60, 4296.772461
62.169, 60, 4297.217285
62.169, 60, 4297.662598
62.169, 60, 4298.107422
62.169, 60, 4298.552734
62.169, 60, 4298.997559
62.169, 60, 4299.442871
62.169, 60, 4299.887695
62.169, 60, 4300.332520
62.169, 60, 4300.777832
62.169, 60, 4301.222656
62.169, 60, 4301.667969
62.169, 60, 4302.112793
62.169, 60, 4302.557617
62.169, 60, 4303.002930
62.169, 60, 4303.447754
62.169, 60, 4303.893066
62.169, 60, 4304.337891
62.169, 60, 4304.783203
62.169, 60, 4305.228027
62.169, 60, 4305.672852
62.169, 60, 4306.118164
62.169, 60, 4306.562988
62.169, 60, 4307.008301
62.169, 60, 4307.453125
62.169, 60, 4307.898438
62.169, 60, 4308.343262
62.169, 60, 4308.788086
62.169, 60, 4309.233398
62.169, 60, 4309.678223
62.169, 60, 4310.123535
62.169, 60, 4310.568359
62.169, 60, 4311.013672
62.169, 60, 4311.458496
62.169, 60, 4311.903320
62.169, 60, 4312.348633
62.169, 60, 4312.793457
62.169, 60, 4313.238770
62.169, 60, 4313.683594
62.169, 60, 4314.128418
62.169, 60, 4314.573730
62.169, 60, 4315.018555
62.169, 60, 4315.463867
62.169, 60, 4315.908691
62.169, 60, 4316.354004
62.169, 60, 4316.798828
62.169, 60, 4317.243652
62.169, 60, 4317.688965
62.169, 60, 4318.133789
62.169, 60, 4318.579102
62.169, 60, 4319.023926
62.169, 60, 4319.469238
62.169, 60, 4319.914062
62.169, 60, 4320.358887
62.169, 60, 4320.804199
62.169, 60, 4321.249023
62.169, 60, 4321.694336
62.169, 60, 4322.139160
62.169, 60, 4322.584473
62.169, 60, 4323.029297
62.169, 60, 4323.474121
62.169, 60, 4323.919434
62.169, 60, 4324.364258
62.169, 60, 4324.809570
62.169, 60, 4325.254395
62.169, 60, 4325.699219
62.169, 60, 4326.144531
62.169, 60, 4326.589355
62.169, 60, 4327.034668
62.169, 60, 4327.479492
62.169, 60, 4327.924805
62.169, 60, 4328.369629
62.169, 60, 4328.814453
62.169, 60, 4329.259766
62.169, 60, 4329.704590
62.169, 60, 4330.149902
62.169, 60, 4330.594727
62.169, 60, 4331.040039
62.169, 60, 4331.484863
62.169, 60, 4331.929688
62.169, 60, 4332.375000
62.169, 60, 4332.819824
62.169, 60, 4333.265137
62.169, 60, 4333.709961
62.169, 60, 4334.155273
62.169, 60, 4334.600098
62.169, 60, 4335.044922
62.169, 60, 4335.490234
62.169, 60, 4335.935059
62.169, 60, 4336.380371
62.169, 60, 4336.825195
62.169, 60, 4337.270020
62.169, 60, 4337.715332
62.169, 60, 4338.160156
62.169, 60, 4338.605469
62.169, 60, 4339.050293
62.169, 60, 4339.495605
62.169, 60, 4339.940430
62.169, 60, 4340.385254
62.169, 60, 4340.830566
62.169, 60, 4341.275391
62.169, 60, 4341.720703
62.169, 60, 4342.165527
62.169, 60, 4342.610840
62.169, 60, 4343.055664
62.169, 60, 4343.500488
62.169, 60, 4343.945801
62.169, 60, 4344.390625
62.169, 60, 4344.835938
62.169, 60, 4345.280762
62.169, 60, 4345.726074
62.169, 60, 4346.170898
62.169, 60, 4346.615723
62.169, 60, 4347.061035
62.169, 60, 4347.505859
62.169, 60, 4347.951172
62.169, 60, 4348.395996
62.169, 60, 4348.840820
62.169, 60, 4349.286133
62.169, 60, 4349.730957
62.169, 60, 4350.176270
62.169, 60, 4350.621094
62.169, 60, 4351.066406
62.169, 60, 4351.511230
62.169, 60, 4351.956055
62.169, 60, 4352.401367
62.169, 60, 4352.846191
62.169, 60, 4353.291504
62.169, 60, 4353.736328
62.169, 60, 4354.181641
62.169, 60, 4354.626465
62.169, 60, 4355.071289
62.169, 60, 4355.516602
62.169, 60, 4355.961426
62.169, 60, 4356.406738
62.169, 60, 4356.851562
62.169, 60, 4357.296875
62.169, 60, 4357.741699
62.169, 60, 4358.186523
62.169, 60, 4358.631836
62.169, 60, 4359.076660
62.169, 60, 4359.521973
62.169, 60, 4359.966797
62.169, 60, 4360.411621
62.265, 60, 4360.856934
62.265, 60, 4361.301758
62.265, 60, 4361.747070
62.265, 60, 4362.191895
62.265, 60, 4362.637207
62.265, 60, 4363.082031
62.265, 60, 4363.526855
62.265, 60, 4363.972168
62.265, 60, 4364.416992
62.265, 60, 4364.862305
62.265, 60, 4365.307129
62.265, 60, 4365.752441
62.265, 60, 4366.197266
62.265, 60, 4366.642090
62.265, 60, 4367.087402
62.265, 60, 4367.532227
62.265, 60, 4367.977539
62.265, 60, 4368.422363
62.265, 60, 4368.867676
62.265, 60, 4369.312500
62.265, 60, 4369.757324
62.265, 60, 4370.202637
62.265, 60, 4370.647461
62.265, 60, 4371.092773
62.265, 60, 4371.537598
62.265, 60, 4371.982422
62.265, 60, 4372.427734
62.265, 60, 4372.872559
62.265, 60, 4373.317871
62.265, 60, 4373.762695
62.265, 60, 4374.208008
62.265, 60, 4374.652832
62.265, 60, 4375.097656
62.265, 60, 4375.542969
62.265, 60, 4375.987793
62.265, 60, 4376.433105
62.265, 60, 4376.877930
62.265, 60, 4377.323242
62.265, 60, 4377.768066
62.265, 60, 4378.212891
62.265, 60, 4378.658203
62.265, 60, 4379.103027
62.265, 60, 4379.548340
62.265, 60, 4379.993164
62.265, 60, 4380.438477
62.265, 60, 4380.883301
62.265, 60, 4381.328125
62.265, 60, 4381.773438
62.265, 60, 4382.218262
62.265, 60, 4382.663574
62.265, 60, 4383.108398
62.265, 60, 4383.553223
62.265, 60, 4383.998535
62.265, 60, 4384.443359
62.265, 60, 4384.888672
62.265, 60, 4385.333496
62.265, 60, 4385.778809
62.265, 60, 4386.223633
62.265, 60, 4386.668457
62.265, 60, 4387.113770
62.265, 60, 4387.558594
62.265, 60, 4388.003906
62.265, 60, 4388.448730
62.265, 60, 4388.894043
62.265, 60, 4389.338867
62.265, 60, 4389.783691
62.265, 60, 4390.229004
62.265, 60, 4390.673828
62.265, 60, 4391.119141
62.265, 60, 4391.563965
62.265, 60, 4392.009277
62.265, 60, 4392.454102
62.265, 60, 4392.898926
62.265, 60, 4393.344238
62.265, 60, 4393.789062
62.265, 60, 4394.234375
62.265, 60, 4394.679199
62.265, 60, 4395.124023
62.265, 60, 4395.569336
62.265, 60, 4396.014160
62.265, 60, 4396.459473
62.265, 60, 4396.904297
62.265, 60, 4397.349609
62.265, 60, 4397.794434
62.265, 60, 4398.239258
62.265, 60, 4398.684570
62.265, 60, 4399.129395
62.265, 60, 4399.574707
62.265, 60, 4400.019531
62.265, 60, 4400.464844
62.265, 60, 4400.909668
62.265, 60, 4401.354492
62.265, 60, 4401.799805
62.265, 60, 4402.244629
62.265, 60, 4402.689941
62.265, 60, 4403.134766
62.265, 60, 4403.580078
62.265, 60, 4404.024902
62.265, 60, 4404.469727
62.265, 60, 4404.915039
62.265, 60, 4405.359863
62.265, 60, 4405.805176
62.265, 60, 4406.250000
62.265, 60, 4406.694824
62.265, 60, 4407.140137
62.265, 60, 4407.584961
62.265, 60, 4408.030273
62.265, 60, 4408.475098
62.265, 60, 4408.920410
62.265, 60, 4409.365234
62.265, 60, 4409.810059
62.265, 60, 4410.255371
62.265, 60, 4410.700195
62.265, 60, 4411.145508
62.265, 60, 4411.590332
62.265, 60, 4412.035645
62.265, 60, 4412.480469
62.265, 60, 4412.925293
62.265, 60, 4413.370605
62.265, 60, 4413.815430
62.265, 60, 4414.260742
62.265, 60, 4414.705566
62.265, 60, 4415.150879
62.265, 60, 4415.595703
62.265, 60, 4416.040527
62.265, 60, 4416.485840
62.265, 60, 4416.930664
62.265, 60, 4417.375977
62.265, 60, 4417.820801
62.265, 60, 4418.265625
62.265, 60, 4418.710938
62.265, 60, 4419.155762
62.265, 60, 4419.601074
62.265, 60, 4420.045898
62.265, 60, 4420.491211
62.265, 60, 4420.936035
62.265, 60, 4421.380859
62.265, 60, 4421.826172
62.265, 60, 4422.270996
62.265, 60, 4422.716309
62.265, 60, 4423.161133
62.265, 60, 4423.606445
62.265, 60, 4424.051270
62.265, 60, 4424.496094
62.265, 60, 4424.941406
62.265, 60, 4425.386230
62.265, 60, 4425.831543
62.265, 60, 4426.276367
62.265, 60, 4426.721680
62.265, 60, 4427.166504
62.265, 60, 4427.611328
62.265, 60, 4428.056641
62.265, 60, 4428.501465
62.265, 60, 4428.946777
62.265, 60, 4429.391602
62.265, 60, 4429.836426
62.265, 60, 4430.281738
62.265, 60, 4430.726562
62.265, 60, 4431.171875
62.265, 60, 4431.616699
62.265, 60, 4432.062012
62.265, 60, 4432.506836
62.265, 60, 4432.951660
62.265, 60, 4433.396973
62.265, 60, 4433.841797
62.265, 60, 4434.287109
62.265, 60, 4434.731934
62.265, 60, 4435.177246
62.265, 60, 4435.622070
62.265, 60, 4436.066895
62.265, 60, 4436.512207
62.265, 60, 4436.957031
62.265, 60, 4437.402344
62.265, 60, 4437.847168
62.265, 60, 4438.292480
62.265, 60, 4438.737305
62.265, 60, 4439.182129
62.265, 60, 4439.627441
62.265, 60, 4440.072266
62.265, 60, 4440.517578
62.265, 60, 4440.962402
62.265, 60, 4441.407227
62.265, 60, 4441.852539
62.265, 60, 4442.297363
62.265, 60, 4442.742676
62.265, 60, 4443.187500
62.265, 60, 4443.632812
62.265, 60, 4444.077637
62.265, 60, 4444.522461
62.265, 60, 4444.967773
62.265, 60, 4445.412598
62.265, 60, 4445.857910
62.265, 60, 4446.302734
62.265, 60, 4446.748047
62.265, 60, 4447.192871
62.265, 60, 4447.637695
62.265, 60, 4448.083008
62.265, 60, 4448.527832
62.265, 60, 4448.973145
62.265, 60, 4449.417969
62.265, 60, 4449.863281
62.265, 60, 4450.308105
62.265, 60, 4450.752930
62.265, 60, 4451.198242
62.265, 60, 4451.643066
62.265, 60, 4452.088379
62.265, 60, 4452.533203
62.265, 60, 4452.978027
62.265, 60, 4453.423340
62.360, 60, 4453.868164
62.360, 60, 4454.313477
62.360, 60, 4454.758301
62.360, 60, 4455.203613
62.360, 60, 4455.648438
62.360, 60, 4456.093262
62.360, 60, 4456.538574
62.360, 60, 4456.983398
62.360, 60, 4457.428711
62.360, 60, 4457.873535
62.360, 60, 4458.318848
62.360, 60, 4458.763672
62.360, 60, 4459.208496
62.360, 60, 4459.653809
62.360, 60, 4460.098633
62.360, 60, 4460.543945
62.360, 60, 4460.988770
62.360, 60, 4461.434082
62.360, 60, 4461.878906
62.360, 60, 4462.323730
62.360, 60, 4462.769043
62.360, 60, 4463.213867
62.360, 60, 4463.659180
62.360, 60, 4464.104004
62.360, 60, 4464.548828
62.360, 60, 4464.994141
62.360, 60, 4465.438965
62.360, 60, 4465.884277
62.360, 60, 4466.329102
62.360, 60, 4466.774414
62.360, 60, 4467.219238
62.360, 60, 4467.664062
62.360, 60, 4468.109375
62.360, 60, 4468.554199
62.342, 60, 4468.999512
62.342, 60, 4469.444336
62.342, 60, 4469.889648
62.342, 60, 4470.334473
62.342, 60, 4470.779297
62.342, 60, 4471.224609
62.342, 60, 4471.669434
62.342, 60, 4472.114746
62.342, 60, 4472.559570
62.342, 60, 4473.004883
62.342, 60, 4473.449707
62.342, 60, 4473.894531
62.342, 60, 4474.339844
62.342, 60, 4474.784668
62.342, 60, 4475.229980
62.342, 60, 4475.674805
62.342, 60, 4476.119629
62.342, 60, 4476.564941
62.342, 60, 4477.009766
62.342, 60, 4477.455078
62.342, 60, 4477.899902
62.342, 60, 4478.345215
62.342, 60, 4478.790039
62.342, 60, 4479.234863
62.342, 60, 4479.680176
62.342, 60, 4480.125000
62.342, 60, 4480.570312
62.342, 60, 4481.015137
62.342, 60, 4481.460449
62.342, 60, 4481.905273
62.342, 60, 4482.350098
62.342, 60, 4482.795410
62.342, 60, 4483.240234
62.342, 60, 4483.685547
62.360, 60, 4484.130371
62.360, 60, 4484.575684
62.360, 60, 4485.020508
62.360, 60, 4485.465332
62.360, 60, 4485.910645
62.360, 60, 4486.355469
62.360, 60, 4486.800781
62.360, 60, 4487.245605
62.360, 60, 4487.690430
62.360, 60, 4488.135742
62.360, 60, 4488.580566
62.360, 60, 4489.025879
62.360, 60, 4489.470703
62.360, 60, 4489.916016
62.360, 60, 4490.360840
62.360, 60, 4490.805664
62.360, 60, 4491.250977
62.360, 60, 4491.695801
62.360, 60, 4492.141113
62.360, 60, 4492.585938
62.360, 60, 4493.031250
62.360, 60, 4493.476074
62.360, 60, 4493.920898
62.360, 60, 4494.366211
62.360, 60, 4494.811035
62.360, 60, 4495.256348
62.360, 60, 4495.701172
62.360, 60, 4496.146484
62.360, 60, 4496.591309
62.360, 60, 4497.036133
62.360, 60, 4497.481445
62.360, 60, 4497.926270
62.360, 60, 4498.371582
62.360, 60, 4498.816406
62.360, 60, 4499.261230
62.360, 60, 4499.706543
62.360, 60, 4500.151367
62.360, 60, 4500.596680
62.360, 60, 4501.041504
62.360, 60, 4501.486816
62.360, 60, 4501.931641
62.360, 60, 4502.376465
62.360, 60, 4502.821777
62.360, 60, 4503.266602
62.360, 60, 4503.711914
62.360, 60, 4504.156738
62.360, 60, 4504.602051
62.360, 60, 4505.046875
62.360, 60, 4505.491699
62.360, 60, 4505.937012
62.360, 60, 4506.381836
62.360, 60, 4506.827148
62.360, 60, 4507.271973
62.360, 60, 4507.717285
62.360, 60, 4508.162109
62.360, 60, 4508.606934
62.360, 60, 4509.052246
62.360, 60, 4509.497070
62.360, 60, 4509.942383
62.360, 60, 4510.387207
62.360, 60, 4510.832031
62.360, 60, 4511.277344
62.360, 60, 4511.722168
62.360, 60, 4512.167480
62.360, 60, 4512.612305
62.360, 60, 4513.057617
62.360, 60, 4513.502441
62.360, 60, 4513.947266
62.360, 60, 4514.392578
62.265, 60, 4514.837402
62.265, 60, 4515.282715
62.265, 60, 4515.727539
62.265, 60, 4516.172852
62.265, 60, 4516.617676
62.265, 60, 4517.062500
62.265, 60, 4517.507812
62.265, 60, 4517.952637
62.265, 60, 4518.397949
62.265, 60, 4518.842773
62.265, 60, 4519.288086
62.265, 60, 4519.732910
62.265, 60, 4520.177734
62.265, 60, 4520.623047
62.265, 60, 4521.067871
62.265, 60, 4521.513184
62.265, 60, 4521.958008
62.265, 60, 4522.402832
62.265, 60, 4522.848145
62.265, 60, 4523.292969
62.265, 60, 4523.738281
62.265, 60, 4524.183105
62.265, 60, 4524.628418
62.265, 60, 4525.073242
62.265, 60, 4525.518066
62.265, 60, 4525.963379
62.265, 60, 4526.408203
62.265, 60, 4526.853516
62.265, 60, 4527.298340
62.265, 60, 4527.743652
62.265, 60, 4528.188477
62.265, 60, 4528.633301
62.265, 60, 4529.078613
62.265, 60, 4529.523438
62.169, 60, 4529.968750
62.169, 60, 4530.413574
62.169, 60, 4530.858887
62.169, 60, 4531.303711
62.169, 60, 4531.748535
62.169, 60, 4532.193848
62.169, 60, 4532.638672
62.169, 60, 4533.083984
62.169, 60, 4533.528809
62.169, 60, 4533.973633
62.169, 60, 4534.418945
62.169, 60, 4534.863770
62.169, 60, 4535.309082
62.169, 60, 4535.753906
62.169, 60, 4536.199219
62.169, 60, 4536.644043
62.169, 60, 4537.088867
62.169, 60, 4537.534180
62.169, 60, 4537.979004
62.169, 60, 4538.424316
62.169, 60, 4538.869141
62.169, 60, 4539.314453
62.169, 60, 4539.759277
62.169, 60, 4540.204102
62.169, 60, 4540.649414
62.169, 60, 4541.094238
62.169, 60, 4541.539551
62.169, 60, 4541.984375
62.169, 60, 4542.429688
62.169, 60, 4542.874512
62.169, 60, 4543.319336
62.169, 60, 4543.764648
62.169, 60, 4544.209473
61.979, 60, 4544.654785
61.979, 60, 4545.099609
61.979, 60, 4545.544434
61.979, 60, 4545.989746
61.979, 60, 4546.434570
61.979, 60, 4546.879883
61.979, 60, 4547.324707
61.979, 60, 4547.770020
61.979, 60, 4548.214844
61.979, 60, 4548.659668
61.979, 60, 4549.104980
61.979, 60, 4549.549805
61.979, 60, 4549.995117
61.979, 60, 4550.439941
61.979, 60, 4550.885254
61.979, 60, 4551.330078
61.979, 60, 4551.774902
61.979, 60, 4552.220215
61.979, 60, 4552.665039
61.979, 60, 4553.110352
61.979, 60, 4553.555176
61.979, 60, 4554.000488
61.979, 60, 4554.445312
61.979, 60, 4554.890137
61.979, 60, 4555.335449
61.979, 60, 4555.780273
61.979, 60, 4556.225586
61.979, 60, 4556.670410
61.979, 60, 4557.115234
61.979, 60, 4557.560547
61.979, 60, 4558.005371
61.979, 60, 4558.450684
61.979, 60, 4558.895508
61.979, 60, 4559.340820
61.979, 60, 4559.785645
61.979, 60, 4560.230469
61.979, 60, 4560.675781
61.979, 60, 4561.120605
61.979, 60, 4561.565918
61.979, 60, 4562.010742
61.979, 60, 4562.456055
61.979, 60, 4562.900879
61.979, 60, 4563.345703
61.979, 60, 4563.791016
61.979, 60, 4564.235840
61.979, 60, 4564.681152
61.979, 60, 4565.125977
61.979, 60, 4565.571289
61.979, 60, 4566.016113
61.979, 60, 4566.460938
61.979, 60, 4566.906250
61.979, 60, 4567.351074
61.979, 60, 4567.796387
61.979, 60, 4568.241211
61.979, 60, 4568.686523
61.979, 60, 4569.131348
61.979, 60, 4569.576172
61.979, 60, 4570.021484
61.979, 60, 4570.466309
61.979, 60, 4570.911621
61.979, 60, 4571.356445
61.979, 60, 4571.801270
61.979, 60, 4572.246582
61.979, 60, 4572.691406
61.979, 60, 4573.136719
61.979, 60, 4573.581543
61.979, 60, 4574.026855
61.979, 60, 4574.471680
61.979, 60, 4574.916504
61.979, 60, 4575.361816
61.884, 60, 4575.806641
61.884, 60, 4576.251953
61.884, 60, 4576.696777
61.884, 60, 4577.142090
61.884, 60, 4577.586914
61.884, 60, 4578.031738
61.884, 60, 4578.477051
61.884, 60, 4578.921875
61.884, 60, 4579.367188
61.884, 60, 4579.812012
61.884, 60, 4580.257324
61.884, 60, 4580.702148
61.884, 60, 4581.146973
61.884, 60, 4581.592285
61.884, 60, 4582.037109
61.884, 60, 4582.482422
61.884, 60, 4582.927246
61.884, 60, 4583.372070
61.884, 60, 4583.817383
61.884, 60, 4584.262207
61.884, 60, 4584.707520
61.884, 60, 4585.152344
61.884, 60, 4585.597656
61.884, 60, 4586.042480
61.884, 60, 4586.487305
61.884, 60, 4586.932617
61.884, 60, 4587.377441
61.884, 60, 4587.822754
61.884, 60, 4588.267578
61.884, 60, 4588.712891
61.884, 60, 4589.157715
61.884, 60, 4589.602539
61.884, 60, 4590.047852
61.884, 60, 4590.492676
61.884, 60, 4590.937988
61.979, 60, 4591.382812
61.979, 60, 4591.828125
61.979, 60, 4592.272949
61.979, 60, 4592.717773
61.979, 60, 4593.163086
61.979, 60, 4593.607910
61.979, 60, 4594.053223
61.979, 60, 4594.498047
61.979, 60, 4594.942871
61.979, 60, 4595.388184
61.979, 60, 4595.833008
61.979, 60, 4596.278320
61.979, 60, 4596.723145
61.979, 60, 4597.168457
61.979, 60, 4597.613281
61.979, 60, 4598.058105
61.979, 60, 4598.503418
61.979, 60, 4598.948242
61.979, 60, 4599.393555
61.979, 60, 4599.838379
61.979, 60, 4600.283691
61.979, 60, 4600.728516
61.979, 60, 4601.173340
61.979, 60, 4601.618652
61.979, 60, 4602.063477
61.979, 60, 4602.508789
61.979, 60, 4602.953613
61.979, 60, 4603.398926
61.979, 60, 4603.843750
61.979, 60, 4604.288574
61.979, 60, 4604.733887
61.979, 60, 4605.178711
61.979, 60, 4605.624023
61.979, 60, 4606.068848
61.979, 60, 4606.513672
61.884, 60, 4606.958984
61.884, 60, 4607.403809
61.884, 60, 4607.849121
61.884, 60, 4608.293945
61.884, 60, 4608.739258
61.884, 60, 4609.184082
61.884, 60, 4609.628906
61.884, 60, 4610.074219
61.884, 60, 4610.519043
61.884, 60, 4610.964355
61.884, 60, 4611.409180
61.884, 60, 4611.854492
61.884, 60, 4612.299316
61.884, 60, 4612.744141
61.884, 60, 4613.189453
61.884, 60, 4613.634277
61.884, 60, 4614.079590
61.884, 60, 4614.524414
61.884, 60, 4614.969727
61.884, 60, 4615.414551
61.884, 60, 4615.859375
61.884, 60, 4616.304688
61.884, 60, 4616.749512
61.884, 60, 4617.194824
61.884, 60, 4617.639648
61.884, 60, 4618.084473
61.884, 60, 4618.529785
61.884, 60, 4618.974609
61.884, 60, 4619.419922
61.884, 60, 4619.864746
61.884, 60, 4620.310059
61.884, 60, 4620.754883
61.884, 60, 4621.199707
61.884, 60, 4621.645020
61.884, 60, 4622.089844
61.884, 60, 4622.535156
61.884, 60, 4622.979980
61.884, 60, 4623.425293
61.884, 60, 4623.870117
61.884, 60, 4624.314941
61.884, 60, 4624.760254
61.884, 60, 4625.205078
61.884, 60, 4625.650391
61.884, 60, 4626.095215
61.884, 60, 4626.540527
61.884, 60, 4626.985352
61.884, 60, 4627.430176
61.884, 60, 4627.875488
61.884, 60, 4628.320312
61.884, 60, 4628.765625
61.884, 60, 4629.210449
61.884, 60, 4629.655273
61.884, 60, 4630.100586
61.884, 60, 4630.545410
61.884, 60, 4630.990723
61.884, 60, 4631.435547
61.884, 60, 4631.880859
61.884, 60, 4632.325684
61.884, 60, 4632.770508
61.884, 60, 4633.215820
61.884, 60, 4633.660645
61.884, 60, 4634.105957
61.884, 60, 4634.550781
61.884, 60, 4634.996094
61.884, 60, 4635.440918
61.884, 60, 4635.885742
61.884, 60, 4636.331055
61.884, 60, 4636.775879
61.884, 60, 4637.221191
61.884, 60, 4637.666016
61.979, 60, 4638.111328
61.979, 60, 4638.556152
61.979, 60, 4639.000977
61.979, 60, 4639.446289
61.979, 60, 4639.891113
61.979, 60, 4640.336426
61.979, 60, 4640.781250
61.979, 60, 4641.226074
61.979, 60, 4641.671387
61.979, 60, 4642.116211
61.979, 60, 4642.561523
61.979, 60, 4643.006348
61.979, 60, 4643.451660
61.979, 60, 4643.896484
61.979, 60, 4644.341309
61.979, 60, 4644.786621
61.979, 60, 4645.231445
61.979, 60, 4645.676758
61.979, 60, 4646.121582
61.979, 60, 4646.566895
61.979, 60, 4647.011719
61.979, 60, 4647.456543
61.979, 60, 4647.901855
61.979, 60, 4648.346680
61.979, 60, 4648.791992
61.979, 60, 4649.236816
61.979, 60, 4649.682129
61.979, 60, 4650.126953
61.979, 60, 4650.571777
61.979, 60, 4651.017090
61.979, 60, 4651.461914
61.979, 60, 4651.907227
61.979, 60, 4652.352051
61.979, 60, 4652.796875
61.979, 60, 4653.242188
61.979, 60, 4653.687012
61.979, 60, 4654.132324
61.979, 60, 4654.577148
61.979, 60, 4655.022461
61.979, 60, 4655.467285
61.979, 60, 4655.912109
61.979, 60, 4656.357422
61.979, 60, 4656.802246
61.979, 60, 4657.247559
61.979, 60, 4657.692383
61.979, 60, 4658.137695
61.979, 60, 4658.582520
61.979, 60, 4659.027344
61.979, 60, 4659.472656
61.979, 60, 4659.917480
61.979, 60, 4660.362793
61.979, 60, 4660.807617
61.979, 60, 4661.252930
61.979, 60, 4661.697754
61.979, 60, 4662.142578
61.979, 60, 4662.587891
61.979, 60, 4663.032715
61.979, 60, 4663.478027
61.979, 60, 4663.922852
61.979, 60, 4664.367676
61.979, 60, 4664.812988
61.979, 60, 4665.257812
61.979, 60, 4665.703125
61.979, 60, 4666.147949
61.979, 60, 4666.593262
61.979, 60, 4667.038086
61.979, 60, 4667.482910
61.979, 60, 4667.928223
61.979, 60, 4668.373047
61.979, 60, 4668.818359
61.979, 60, 4669.263184
61.979, 60, 4669.708496
61.979, 60, 4670.153320
61.979, 60, 4670.598145
61.979, 60, 4671.043457
61.979, 60, 4671.488281
61.979, 60, 4671.933594
61.979, 60, 4672.378418
61.979, 60, 4672.823730
61.979, 60, 4673.268555
61.979, 60, 4673.713379
61.979, 60, 4674.158691
61.979, 60, 4674.603516
61.979, 60, 4675.048828
61.979, 60, 4675.493652
61.979, 60, 4675.938477
61.979, 60, 4676.383789
61.979, 60, 4676.828613
61.979, 60, 4677.273926
61.979, 60, 4677.718750
61.979, 60, 4678.164062
61.979, 60, 4678.608887
61.979, 60, 4679.053711
61.979, 60, 4679.499023
61.979, 60, 4679.943848
61.979, 60, 4680.389160
61.979, 60, 4680.833984
61.979, 60, 4681.279297
61.979, 60, 4681.724121
61.979, 60, 4682.168945
61.979, 60, 4682.614258
61.979, 60, 4683.059082
61.979, 60, 4683.504395
61.961, 60, 4683.949219
61.961, 60, 4684.394531
61.961, 60, 4684.839355
61.961, 60, 4685.284180
61.961, 60, 4685.729492
61.961, 60, 4686.174316
61.961, 60, 4686.619629
61.961, 60, 4687.064453
61.961, 60, 4687.509277
61.961, 60, 4687.954590
61.961, 60, 4688.399414
61.961, 60, 4688.844727
61.961, 60, 4689.289551
61.961, 60, 4689.734863
61.961, 60, 4690.179688
61.961, 60, 4690.624512
61.961, 60, 4691.069824
61.961, 60, 4691.514648
61.961, 60, 4691.959961
61.961, 60, 4692.404785
61.961, 60, 4692.850098
61.961, 60, 4693.294922
61.961, 60, 4693.739746
61.961, 60, 4694.185059
61.961, 60, 4694.629883
61.961, 60, 4695.075195
61.961, 60, 4695.520020
61.961, 60, 4695.965332
61.961, 60, 4696.410156
61.961, 60, 4696.854980
61.961, 60, 4697.300293
61.961, 60, 4697.745117
61.961, 60, 4698.190430
61.961, 60, 4698.635254
61.961, 60, 4699.080078
61.961, 60, 4699.525391
61.961, 60, 4699.970215
61.961, 60, 4700.415527
61.961, 60, 4700.860352
61.961, 60, 4701.305664
61.961, 60, 4701.750488
61.961, 60, 4702.195312
61.961, 60, 4702.640625
61.961, 60, 4703.085449
61.961, 60, 4703.530762
61.961, 60, 4703.975586
61.961, 60, 4704.420898
61.961, 60, 4704.865723
61.961, 60, 4705.310547
61.961, 60, 4705.755859
61.961, 60, 4706.200684
61.961, 60, 4706.645996
61.961, 60, 4707.090820
61.961, 60, 4707.536133
61.961, 60, 4707.980957
61.961, 60, 4708.425781
61.961, 60, 4708.871094
61.961, 60, 4709.315918
61.961, 60, 4709.761230
61.961, 60, 4710.206055
61.961, 60, 4710.650879
61.961, 60, 4711.096191
61.961, 60, 4711.541016
61.961, 60, 4711.986328
61.961, 60, 4712.431152
61.961, 60, 4712.876465
61.961, 60, 4713.321289
61.961, 60, 4713.766113
61.961, 60, 4714.211426
61.961, 60, 4714.656250
61.979, 60, 4715.101562
61.979, 60, 4715.546387
61.979, 60, 4715.991699
61.979, 60, 4716.436523
61.979, 60, 4716.881348
61.979, 60, 4717.326660
61.979, 60, 4717.771484
61.979, 60, 4718.216797
61.979, 60, 4718.661621
61.979, 60, 4719.106934
61.979, 60, 4719.551758
61.979, 60, 4719.996582
61.979, 60, 4720.441895
61.979, 60, 4720.886719
61.979, 60, 4721.332031
61.979, 60, 4721.776855
61.979, 60, 4722.221680
61.979, 60, 4722.666992
61.979, 60, 4723.111816
61.979, 60, 4723.557129
61.979, 60, 4724.001953
61.979, 60, 4724.447266
61.979, 60, 4724.892090
61.979, 60, 4725.336914
61.979, 60, 4725.782227
61.979, 60, 4726.227051
61.979, 60, 4726.672363
61.979, 60, 4727.117188
61.979, 60, 4727.562500
61.979, 60, 4728.007324
61.979, 60, 4728.452148
61.979, 60, 4728.897461
61.979, 60, 4729.342285
61.979, 60, 4729.787598
61.979, 60, 4730.232422
61.979, 60, 4730.677734
61.979, 60, 4731.122559
61.979, 60, 4731.567383
61.979, 60, 4732.012695
61.979, 60, 4732.457520
61.979, 60, 4732.902832
61.979, 60, 4733.347656
61.979, 60, 4733.792480
61.979, 60, 4734.237793
61.979, 60, 4734.682617
61.979, 60, 4735.127930
61.979, 60, 4735.572754
61.979, 60, 4736.018066
61.979, 60, 4736.462891
61.979, 60, 4736.907715
61.979, 60, 4737.353027
61.979, 60, 4737.797852
61.979, 60, 4738.243164
61.979, 60, 4738.687988
61.979, 60, 4739.133301
61.979, 60, 4739.578125
61.979, 60, 4740.022949
61.979, 60, 4740.468262
61.979, 60, 4740.913086
61.979, 60, 4741.358398
61.979, 60, 4741.803223
61.979, 60, 4742.248535
61.979, 60, 4742.693359
61.979, 60, 4743.138184
61.979, 60, 4743.583496
61.979, 60, 4744.028320
61.979, 60, 4744.473633
61.979, 60, 4744.918457
61.979, 60, 4745.363281
61.961, 60, 4745.808594
61.961, 60, 4746.253418
61.961, 60, 4746.698730
61.961, 60, 4747.143555
61.961, 60, 4747.588867
61.961, 60, 4748.033691
61.961, 60, 4748.478516
61.961, 60, 4748.923828
61.961, 60, 4749.368652
61.961, 60, 4749.813965
61.961, 60, 4750.258789
61.961, 60, 4750.704102
61.961, 60, 4751.148926
61.961, 60, 4751.593750
61.961, 60, 4752.039062
61.961, 60, 4752.483887
61.961, 60, 4752.929199
61.961, 60, 4753.374023
61.961, 60, 4753.819336
61.961, 60, 4754.264160
61.961, 60, 4754.708984
61.961, 60, 4755.154297
61.961, 60, 4755.599121
61.961, 60, 4756.044434
61.961, 60, 4756.489258
61.961, 60, 4756.934082
61.961, 60, 4757.379395
61.961, 60, 4757.824219
61.961, 60, 4758.269531
61.961, 60, 4758.714355
61.961, 60, 4759.159668
61.961, 60, 4759.604492
61.961, 60, 4760.049316
61.961, 60, 4760.494629
61.961, 60, 4760.939453
62.151, 60, 4761.384766
62.151, 60, 4761.829590
62.151, 60, 4762.274902
62.151, 60, 4762.719727
62.151, 60, 4763.164551
62.151, 60, 4763.609863
62.151, 60, 4764.054688
62.151, 60, 4764.500000
62.151, 60, 4764.944824
62.151, 60, 4765.390137
62.151, 60, 4765.834961
62.151, 60, 4766.279785
62.151, 60, 4766.725098
62.151, 60, 4767.169922
62.151, 60, 4767.615234
62.151, 60, 4768.060059
62.151, 60, 4768.504883
62.151, 60, 4768.950195
62.151, 60, 4769.395020
62.151, 60, 4769.840332
62.151, 60, 4770.285156
62.151, 60, 4770.730469
62.151, 60, 4771.175293
62.151, 60, 4771.620117
62.151, 60, 4772.065430
62.151, 60, 4772.510254
62.151, 60, 4772.955566
62.151, 60, 4773.400391
62.151, 60, 4773.845703
62.151, 60, 4774.290527
62.151, 60, 4774.735352
62.151, 60, 4775.180664
62.151, 60, 4775.625488
62.151, 60, 4776.070801
62.151, 60, 4776.515625
62.151, 60, 4776.960938
62.151, 60, 4777.405762
62.151, 60, 4777.850586
62.151, 60, 4778.295898
62.151, 60, 4778.740723
62.151, 60, 4779.186035
62.151, 60, 4779.630859
62.151, 60, 4780.075684
62.151, 60, 4780.520996
62.151, 60, 4780.965820
62.151, 60, 4781.411133
62.151, 60, 4781.855957
62.151, 60, 4782.301270
62.151, 60, 4782.746094
62.151, 60, 4783.190918
62.151, 60, 4783.636230
62.151, 60, 4784.081055
62.151, 60, 4784.526367
62.151, 60, 4784.971191
62.151, 60, 4785.416504
62.151, 60, 4785.861328
62.151, 60, 4786.306152
62.151, 60, 4786.751465
62.151, 60, 4787.196289
62.151, 60, 4787.641602
62.151, 60, 4788.086426
62.151, 60, 4788.531738
62.151, 60, 4788.976562
62.151, 60, 4789.421387
62.151, 60, 4789.866699
62.151, 60, 4790.311523
62.151, 60, 4790.756836
62.151, 60, 4791.201660
62.151, 60, 4791.646484
62.151, 60, 4792.091797
62.151, 60, 4792.536621
62.151, 60, 4792.981934
62.151, 60, 4793.426758
62.151, 60, 4793.872070
62.151, 60, 4794.316895
62.151, 60, 4794.761719
62.151, 60, 4795.207031
62.151, 60, 4795.651855
62.151, 60, 4796.097168
62.151, 60, 4796.541992
62.151, 60, 4796.987305
62.151, 60, 4797.432129
62.151, 60, 4797.876953
62.151, 60, 4798.322266
62.151, 60, 4798.767090
62.151, 60, 4799.212402
62.151, 60, 4799.657227
62.151, 60, 4800.102539
62.151, 60, 4800.547363
62.151, 60, 4800.992188
62.151, 60, 4801.437500
62.151, 60, 4801.882324
62.151, 60, 4802.327637
62.151, 60, 4802.772461
62.151, 60, 4803.217285
62.151, 60, 4803.662598
62.151, 60, 4804.107422
62.151, 60, 4804.552734
62.151, 60, 4804.997559
62.151, 60, 4805.442871
62.151, 60, 4805.887695
62.151, 60, 4806.332520
62.151, 60, 4806.777832
62.151, 60, 4807.222656
62.151, 60, 4807.667969
62.151, 60, 4808.112793
62.151, 60, 4808.558105
62.151, 60, 4809.002930
62.151, 60, 4809.447754
62.151, 60, 4809.893066
62.151, 60, 4810.337891
62.151, 60, 4810.783203
62.151, 60, 4811.228027
62.151, 60, 4811.673340
62.151, 60, 4812.118164
62.151, 60, 4812.562988
62.151, 60, 4813.008301
62.151, 60, 4813.453125
62.151, 60, 4813.898438
62.151, 60, 4814.343262
62.151, 60, 4814.788086
62.151, 60, 4815.233398
62.151, 60, 4815.678223
62.151, 60, 4816.123535
62.151, 60, 4816.568359
62.151, 60, 4817.013672
62.151, 60, 4817.458496
62.151, 60, 4817.903320
62.151, 60, 4818.348633
62.151, 60, 4818.793457
62.151, 60, 4819.238770
62.151, 60, 4819.683594
62.151, 60, 4820.128906
62.151, 60, 4820.573730
62.151, 60, 4821.018555
62.151, 60, 4821.463867
62.151, 60, 4821.908691
62.247, 60, 4822.354004
62.247, 60, 4822.798828
62.247, 60, 4823.244141
62.247, 60, 4823.688965
62.247, 60, 4824.133789
62.247, 60, 4824.579102
62.247, 60, 4825.023926
62.247, 60, 4825.469238
62.247, 60, 4825.914062
62.247, 60, 4826.358887
62.247, 60, 4826.804199
62.247, 60, 4827.249023
62.247, 60, 4827.694336
62.247, 60, 4828.139160
62.247, 60, 4828.584473
62.247, 60, 4829.029297
62.247, 60, 4829.474121
62.247, 60, 4829.919434
62.247, 60, 4830.364258
62.247, 60, 4830.809570
62.247, 60, 4831.254395
62.247, 60, 4831.699707
62.247, 60, 4832.144531
62.247, 60, 4832.589355
62.247, 60, 4833.034668
62.247, 60, 4833.479492
62.247, 60, 4833.924805
62.247, 60, 4834.369629
62.247, 60, 4834.814941
62.247, 60, 4835.259766
62.247, 60, 4835.704590
62.247, 60, 4836.149902
62.247, 60, 4836.594727
62.247, 60, 4837.040039
62.247, 60, 4837.484863
62.247, 60, 4837.929688
62.247, 60, 4838.375000
62.247, 60, 4838.819824
62.247, 60, 4839.265137
62.247, 60, 4839.709961
62.247, 60, 4840.155273
62.247, 60, 4840.600098
62.247, 60, 4841.044922
62.247, 60, 4841.490234
62.247, 60, 4841.935059
62.247, 60, 4842.380371
62.247, 60, 4842.825195
62.247, 60, 4843.270508
62.247, 60, 4843.715332
62.247, 60, 4844.160156
62.247, 60, 4844.605469
62.247, 60, 4845.050293
62.247, 60, 4845.495605
62.247, 60, 4845.940430
62.247, 60, 4846.385742
62.247, 60, 4846.830566
62.247, 60, 4847.275391
62.247, 60, 4847.720703
62.247, 60, 4848.165527
62.247, 60, 4848.610840
62.247, 60, 4849.055664
62.247, 60, 4849.500488
62.247, 60, 4849.945801
62.247, 60, 4850.390625
62.247, 60, 4850.835938
62.247, 60, 4851.280762
62.247, 60, 4851.726074
62.247, 60, 4852.170898
62.247, 60, 4852.615723
62.247, 60, 4853.061035
62.247, 60, 4853.505859
62.247, 60, 4853.951172
62.247, 60, 4854.395996
62.247, 60, 4854.841309
62.247, 60, 4855.286133
62.247, 60, 4855.730957
62.247, 60, 4856.176270
62.247, 60, 4856.621094
62.247, 60, 4857.066406
62.247, 60, 4857.511230
62.247, 60, 4857.956543
62.247, 60, 4858.401367
62.247, 60, 4858.846191
62.247, 60, 4859.291504
62.247, 60, 4859.736328
62.247, 60, 4860.181641
62.247, 60, 4860.626465
62.247, 60, 4861.071289
62.247, 60, 4861.516602
62.247, 60, 4861.961426
62.247, 60, 4862.406738
62.247, 60, 4862.851562
62.247, 60, 4863.296875
62.247, 60, 4863.741699
62.247, 60, 4864.186523
62.247, 60, 4864.631836
62.247, 60, 4865.076660
62.247, 60, 4865.521973
62.247, 60, 4865.966797
62.247, 60, 4866.412109
62.247, 60, 4866.856934
62.247, 60, 4867.301758
62.247, 60, 4867.747070
62.247, 60, 4868.191895
62.151, 60, 4868.637207
62.151, 60, 4869.082031
62.151, 60, 4869.527344
62.151, 60, 4869.972168
62.151, 60, 4870.416992
62.151, 60, 4870.862305
62.151, 60, 4871.307129
62.151, 60, 4871.752441
62.151, 60, 4872.197266
62.151, 60, 4872.642090
62.151, 60, 4873.087402
62.151, 60, 4873.532227
62.151, 60, 4873.977539
62.151, 60, 4874.422363
62.151, 60, 4874.867676
62.151, 60, 4875.312500
62.151, 60, 4875.757324
62.151, 60, 4876.202637
62.151, 60, 4876.647461
62.151, 60, 4877.092773
62.151, 60, 4877.537598
62.151, 60, 4877.982910
62.151, 60, 4878.427734
62.151, 60, 4878.872559
62.151, 60, 4879.317871
62.151, 60, 4879.762695
62.151, 60, 4880.208008
62.151, 60, 4880.652832
62.151, 60, 4881.098145
62.151, 60, 4881.542969
62.151, 60, 4881.987793
62.151, 60, 4882.433105
62.151, 60, 4882.877930
62.151, 60, 4883.323242
62.151, 60, 4883.768066
62.151, 60, 4884.212891
62.151, 60, 4884.658203
62.151, 60, 4885.103027
62.151, 60, 4885.548340
62.151, 60, 4885.993164
62.151, 60, 4886.438477
62.151, 60, 4886.883301
62.151, 60, 4887.328125
62.151, 60, 4887.773438
62.151, 60, 4888.218262
62.151, 60, 4888.663574
62.151, 60, 4889.108398
62.151, 60, 4889.553711
62.151, 60, 4889.998535
62.151, 60, 4890.443359
62.151, 60, 4890.888672
62.151, 60, 4891.333496
62.151, 60, 4891.778809
62.151, 60, 4892.223633
62.151, 60, 4892.668945
62.151, 60, 4893.113770
62.151, 60, 4893.558594
62.151, 60, 4894.003906
62.151, 60, 4894.448730
62.151, 60, 4894.894043
62.151, 60, 4895.338867
62.151, 60, 4895.783691
62.151, 60, 4896.229004
62.151, 60, 4896.673828
62.151, 60, 4897.119141
62.151, 60, 4897.563965
62.151, 60, 4898.009277
62.151, 60, 4898.454102
62.151, 60, 4898.898926
62.151, 60, 4899.344238
62.151, 60, 4899.789062
62.151, 60, 4900.234375
62.151, 60, 4900.679199
62.151, 60, 4901.124512
62.151, 60, 4901.569336
62.151, 60, 4902.014160
62.151, 60, 4902.459473
62.151, 60, 4902.904297
62.151, 60, 4903.349609
62.151, 60, 4903.794434
62.151, 60, 4904.239746
62.151, 60, 4904.684570
62.151, 60, 4905.129395
62.151, 60, 4905.574707
62.151, 60, 4906.019531
62.151, 60, 4906.464844
62.151, 60, 4906.909668
62.151, 60, 4907.354492
62.151, 60, 4907.799805
62.151, 60, 4908.244629
62.151, 60, 4908.689941
62.151, 60, 4909.134766
62.151, 60, 4909.580078
62.151, 60, 4910.024902
62.151, 60, 4910.469727
62.151, 60, 4910.915039
62.151, 60, 4911.359863
62.151, 60, 4911.805176
62.151, 60, 4912.250000
62.151, 60, 4912.695312
62.151, 60, 4913.140137
62.151, 60, 4913.584961
62.151, 60, 4914.030273
62.151, 60, 4914.475098
62.151, 60, 4914.920410
62.151, 60, 4915.365234
62.151, 60, 4915.810547
62.151, 60, 4916.255371
62.151, 60, 4916.700195
62.151, 60, 4917.145508
62.151, 60, 4917.590332
62.151, 60, 4918.035645
62.151, 60, 4918.480469
62.151, 60, 4918.925293
62.151, 60, 4919.370605
62.151, 60, 4919.815430
62.151, 60, 4920.260742
62.151, 60, 4920.705566
62.151, 60, 4921.150879
62.151, 60, 4921.595703
62.151, 60, 4922.040527
62.151, 60, 4922.485840
62.151, 60, 4922.930664
62.151, 60, 4923.375977
62.151, 60, 4923.820801
62.151, 60, 4924.266113
62.151, 60, 4924.710938
62.151, 60, 4925.155762
62.151, 60, 4925.601074
62.151, 60, 4926.045898
62.151, 60, 4926.491211
62.151, 60, 4926.936035
62.151, 60, 4927.381348
62.151, 60, 4927.826172
62.151, 60, 4928.270996
62.151, 60, 4928.716309
62.151, 60, 4929.161133
62.151, 60, 4929.606445
62.151, 60, 4930.051270
62.151, 60, 4930.496094
62.151, 60, 4930.941406
62.151, 60, 4931.386230
62.151, 60, 4931.831543
62.151, 60, 4932.276367
62.151, 60, 4932.721680
62.151, 60, 4933.166504
62.151, 60, 4933.611328
62.151, 60, 4934.056641
62.151, 60, 4934.501465
62.151, 60, 4934.946777
62.151, 60, 4935.391602
62.151, 60, 4935.836914
62.151, 60, 4936.281738
62.151, 60, 4936.726562
62.151, 60, 4937.171875
62.151, 60, 4937.616699
62.151, 60, 4938.062012
62.151, 60, 4938.506836
62.151, 60, 4938.952148
62.151, 60, 4939.396973
62.151, 60, 4939.841797
62.151, 60, 4940.287109
62.151, 60, 4940.731934
62.151, 60, 4941.177246
62.151, 60, 4941.622070
62.151, 60, 4942.066895
62.151, 60, 4942.512207
62.151, 60, 4942.957031
62.151, 60, 4943.402344
62.151, 60, 4943.847168
62.151, 60, 4944.292480
62.151, 60, 4944.737305
62.151, 60, 4945.182129
62.151, 60, 4945.627441
62.151, 60, 4946.072266
62.151, 60, 4946.517578
62.151, 60, 4946.962402
62.151, 60, 4947.407715
62.151, 60, 4947.852539
62.151, 60, 4948.297363
62.151, 60, 4948.742676
62.151, 60, 4949.187500
62.151, 60, 4949.632812
62.151, 60, 4950.077637
62.151, 60, 4950.522949
62.151, 60, 4950.967773
62.151, 60, 4951.412598
62.151, 60, 4951.857910
62.151, 60, 4952.302734
62.151, 60, 4952.748047
62.151, 60, 4953.192871
62.151, 60, 4953.637695
62.151, 60, 4954.083008
62.151, 60, 4954.527832
62.151, 60, 4954.973145
62.151, 60, 4955.417969
62.151, 60, 4955.863281
62.151, 60, 4956.308105
62.151, 60, 4956.752930
62.151, 60, 4957.198242
62.151, 60, 4957.643066
62.151, 60, 4958.088379
62.151, 60, 4958.533203
62.151, 60, 4958.978516
62.151, 60, 4959.423340
62.151, 60, 4959.868164
62.151, 60, 4960.313477
62.151, 60, 4960.758301
62.151, 60, 4961.203613
62.151, 60, 4961.648438
62.151, 60, 4962.093750
62.151, 60, 4962.538574
62.151, 60, 4962.983398
62.151, 60, 4963.428711
62.151, 60, 4963.873535
62.151, 60, 4964.318848
62.151, 60, 4964.763672
62.151, 60, 4965.208496
62.151, 60, 4965.653809
62.151, 60, 4966.098633
62.151, 60, 4966.543945
62.151, 60, 4966.988770
62.151, 60, 4967.434082
62.151, 60, 4967.878906
62.151, 60, 4968.323730
62.151, 60, 4968.769043
62.151, 60, 4969.213867
62.151, 60, 4969.659180
62.151, 60, 4970.104004
62.151, 60, 4970.549316
62.151, 60, 4970.994141
62.151, 60, 4971.438965
62.151, 60, 4971.884277
62.151, 60, 4972.329102
62.151, 60, 4972.774414
62.151, 60, 4973.219238
62.151, 60, 4973.664551
62.151, 60, 4974.109375
62.151, 60, 4974.554199
62.151, 60, 4974.999512
62.151, 60, 4975.444336
62.151, 60, 4975.889648
62.151, 60, 4976.334473
62.151, 60, 4976.779297
62.151, 60, 4977.224609
62.151, 60, 4977.669434
62.151, 60, 4978.114746
62.151, 60, 4978.559570
62.151, 60, 4979.004883
62.151, 60, 4979.449707
62.151, 60, 4979.894531
62.151, 60, 4980.339844
62.151, 60, 4980.784668
62.151, 60, 4981.229980
62.151, 60, 4981.674805
62.151, 60, 4982.120117
62.151, 60, 4982.564941
62.151, 60, 4983.009766
62.151, 60, 4983.455078
62.151, 60, 4983.899902
62.151, 60, 4984.345215
62.151, 60, 4984.790039
62.151, 60, 4985.235352
62.151, 60, 4985.680176
62.151, 60, 4986.125000
62.151, 60, 4986.570312
62.151, 60, 4987.015137
62.151, 60, 4987.460449
62.151, 60, 4987.905273
62.151, 60, 4988.350098
62.151, 60, 4988.795410
62.151, 60, 4989.240234
62.151, 60, 4989.685547
62.151, 60, 4990.130371
62.151, 60, 4990.575684
62.151, 60, 4991.020508
62.151, 60, 4991.465332
62.151, 60, 4991.910645
62.151, 60, 4992.355469
62.151, 60, 4992.800781
62.151, 60, 4993.245605
62.151, 60, 4993.690918
62.151, 60, 4994.135742
62.151, 60, 4994.580566
62.151, 60, 4995.025879
62.151, 60, 4995.470703
62.151, 60, 4995.916016
62.151, 60, 4996.360840
62.151, 60, 4996.806152
62.151, 60, 4997.250977
62.151, 60, 4997.695801
62.151, 60, 4998.141113
62.151, 60, 4998.585938
62.151, 60, 4999.031250
62.151, 60, 4999.476074
62.151, 60, 4999.920898
62.151, 60, 5000.366211
62.151, 60, 5000.811035
62.151, 60, 5001.256348
62.151, 60, 5001.701172
62.151, 60, 5002.146484
62.151, 60, 5002.591309
62.151, 60, 5003.036133
62.151, 60, 5003.481445
62.151, 60, 5003.926270
62.151, 60, 5004.371582
62.151, 60, 5004.816406
62.151, 60, 5005.261719
62.151, 60, 5005.706543
62.247, 60, 5006.151367
62.247, 60, 5006.596680
62.247, 60, 5007.041504
62.247, 60, 5007.486816
62.247, 60, 5007.931641
62.247, 60, 5008.376953
62.247, 60, 5008.821777
62.247, 60, 5009.266602
62.247, 60, 5009.711914
62.247, 60, 5010.156738
62.247, 60, 5010.602051
62.247, 60, 5011.046875
62.247, 60, 5011.491699
62.247, 60, 5011.937012
62.247, 60, 5012.381836
62.247, 60, 5012.827148
62.247, 60, 5013.271973
62.247, 60, 5013.717285
62.247, 60, 5014.162109
62.247, 60, 5014.606934
62.247, 60, 5015.052246
62.247, 60, 5015.497070
62.247, 60, 5015.942383
62.247, 60, 5016.387207
62.247, 60, 5016.832520
62.247, 60, 5017.277344
62.247, 60, 5017.722168
62.247, 60, 5018.167480
62.247, 60, 5018.612305
62.247, 60, 5019.057617
62.247, 60, 5019.502441
62.247, 60, 5019.947754
62.247, 60, 5020.392578
62.247, 60, 5020.837402
62.247, 60, 5021.282715
62.247, 60, 5021.727539
62.247, 60, 5022.172852
62.247, 60, 5022.617676
62.247, 60, 5023.062500
62.247, 60, 5023.507812
62.247, 60, 5023.952637
62.247, 60, 5024.397949
62.247, 60, 5024.842773
62.247, 60, 5025.288086
62.247, 60, 5025.732910
62.247, 60, 5026.177734
62.247, 60, 5026.623047
62.247, 60, 5027.067871
62.247, 60, 5027.513184
62.247, 60, 5027.958008
62.247, 60, 5028.403320
62.247, 60, 5028.848145
62.247, 60, 5029.292969
62.247, 60, 5029.738281
62.247, 60, 5030.183105
62.247, 60, 5030.628418
62.247, 60, 5031.073242
62.247, 60, 5031.518555
62.247, 60, 5031.963379
62.247, 60, 5032.408203
62.247, 60, 5032.853516
62.247, 60, 5033.298340
62.247, 60, 5033.743652
62.247, 60, 5034.188477
62.247, 60, 5034.633301
62.247, 60, 5035.078613
62.247, 60, 5035.523438
62.247, 60, 5035.968750
62.247, 60, 5036.413574
62.247, 60, 5036.858887
62.247, 60, 5037.303711
62.247, 60, 5037.748535
62.247, 60, 5038.193848
62.247, 60, 5038.638672
62.247, 60, 5039.083984
62.247, 60, 5039.528809
62.247, 60, 5039.974121
62.247, 60, 5040.418945
62.247, 60, 5040.863770
62.247, 60, 5041.309082
62.247, 60, 5041.753906
62.247, 60, 5042.199219
62.247, 60, 5042.644043
62.247, 60, 5043.089355
62.247, 60, 5043.534180
62.247, 60, 5043.979004
62.247, 60, 5044.424316
62.247, 60, 5044.869141
62.247, 60, 5045.314453
62.247, 60, 5045.759277
62.247, 60, 5046.204102
62.247, 60, 5046.649414
62.247, 60, 5047.094238
62.247, 60, 5047.539551
62.247, 60, 5047.984375
62.247, 60, 5048.429688
62.247, 60, 5048.874512
62.247, 60, 5049.319336
62.247, 60, 5049.764648
62.247, 60, 5050.209473
62.247, 60, 5050.654785
62.247, 60, 5051.099609
62.247, 60, 5051.544922
62.247, 60, 5051.989746
62.247, 60, 5052.434570
62.247, 60, 5052.879883
62.247, 60, 5053.324707
62.247, 60, 5053.770020
62.247, 60, 5054.214844
62.247, 60, 5054.660156
62.247, 60, 5055.104980
62.247, 60, 5055.549805
62.247, 60, 5055.995117
62.247, 60, 5056.439941
62.247, 60, 5056.885254
62.247, 60, 5057.330078
62.247, 60, 5057.774902
62.247, 60, 5058.220215
62.247, 60, 5058.665039
62.247, 60, 5059.110352
62.247, 60, 5059.555176
62.247, 60, 5060.000488
62.247, 60, 5060.445312
62.247, 60, 5060.890137
62.247, 60, 5061.335449
62.247, 60, 5061.780273
62.247, 60, 5062.225586
62.247, 60, 5062.670410
62.247, 60, 5063.115723
62.247, 60, 5063.560547
62.247, 60, 5064.005371
62.247, 60, 5064.450684
62.247, 60, 5064.895508
62.247, 60, 5065.340820
62.247, 60, 5065.785645
62.247, 60, 5066.230957
62.247, 60, 5066.675781
62.247, 60, 5067.120605
62.247, 60, 5067.565918
62.247, 60, 5068.010742
62.247, 60, 5068.456055
62.247, 60, 5068.900879
62.247, 60, 5069.345703
62.247, 60, 5069.791016
62.247, 60, 5070.235840
62.247, 60, 5070.681152
62.247, 60, 5071.125977
62.247, 60, 5071.571289
62.247, 60, 5072.016113
62.247, 60, 5072.460938
62.247, 60, 5072.906250
62.247, 60, 5073.351074
62.247, 60, 5073.796387
62.247, 60, 5074.241211
62.247, 60, 5074.686523
62.247, 60, 5075.131348
62.247, 60, 5075.576172
62.247, 60, 5076.021484
62.247, 60, 5076.466309
62.247, 60, 5076.911621
62.247, 60, 5077.356445
62.247, 60, 5077.801758
62.247, 60, 5078.246582
62.247, 60, 5078.691406
62.247, 60, 5079.136719
62.247, 60, 5079.581543
62.247, 60, 5080.026855
62.247, 60, 5080.471680
62.247, 60, 5080.916504
62.247, 60, 5081.361816
62.247, 60, 5081.806641
62.247, 60, 5082.251953
62.247, 60, 5082.696777
62.247, 60, 5083.142090
62.247, 60, 5083.586914
62.247, 60, 5084.031738
62.247, 60, 5084.477051
62.247, 60, 5084.921875
62.247, 60, 5085.367188
62.247, 60, 5085.812012
62.247, 60, 5086.257324
62.247, 60, 5086.702148
62.247, 60, 5087.146973
62.247, 60, 5087.592285
62.247, 60, 5088.037109
62.247, 60, 5088.482422
62.247, 60, 5088.927246
62.247, 60, 5089.372559
62.247, 60, 5089.817383
62.247, 60, 5090.262207
62.247, 60, 5090.707520
62.247, 60, 5091.152344
62.247, 60, 5091.597656
62.247, 60, 5092.042480
62.247, 60, 5092.487305
62.247, 60, 5092.932617
62.247, 60, 5093.377441
62.247, 60, 5093.822754
62.247, 60, 5094.267578
62.247, 60, 5094.712891
62.247, 60, 5095.157715
62.247, 60, 5095.602539
62.247, 60, 5096.047852
62.247, 60, 5096.492676
62.247, 60, 5096.937988
62.247, 60, 5097.382812
62.247, 60, 5097.828125
62.342, 60, 5098.272949
62.342, 60, 5098.717773
62.342, 60, 5099.163086
62.342, 60, 5099.607910
62.342, 60, 5100.053223
62.342, 60, 5100.498047
62.342, 60, 5100.943359
62.342, 60, 5101.388184
62.342, 60, 5101.833008
62.342, 60, 5102.278320
62.342, 60, 5102.723145
62.342, 60, 5103.168457
62.342, 60, 5103.613281
62.342, 60, 5104.058105
62.342, 60, 5104.503418
62.342, 60, 5104.948242
62.342, 60, 5105.393555
62.342, 60, 5105.838379
62.342, 60, 5106.283691
62.342, 60, 5106.728516
62.342, 60, 5107.173340
62.342, 60, 5107.618652
62.342, 60, 5108.063477
62.342, 60, 5108.508789
62.342, 60, 5108.953613
62.342, 60, 5109.398926
62.342, 60, 5109.843750
62.342, 60, 5110.288574
62.342, 60, 5110.733887
62.342, 60, 5111.178711
62.342, 60, 5111.624023
62.342, 60, 5112.068848
62.342, 60, 5112.514160
62.342, 60, 5112.958984
62.342, 60, 5113.403809
62.342, 60, 5113.849121
62.342, 60, 5114.293945
62.342, 60, 5114.739258
62.342, 60, 5115.184082
62.342, 60, 5115.628906
62.342, 60, 5116.074219
62.342, 60, 5116.519043
62.342, 60, 5116.964355
62.342, 60, 5117.409180
62.342, 60, 5117.854492
62.342, 60, 5118.299316
62.342, 60, 5118.744141
62.342, 60, 5119.189453
62.342, 60, 5119.634277
62.342, 60, 5120.079590
62.342, 60, 5120.524414
62.342, 60, 5120.969727
62.342, 60, 5121.414551
62.342, 60, 5121.859375
62.342, 60, 5122.304688
62.342, 60, 5122.749512
62.342, 60, 5123.194824
62.342, 60, 5123.639648
62.342, 60, 5124.084961
62.342, 60, 5124.529785
62.342, 60, 5124.974609
62.342, 60, 5125.419922
62.342, 60, 5125.864746
62.342, 60, 5126.310059
62.342, 60, 5126.754883
62.342, 60, 5127.199707
62.342, 60, 5127.645020
62.342, 60, 5128.089844
62.342, 60, 5128.535156
62.342, 60, 5128.979980
62.342, 60, 5129.425293
62.342, 60, 5129.870117
62.342, 60, 5130.314941
62.342, 60, 5130.760254
62.342, 60, 5131.205078
62.342, 60, 5131.650391
62.342, 60, 5132.095215
62.342, 60, 5132.540527
62.342, 60, 5132.985352
62.342, 60, 5133.430176
62.342, 60, 5133.875488
62.342, 60, 5134.320312
62.342, 60, 5134.765625
62.342, 60, 5135.210449
62.342, 60, 5135.655762
62.342, 60, 5136.100586
62.342, 60, 5136.545410
62.342, 60, 5136.990723
62.342, 60, 5137.435547
62.342, 60, 5137.880859
62.342, 60, 5138.325684
62.342, 60, 5138.770508
62.342, 60, 5139.215820
62.342, 60, 5139.660645
62.342, 60, 5140.105957
62.342, 60, 5140.550781
62.342, 60, 5140.996094
62.342, 60, 5141.440918
62.342, 60, 5141.885742
62.342, 60, 5142.331055
62.342, 60, 5142.775879
62.342, 60, 5143.221191
62.342, 60, 5143.666016
62.342, 60, 5144.111328
62.342, 60, 5144.556152
62.342, 60, 5145.000977
62.342, 60, 5145.446289
62.342, 60, 5145.891113
62.342, 60, 5146.336426
62.342, 60, 5146.781250
62.342, 60, 5147.226562
62.342, 60, 5147.671387
62.342, 60, 5148.116211
62.342, 60, 5148.561523
62.342, 60, 5149.006348
62.342, 60, 5149.451660
62.342, 60, 5149.896484
62.342, 60, 5150.341309
62.342, 60, 5150.786621
62.342, 60, 5151.231445
62.342, 60, 5151.676758
62.342, 60, 5152.121582
62.342, 60, 5152.566895
62.342, 60, 5153.011719
62.342, 60, 5153.456543
62.342, 60, 5153.901855
62.342, 60, 5154.346680
62.342, 60, 5154.791992
62.342, 60, 5155.236816
62.342, 60, 5155.682129
62.342, 60, 5156.126953
62.342, 60, 5156.571777
62.342, 60, 5157.017090
62.342, 60, 5157.461914
62.342, 60, 5157.907227
62.342, 60, 5158.352051
62.247, 60, 5158.797363
62.247, 60, 5159.242188
62.247, 60, 5159.687012
62.247, 60, 5160.132324
62.247, 60, 5160.577148
62.247, 60, 5161.022461
62.247, 60, 5161.467285
62.247, 60, 5161.912109
62.247, 60, 5162.357422
62.247, 60, 5162.802246
62.247, 60, 5163.247559
62.247, 60, 5163.692383
62.247, 60, 5164.137695
62.247, 60, 5164.582520
62.247, 60, 5165.027344
62.247, 60, 5165.472656
62.247, 60, 5165.917480
62.247, 60, 5166.362793
62.247, 60, 5166.807617
62.247, 60, 5167.252930
62.247, 60, 5167.697754
62.247, 60, 5168.142578
62.247, 60, 5168.587891
62.247, 60, 5169.032715
62.247, 60, 5169.478027
62.247, 60, 5169.922852
62.247, 60, 5170.368164
62.247, 60, 5170.812988
62.247, 60, 5171.257812
62.247, 60, 5171.703125
62.247, 60, 5172.147949
62.247, 60, 5172.593262
62.247, 60, 5173.038086
62.247, 60, 5173.482910
62.247, 60, 5173.928223
62.151, 60, 5174.373047
62.151, 60, 5174.818359
62.151, 60, 5175.263184
62.151, 60, 5175.708496
62.151, 60, 5176.153320
62.151, 60, 5176.598145
62.151, 60, 5177.043457
62.151, 60, 5177.488281
62.151, 60, 5177.933594
62.151, 60, 5178.378418
62.151, 60, 5178.823730
62.151, 60, 5179.268555
62.151, 60, 5179.713379
62.151, 60, 5180.158691
62.151, 60, 5180.603516
62.151, 60, 5181.048828
62.151, 60, 5181.493652
62.151, 60, 5181.938965
62.151, 60, 5182.383789
62.151, 60, 5182.828613
62.151, 60, 5183.273926
62.151, 60, 5183.718750
62.151, 60, 5184.164062
62.151, 60, 5184.608887
62.151, 60, 5185.053711
62.151, 60, 5185.499023
62.151, 60, 5185.943848
62.151, 60, 5186.389160
62.151, 60, 5186.833984
62.151, 60, 5187.279297
62.151, 60, 5187.724121
62.151, 60, 5188.168945
62.151, 60, 5188.614258
62.151, 60, 5189.059082
61.961, 60, 5189.504395
61.961, 60, 5189.949219
61.961, 60, 5190.394531
61.961, 60, 5190.839355
61.961, 60, 5191.284180
61.961, 60, 5191.729492
61.961, 60, 5192.174316
61.961, 60, 5192.619629
61.961, 60, 5193.064453
61.961, 60, 5193.509766
61.961, 60, 5193.954590
61.961, 60, 5194.399414
61.961, 60, 5194.844727
61.961, 60, 5195.289551
61.961, 60, 5195.734863
61.961, 60, 5196.179688
61.961, 60, 5196.624512
61.961, 60, 5197.069824
61.961, 60, 5197.514648
61.961, 60, 5197.959961
61.961, 60, 5198.404785
61.961, 60, 5198.850098
61.961, 60, 5199.294922
61.961, 60, 5199.739746
61.961, 60, 5200.185059
61.961, 60, 5200.629883
61.961, 60, 5201.075195
61.961, 60, 5201.520020
61.961, 60, 5201.965332
61.961, 60, 5202.410156
61.961, 60, 5202.854980
61.961, 60, 5203.300293
61.961, 60, 5203.745117
61.961, 60, 5204.190430
61.979, 60, 5204.635254
61.979, 60, 5205.080566
61.979, 60, 5205.525391
61.979, 60, 5205.970215
61.979, 60, 5206.415527
61.979, 60, 5206.860352
61.979, 60, 5207.305664
61.979, 60, 5207.750488
61.979, 60, 5208.195312
61.979, 60, 5208.640625
61.979, 60, 5209.085449
61.979, 60, 5209.530762
61.979, 60, 5209.975586
61.979, 60, 5210.420898
61.979, 60, 5210.865723
61.979, 60, 5211.310547
61.979, 60, 5211.755859
61.979, 60, 5212.200684
61.979, 60, 5212.645996
61.979, 60, 5213.090820
61.979, 60, 5213.536133
61.979, 60, 5213.980957
61.979, 60, 5214.425781
61.979, 60, 5214.871094
61.979, 60, 5215.315918
61.979, 60, 5215.761230
61.979, 60, 5216.206055
61.979, 60, 5216.651367
61.979, 60, 5217.096191
61.979, 60, 5217.541016
61.979, 60, 5217.986328
61.979, 60, 5218.431152
61.979, 60, 5218.876465
61.979, 60, 5219.321289
61.884, 60, 5219.766113
61.884, 60, 5220.211426
61.884, 60, 5220.656250
61.884, 60, 5221.101562
61.884, 60, 5221.546387
61.884, 60, 5221.991699
61.884, 60, 5222.436523
61.884, 60, 5222.881348
61.884, 60, 5223.326660
61.884, 60, 5223.771484
61.884, 60, 5224.216797
61.884, 60, 5224.661621
61.884, 60, 5225.106934
61.884, 60, 5225.551758
61.884, 60, 5225.996582
61.884, 60, 5226.441895
61.884, 60, 5226.886719
61.884, 60, 5227.332031
61.884, 60, 5227.776855
61.884, 60, 5228.222168
61.884, 60, 5228.666992
61.884, 60, 5229.111816
61.884, 60, 5229.557129
61.884, 60, 5230.001953
61.884, 60, 5230.447266
61.884, 60, 5230.892090
61.884, 60, 5231.336914
61.884, 60, 5231.782227
61.884, 60, 5232.227051
61.884, 60, 5232.672363
61.884, 60, 5233.117188
61.884, 60, 5233.562500
61.884, 60, 5234.007324
61.884, 60, 5234.452148
61.884, 60, 5234.897461
61.979, 60, 5235.342285
61.979, 60, 5235.787598
61.979, 60, 5236.232422
61.979, 60, 5236.677734
61.979, 60, 5237.122559
61.979, 60, 5237.567383
61.979, 60, 5238.012695
61.979, 60, 5238.457520
61.979, 60, 5238.902832
61.979, 60, 5239.347656
61.979, 60, 5239.792969
61.979, 60, 5240.237793
61.979, 60, 5240.682617
61.979, 60, 5241.127930
61.979, 60, 5241.572754
61.979, 60, 5242.018066
61.979, 60, 5242.462891
61.979, 60, 5242.907715
61.979, 60, 5243.353027
61.979, 60, 5243.797852
61.979, 60, 5244.243164
61.979, 60, 5244.687988
61.979, 60, 5245.133301
61.979, 60, 5245.578125
61.979, 60, 5246.022949
61.979, 60, 5246.468262
61.979, 60, 5246.913086
61.979, 60, 5247.358398
61.979, 60, 5247.803223
61.979, 60, 5248.248535
61.979, 60, 5248.693359
61.979, 60, 5249.138184
61.979, 60, 5249.583496
61.979, 60, 5250.028320
61.979, 60, 5250.473633
61.884, 60, 5250.918457
61.884, 60, 5251.363770
61.884, 60, 5251.808594
61.884, 60, 5252.253418
61.884, 60, 5252.698730
61.884, 60, 5253.143555
61.884, 60, 5253.588867
61.884, 60, 5254.033691
61.884, 60, 5254.478516
61.884, 60, 5254.923828
61.884, 60, 5255.368652
61.884, 60, 5255.813965
61.884, 60, 5256.258789
61.884, 60, 5256.704102
61.884, 60, 5257.148926
61.884, 60, 5257.593750
61.884, 60, 5258.039062
61.884, 60, 5258.483887
61.884, 60, 5258.929199
61.884, 60, 5259.374023
61.884, 60, 5259.819336
61.884, 60, 5260.264160
61.884, 60, 5260.708984
61.884, 60, 5261.154297
61.884, 60, 5261.599121
61.884, 60, 5262.044434
61.884, 60, 5262.489258
61.884, 60, 5262.934570
61.884, 60, 5263.379395
61.884, 60, 5263.824219
61.884, 60, 5264.269531
61.884, 60, 5264.714355
61.884, 60, 5265.159668
61.884, 60, 5265.604492
61.884, 60, 5266.049316
61.884, 60, 5266.494629
61.884, 60, 5266.939453
61.884, 60, 5267.384766
61.884, 60, 5267.829590
61.884, 60, 5268.274902
61.884, 60, 5268.719727
61.884, 60, 5269.164551
61.884, 60, 5269.609863
61.884, 60, 5270.054688
61.884, 60, 5270.500000
61.884, 60, 5270.944824
61.884, 60, 5271.390137
61.884, 60, 5271.834961
61.884, 60, 5272.279785
61.884, 60, 5272.725098
61.884, 60, 5273.169922
61.884, 60, 5273.615234
61.884, 60, 5274.060059
61.884, 60, 5274.505371
61.884, 60, 5274.950195
61.884, 60, 5275.395020
61.884, 60, 5275.840332
61.884, 60, 5276.285156
61.884, 60, 5276.730469
61.884, 60, 5277.175293
61.884, 60, 5277.620117
61.884, 60, 5278.065430
61.884, 60, 5278.510254
61.884, 60, 5278.955566
61.884, 60, 5279.400391
61.884, 60, 5279.845703
61.884, 60, 5280.290527
61.884, 60, 5280.735352
61.884, 60, 5281.180664
61.884, 60, 5281.625488
61.979, 60, 5282.070801
61.979, 60, 5282.515625
61.979, 60, 5282.960938
61.979, 60, 5283.405762
61.979, 60, 5283.850586
61.979, 60, 5284.295898
61.979, 60, 5284.740723
61.979, 60, 5285.186035
61.979, 60, 5285.630859
61.979, 60, 5286.076172
61.979, 60, 5286.520996
61.979, 60, 5286.965820
61.979, 60, 5287.411133
61.979, 60, 5287.855957
61.979, 60, 5288.301270
61.979, 60, 5288.746094
61.979, 60, 5289.190918
61.979, 60, 5289.636230
61.979, 60, 5290.081055
61.979, 60, 5290.526367
61.979, 60, 5290.971191
61.979, 60, 5291.416504
61.979, 60, 5291.861328
61.979, 60, 5292.306152
61.979, 60, 5292.751465
61.979, 60, 5293.196289
61.979, 60, 5293.641602
61.979, 60, 5294.086426
61.979, 60, 5294.531738
61.979, 60, 5294.976562
61.979, 60, 5295.421387
61.979, 60, 5295.866699
61.979, 60, 5296.311523
61.979, 60, 5296.756836
61.979, 60, 5297.201660
61.979, 60, 5297.646973
61.979, 60, 5298.091797
61.979, 60, 5298.536621
61.979, 60, 5298.981934
61.979, 60, 5299.426758
61.979, 60, 5299.872070
61.979, 60, 5300.316895
61.979, 60, 5300.761719
61.979, 60, 5301.207031
61.979, 60, 5301.651855
61.979, 60, 5302.097168
61.979, 60, 5302.541992
61.979, 60, 5302.987305
61.979, 60, 5303.432129
61.979, 60, 5303.876953
61.979, 60, 5304.322266
61.979, 60, 5304.767090
61.979, 60, 5305.212402
61.979, 60, 5305.657227
61.979, 60, 5306.102539
61.979, 60, 5306.547363
61.979, 60, 5306.992188
61.979, 60, 5307.437500
61.979, 60, 5307.882324
61.979, 60, 5308.327637
61.979, 60, 5308.772461
61.979, 60, 5309.217773
61.979, 60, 5309.662598
61.979, 60, 5310.107422
61.979, 60, 5310.552734
61.979, 60, 5310.997559
61.979, 60, 5311.442871
61.979, 60, 5311.887695
61.979, 60, 5312.332520
61.979, 60, 5312.777832
61.979, 60, 5313.222656
61.979, 60, 5313.667969
61.979, 60, 5314.112793
61.979, 60, 5314.558105
61.979, 60, 5315.002930
61.979, 60, 5315.447754
61.979, 60, 5315.893066
61.979, 60, 5316.337891
61.979, 60, 5316.783203
61.979, 60, 5317.228027
61.979, 60, 5317.673340
61.979, 60, 5318.118164
61.979, 60, 5318.562988
61.979, 60, 5319.008301
61.979, 60, 5319.453125
61.979, 60, 5319.898438
61.979, 60, 5320.343262
61.979, 60, 5320.788574
61.979, 60, 5321.233398
61.979, 60, 5321.678223
61.979, 60, 5322.123535
61.979, 60, 5322.568359
61.979, 60, 5323.013672
61.979, 60, 5323.458496
61.979, 60, 5323.903320
61.979, 60, 5324.348633
61.979, 60, 5324.793457
61.979, 60, 5325.238770
61.979, 60, 5325.683594
61.979, 60, 5326.128906
61.979, 60, 5326.573730
61.979, 60, 5327.018555
61.979, 60, 5327.463867
61.979, 60, 5327.908691
61.979, 60, 5328.354004
61.979, 60, 5328.798828
61.979, 60, 5329.244141
61.979, 60, 5329.688965
61.979, 60, 5330.133789
61.979, 60, 5330.579102
61.979, 60, 5331.023926
61.979, 60, 5331.469238
61.979, 60, 5331.914062
61.979, 60, 5332.359375
61.979, 60, 5332.804199
61.979, 60, 5333.249023
61.979, 60, 5333.694336
61.979, 60, 5334.139160
61.979, 60, 5334.584473
61.979, 60, 5335.029297
61.979, 60, 5335.474121
61.979, 60, 5335.919434
61.979, 60, 5336.364258
61.979, 60, 5336.809570
61.979, 60, 5337.254395
61.979, 60, 5337.699707
61.979, 60, 5338.144531
61.979, 60, 5338.589355
61.979, 60, 5339.034668
61.979, 60, 5339.479492
61.979, 60, 5339.924805
61.979, 60, 5340.369629
61.979, 60, 5340.814941
61.979, 60, 5341.259766
61.979, 60, 5341.704590
61.979, 60, 5342.149902
61.979, 60, 5342.594727
61.961, 60, 5343.040039
61.961, 60, 5343.484863
61.961, 60, 5343.930176
61.961, 60, 5344.375000
61.961, 60, 5344.819824
61.961, 60, 5345.265137
61.961, 60, 5345.709961
61.961, 60, 5346.155273
61.961, 60, 5346.600098
61.961, 60, 5347.044922
61.961, 60, 5347.490234
61.961, 60, 5347.935059
61.961, 60, 5348.380371
61.961, 60, 5348.825195
61.961, 60, 5349.270508
61.961, 60, 5349.715332
61.961, 60, 5350.160156
61.961, 60, 5350.605469
61.961, 60, 5351.050293
61.961, 60, 5351.495605
61.961, 60, 5351.940430
61.961, 60, 5352.385742
61.961, 60, 5352.830566
61.961, 60, 5353.275391
61.961, 60, 5353.720703
61.961, 60, 5354.165527
61.961, 60, 5354.610840
61.961, 60, 5355.055664
61.961, 60, 5355.500977
61.961, 60, 5355.945801
61.961, 60, 5356.390625
61.961, 60, 5356.835938
61.961, 60, 5357.280762
61.961, 60, 5357.726074
61.979, 60, 5358.170898
61.979, 60, 5358.615723
61.979, 60, 5359.061035
61.979, 60, 5359.505859
61.979, 60, 5359.951172
61.979, 60, 5360.395996
61.979, 60, 5360.841309
61.979, 60, 5361.286133
61.979, 60, 5361.730957
61.979, 60, 5362.176270
61.979, 60, 5362.621094
61.979, 60, 5363.066406
61.979, 60, 5363.511230
61.979, 60, 5363.956543
61.979, 60, 5364.401367
61.979, 60, 5364.846191
61.979, 60, 5365.291504
61.979, 60, 5365.736328
61.979, 60, 5366.181641
61.979, 60, 5366.626465
61.979, 60, 5367.071777
61.979, 60, 5367.516602
61.979, 60, 5367.961426
61.979, 60, 5368.406738
61.979, 60, 5368.851562
61.979, 60, 5369.296875
61.979, 60, 5369.741699
61.979, 60, 5370.186523
61.979, 60, 5370.631836
61.979, 60, 5371.076660
61.979, 60, 5371.521973
61.979, 60, 5371.966797
61.979, 60, 5372.412109
61.979, 60, 5372.856934
61.979, 60, 5373.301758
61.979, 60, 5373.747070
61.979, 60, 5374.191895
61.979, 60, 5374.637207
61.979, 60, 5375.082031
61.979, 60, 5375.527344
61.979, 60, 5375.972168
61.979, 60, 5376.416992
61.979, 60, 5376.862305
61.979, 60, 5377.307129
61.979, 60, 5377.752441
61.979, 60, 5378.197266
61.979, 60, 5378.642578
61.979, 60, 5379.087402
61.979, 60, 5379.532227
61.979, 60, 5379.977539
61.979, 60, 5380.422363
61.979, 60, 5380.867676
61.979, 60, 5381.312500
61.979, 60, 5381.757324
61.979, 60, 5382.202637
61.979, 60, 5382.647461
61.979, 60, 5383.092773
61.979, 60, 5383.537598
61.979, 60, 5383.982910
61.979, 60, 5384.427734
61.979, 60, 5384.872559
61.979, 60, 5385.317871
61.979, 60, 5385.762695
61.979, 60, 5386.208008
61.979, 60, 5386.652832
61.979, 60, 5387.098145
61.979, 60, 5387.542969
61.979, 60, 5387.987793
61.961, 60, 5388.433105
61.961, 60, 5388.877930
61.961, 60, 5389.323242
61.961, 60, 5389.768066
61.961, 60, 5390.213379
61.961, 60, 5390.658203
61.961, 60, 5391.103027
61.961, 60, 5391.548340
61.961, 60, 5391.993164
61.961, 60, 5392.438477
61.961, 60, 5392.883301
61.961, 60, 5393.328125
61.961, 60, 5393.773438
61.961, 60, 5394.218262
61.961, 60, 5394.663574
61.961, 60, 5395.108398
61.961, 60, 5395.553711
61.961, 60, 5395.998535
61.961, 60, 5396.443359
61.961, 60, 5396.888672
61.961, 60, 5397.333496
61.961, 60, 5397.778809
61.961, 60, 5398.223633
61.961, 60, 5398.668945
61.961, 60, 5399.113770
61.961, 60, 5399.558594
61.961, 60, 5400.003906
61.961, 60, 5400.448730
61.961, 60, 5400.894043
61.961, 60, 5401.338867
61.961, 60, 5401.784180
61.961, 60, 5402.229004
61.961, 60, 5402.673828
61.961, 60, 5403.119141
61.961, 60, 5403.563965
62.169, 60, 5404.009277
62.169, 60, 5404.454102
62.169, 60, 5404.898926
62.169, 60, 5405.344238
62.169, 60, 5405.789062
62.169, 60, 5406.234375
62.169, 60, 5406.679199
62.169, 60, 5407.124512
62.169, 60, 5407.569336
62.169, 60, 5408.014160
62.169, 60, 5408.459473
62.169, 60, 5408.904297
62.169, 60, 5409.349609
62.169, 60, 5409.794434
62.169, 60, 5410.239746
62.169, 60, 5410.684570
62.169, 60, 5411.129395
62.169, 60, 5411.574707
62.169, 60, 5412.019531
62.169, 60, 5412.464844
62.169, 60, 5412.909668
62.169, 60, 5413.354980
62.169, 60, 5413.799805
62.169, 60, 5414.244629
62.169, 60, 5414.689941
62.169, 60, 5415.134766
62.169, 60, 5415.580078
62.169, 60, 5416.024902
62.169, 60, 5416.469727
62.169, 60, 5416.915039
62.169, 60, 5417.359863
62.169, 60, 5417.805176
62.169, 60, 5418.250000
62.169, 60, 5418.695312
62.169, 60, 5419.140137
62.169, 60, 5419.584961
62.169, 60, 5420.030273
62.169, 60, 5420.475098
62.169, 60, 5420.920410
62.169, 60, 5421.365234
62.169, 60, 5421.810547
62.169, 60, 5422.255371
62.169, 60, 5422.700195
62.169, 60, 5423.145508
62.169, 60, 5423.590332
62.169, 60, 5424.035645
62.169, 60, 5424.480469
62.169, 60, 5424.925781
62.169, 60, 5425.370605
62.169, 60, 5425.815430
62.169, 60, 5426.260742
62.169, 60, 5426.705566
62.169, 60, 5427.150879
62.169, 60, 5427.595703
62.169, 60, 5428.040527
62.169, 60, 5428.485840
62.169, 60, 5428.930664
62.169, 60, 5429.375977
62.169, 60, 5429.820801
62.169, 60, 5430.266113
62.169, 60, 5430.710938
62.169, 60, 5431.155762
62.169, 60, 5431.601074
62.169, 60, 5432.045898
62.169, 60, 5432.491211
62.169, 60, 5432.936035
62.169, 60, 5433.381348
62.169, 60, 5433.826172
62.169, 60, 5434.270996
62.169, 60, 5434.716309
62.169, 60, 5435.161133
62.169, 60, 5435.606445
62.169, 60, 5436.051270
62.169, 60, 5436.496582
62.169, 60, 5436.941406
62.169, 60, 5437.386230
62.169, 60, 5437.831543
62.169, 60, 5438.276367
62.169, 60, 5438.721680
62.169, 60, 5439.166504
62.169, 60, 5439.611328
62.169, 60, 5440.056641
62.169, 60, 5440.501465
62.169, 60, 5440.946777
62.169, 60, 5441.391602
62.169, 60, 5441.836914
62.169, 60, 5442.281738
62.169, 60, 5442.726562
62.169, 60, 5443.171875
62.169, 60, 5443.616699
62.169, 60, 5444.062012
62.169, 60, 5444.506836
62.169, 60, 5444.952148
62.169, 60, 5445.396973
62.169, 60, 5445.841797
62.169, 60, 5446.287109
62.169, 60, 5446.731934
62.169, 60, 5447.177246
62.169, 60, 5447.622070
62.169, 60, 5448.067383
62.169, 60, 5448.512207
62.169, 60, 5448.957031
62.169, 60, 5449.402344
62.169, 60, 5449.847168
62.169, 60, 5450.292480
62.169, 60, 5450.737305
62.169, 60, 5451.182129
62.169, 60, 5451.627441
62.169, 60, 5452.072266
62.169, 60, 5452.517578
62.169, 60, 5452.962402
62.169, 60, 5453.407715
62.169, 60, 5453.852539
62.169, 60, 5454.297363
62.169, 60, 5454.742676
62.169, 60, 5455.187500
62.169, 60, 5455.632812
62.169, 60, 5456.077637
62.169, 60, 5456.522949
62.169, 60, 5456.967773
62.169, 60, 5457.412598
62.169, 60, 5457.857910
62.169, 60, 5458.302734
62.169, 60, 5458.748047
62.169, 60, 5459.192871
62.169, 60, 5459.638184
62.169, 60, 5460.083008
62.169, 60, 5460.527832
62.169, 60, 5460.973145
62.169, 60, 5461.417969
62.169, 60, 5461.863281
62.169, 60, 5462.308105
62.169, 60, 5462.752930
62.169, 60, 5463.198242
62.169, 60, 5463.643066
62.169, 60, 5464.088379
62.169, 60, 5464.533203
62.169, 60, 5464.978516
62.169, 60, 5465.423340
62.247, 60, 5465.868164
62.247, 60, 5466.313477
62.247, 60, 5466.758301
62.247, 60, 5467.203613
62.247, 60, 5467.648438
62.247, 60, 5468.093750
62.247, 60, 5468.538574
62.247, 60, 5468.983398
62.247, 60, 5469.428711
62.247, 60, 5469.873535
62.247, 60, 5470.318848
62.247, 60, 5470.763672
62.247, 60, 5471.208984
62.247, 60, 5471.653809
62.247, 60, 5472.098633
62.247, 60, 5472.543945
62.247, 60, 5472.988770
62.247, 60, 5473.434082
62.247, 60, 5473.878906
62.247, 60, 5474.324219
62.247, 60, 5474.769043
62.247, 60, 5475.213867
62.247, 60, 5475.659180
62.247, 60, 5476.104004
62.247, 60, 5476.549316
62.247, 60, 5476.994141
62.247, 60, 5477.438965
62.247, 60, 5477.884277
62.247, 60, 5478.329102
62.247, 60, 5478.774414
62.247, 60, 5479.219238
62.247, 60, 5479.664551
62.247, 60, 5480.109375
62.247, 60, 5480.554199
62.247, 60, 5480.999512
62.247, 60, 5481.444336
62.247, 60, 5481.889648
62.247, 60, 5482.334473
62.247, 60, 5482.779785
62.247, 60, 5483.224609
62.247, 60, 5483.669434
62.247, 60, 5484.114746
62.247, 60, 5484.559570
62.247, 60, 5485.004883
62.247, 60, 5485.449707
62.247, 60, 5485.895020
62.247, 60, 5486.339844
62.247, 60, 5486.784668
62.247, 60, 5487.229980
62.247, 60, 5487.674805
62.247, 60, 5488.120117
62.247, 60, 5488.564941
62.247, 60, 5489.009766
62.247, 60, 5489.455078
62.247, 60, 5489.899902
62.247, 60, 5490.345215
62.247, 60, 5490.790039
62.247, 60, 5491.235352
62.247, 60, 5491.680176
62.247, 60, 5492.125000
62.247, 60, 5492.570312
62.247, 60, 5493.015137
62.247, 60, 5493.460449
62.247, 60, 5493.905273
62.247, 60, 5494.350586
62.247, 60, 5494.795410
62.247, 60, 5495.240234
62.247, 60, 5495.685547
62.247, 60, 5496.130371
62.247, 60, 5496.575684
62.247, 60, 5497.020508
62.247, 60, 5497.465820
62.247, 60, 5497.910645
62.247, 60, 5498.355469
62.247, 60, 5498.800781
62.247, 60, 5499.245605
62.247, 60, 5499.690918
62.247, 60, 5500.135742
62.247, 60, 5500.580566
62.247, 60, 5501.025879
62.247, 60, 5501.470703
62.247, 60, 5501.916016
62.247, 60, 5502.360840
62.247, 60, 5502.806152
62.247, 60, 5503.250977
62.247, 60, 5503.695801
62.247, 60, 5504.141113
62.247, 60, 5504.585938
62.247, 60, 5505.031250
62.247, 60, 5505.476074
62.247, 60, 5505.921387
62.247, 60, 5506.366211
62.247, 60, 5506.811035
62.247, 60, 5507.256348
62.247, 60, 5507.701172
62.247, 60, 5508.146484
62.247, 60, 5508.591309
62.247, 60, 5509.036621
62.247, 60, 5509.481445
62.247, 60, 5509.926270
62.247, 60, 5510.371582
62.247, 60, 5510.816406
62.247, 60, 5511.261719
62.247, 60, 5511.706543
62.247, 60, 5512.151367
62.169, 60, 5512.596680
62.169, 60, 5513.041504
62.169, 60, 5513.486816
62.169, 60, 5513.931641
62.169, 60, 5514.376953
62.169, 60, 5514.821777
62.169, 60, 5515.266602
62.169, 60, 5515.711914
62.169, 60, 5516.156738
62.169, 60, 5516.602051
62.169, 60, 5517.046875
62.169, 60, 5517.492188
62.169, 60, 5517.937012
62.169, 60, 5518.381836
62.169, 60, 5518.827148
62.169, 60, 5519.271973
62.169, 60, 5519.717285
62.169, 60, 5520.162109
62.169, 60, 5520.607422
62.169, 60, 5521.052246
62.169, 60, 5521.497070
62.169, 60, 5521.942383
62.169, 60, 5522.387207
62.169, 60, 5522.832520
62.169, 60, 5523.277344
62.169, 60, 5523.722168
62.169, 60, 5524.167480
62.169, 60, 5524.612305
62.169, 60, 5525.057617
62.169, 60, 5525.502441
62.169, 60, 5525.947754
62.169, 60, 5526.392578
62.169, 60, 5526.837402
62.169, 60, 5527.282715
62.169, 60, 5527.727539
62.169, 60, 5528.172852
62.169, 60, 5528.617676
62.169, 60, 5529.062988
62.169, 60, 5529.507812
62.169, 60, 5529.952637
62.169, 60, 5530.397949
62.169, 60, 5530.842773
62.169, 60, 5531.288086
62.169, 60, 5531.732910
62.169, 60, 5532.178223
62.169, 60, 5532.623047
62.169, 60, 5533.067871
62.169, 60, 5533.513184
62.169, 60, 5533.958008
62.169, 60, 5534.403320
62.169, 60, 5534.848145
62.169, 60, 5535.292969
62.169, 60, 5535.738281
62.169, 60, 5536.183105
62.169, 60, 5536.628418
62.169, 60, 5537.073242
62.169, 60, 5537.518555
62.169, 60, 5537.963379
62.169, 60, 5538.408203
62.169, 60, 5538.853516
62.169, 60, 5539.298340
62.169, 60, 5539.743652
62.169, 60, 5540.188477
62.169, 60, 5540.633789
62.169, 60, 5541.078613
62.169, 60, 5541.523438
62.169, 60, 5541.968750
62.169, 60, 5542.413574
62.169, 60, 5542.858887
62.169, 60, 5543.303711
62.169, 60, 5543.749023
62.169, 60, 5544.193848
62.169, 60, 5544.638672
62.169, 60, 5545.083984
62.169, 60, 5545.528809
62.169, 60, 5545.974121
62.169, 60, 5546.418945
62.169, 60, 5546.863770
62.169, 60, 5547.309082
62.169, 60, 5547.753906
62.169, 60, 5548.199219
62.169, 60, 5548.644043
62.169, 60, 5549.089355
62.169, 60, 5549.534180
62.169, 60, 5549.979004
62.169, 60, 5550.424316
62.169, 60, 5550.869141
62.169, 60, 5551.314453
62.169, 60, 5551.759277
62.169, 60, 5552.204590
62.169, 60, 5552.649414
62.169, 60, 5553.094238
62.169, 60, 5553.539551
62.169, 60, 5553.984375
62.169, 60, 5554.429688
62.169, 60, 5554.874512
62.169, 60, 5555.319824
62.169, 60, 5555.764648
62.169, 60, 5556.209473
62.169, 60, 5556.654785
62.169, 60, 5557.099609
62.169, 60, 5557.544922
62.169, 60, 5557.989746
62.169, 60, 5558.434570
62.169, 60, 5558.879883
62.169, 60, 5559.324707
62.169, 60, 5559.770020
62.169, 60, 5560.214844
62.169, 60, 5560.660156
62.169, 60, 5561.104980
62.169, 60, 5561.549805
62.169, 60, 5561.995117
62.169, 60, 5562.439941
62.169, 60, 5562.885254
62.169, 60, 5563.330078
62.169, 60, 5563.775391
62.169, 60, 5564.220215
62.169, 60, 5564.665039
62.169, 60, 5565.110352
62.169, 60, 5565.555176
62.169, 60, 5566.000488
62.169, 60, 5566.445312
62.169, 60, 5566.890625
62.169, 60, 5567.335449
62.169, 60, 5567.780273
62.169, 60, 5568.225586
62.169, 60, 5568.670410
62.169, 60, 5569.115723
62.169, 60, 5569.560547
62.169, 60, 5570.005371
62.169, 60, 5570.450684
62.169, 60, 5570.895508
62.169, 60, 5571.340820
62.169, 60, 5571.785645
62.169, 60, 5572.230957
62.169, 60, 5572.675781
62.169, 60, 5573.120605
62.169, 60, 5573.565918
62.169, 60, 5574.010742
62.169, 60, 5574.456055
62.169, 60, 5574.900879
62.169, 60, 5575.346191
62.169, 60, 5575.791016
62.169, 60, 5576.235840
62.169, 60, 5576.681152
62.169, 60, 5577.125977
62.169, 60, 5577.571289
62.169, 60, 5578.016113
62.169, 60, 5578.461426
62.169, 60, 5578.906250
62.169, 60, 5579.351074
62.169, 60, 5579.796387
62.169, 60, 5580.241211
62.169, 60, 5580.686523
62.169, 60, 5581.131348
62.169, 60, 5581.576172
62.169, 60, 5582.021484
62.169, 60, 5582.466309
62.169, 60, 5582.911621
62.169, 60, 5583.356445
62.169, 60, 5583.801758
62.169, 60, 5584.246582
62.169, 60, 5584.691406
62.169, 60, 5585.136719
62.169, 60, 5585.581543
62.169, 60, 5586.026855
62.169, 60, 5586.471680
62.169, 60, 5586.916992
62.169, 60, 5587.361816
62.169, 60, 5587.806641
62.169, 60, 5588.251953
62.169, 60, 5588.696777
62.169, 60, 5589.142090
62.169, 60, 5589.586914
62.169, 60, 5590.032227
62.169, 60, 5590.477051
62.169, 60, 5590.921875
62.169, 60, 5591.367188
62.169, 60, 5591.812012
62.169, 60, 5592.257324
62.169, 60, 5592.702148
62.169, 60, 5593.146973
62.169, 60, 5593.592285
62.169, 60, 5594.037109
62.169, 60, 5594.482422
62.169, 60, 5594.927246
62.169, 60, 5595.372559
62.169, 60, 5595.817383
62.169, 60, 5596.262207
62.169, 60, 5596.707520
62.169, 60, 5597.152344
62.169, 60, 5597.597656
62.169, 60, 5598.042480
62.169, 60, 5598.487793
62.169, 60, 5598.932617
62.169, 60, 5599.377441
62.169, 60, 5599.822754
62.169, 60, 5600.267578
62.169, 60, 5600.712891
62.169, 60, 5601.157715
62.169, 60, 5601.603027
62.169, 60, 5602.047852
62.169, 60, 5602.492676
62.169, 60, 5602.937988
62.169, 60, 5603.382812
62.169, 60, 5603.828125
62.169, 60, 5604.272949
62.169, 60, 5604.717773
62.169, 60, 5605.163086
62.169, 60, 5605.607910
62.169, 60, 5606.053223
62.169, 60, 5606.498047
62.169, 60, 5606.943359
62.169, 60, 5607.388184
62.169, 60, 5607.833008
62.169, 60, 5608.278320
62.169, 60, 5608.723145
62.169, 60, 5609.168457
62.169, 60, 5609.613281
62.169, 60, 5610.058594
62.169, 60, 5610.503418
62.169, 60, 5610.948242
62.169, 60, 5611.393555
62.169, 60, 5611.838379
62.169, 60, 5612.283691
62.169, 60, 5612.728516
62.169, 60, 5613.173828
62.169, 60, 5613.618652
62.169, 60, 5614.063477
62.169, 60, 5614.508789
62.169, 60, 5614.953613
62.169, 60, 5615.398926
62.169, 60, 5615.843750
62.169, 60, 5616.288574
62.169, 60, 5616.733887
62.169, 60, 5617.178711
62.169, 60, 5617.624023
62.169, 60, 5618.068848
62.169, 60, 5618.514160
62.169, 60, 5618.958984
62.169, 60, 5619.403809
62.169, 60, 5619.849121
62.169, 60, 5620.293945
62.169, 60, 5620.739258
62.169, 60, 5621.184082
62.169, 60, 5621.629395
62.169, 60, 5622.074219
62.169, 60, 5622.519043
62.169, 60, 5622.964355
62.169, 60, 5623.409180
62.169, 60, 5623.854492
62.169, 60, 5624.299316
62.169, 60, 5624.744629
62.169, 60, 5625.189453
62.169, 60, 5625.634277
62.169, 60, 5626.079590
62.169, 60, 5626.524414
62.169, 60, 5626.969727
62.169, 60, 5627.414551
62.169, 60, 5627.859375
62.169, 60, 5628.304688
62.169, 60, 5628.749512
62.169, 60, 5629.194824
62.169, 60, 5629.639648
62.169, 60, 5630.084961
62.169, 60, 5630.529785
62.169, 60, 5630.974609
62.169, 60, 5631.419922
62.169, 60, 5631.864746
62.169, 60, 5632.310059
62.169, 60, 5632.754883
62.169, 60, 5633.200195
62.169, 60, 5633.645020
62.169, 60, 5634.089844
62.169, 60, 5634.535156
62.169, 60, 5634.979980
62.169, 60, 5635.425293
62.169, 60, 5635.870117
62.169, 60, 5636.315430
62.169, 60, 5636.760254
62.169, 60, 5637.205078
62.169, 60, 5637.650391
62.169, 60, 5638.095215
62.169, 60, 5638.540527
62.169, 60, 5638.985352
62.169, 60, 5639.430176
62.169, 60, 5639.875488
62.169, 60, 5640.320312
62.169, 60, 5640.765625
62.169, 60, 5641.210449
62.169, 60, 5641.655762
62.169, 60, 5642.100586
62.169, 60, 5642.545410
62.169, 60, 5642.990723
62.169, 60, 5643.435547
62.169, 60, 5643.880859
62.169, 60, 5644.325684
62.169, 60, 5644.770996
62.169, 60, 5645.215820
62.169, 60, 5645.660645
62.169, 60, 5646.105957
62.169, 60, 5646.550781
62.169, 60, 5646.996094
62.169, 60, 5647.440918
62.169, 60, 5647.886230
62.169, 60, 5648.331055
62.169, 60, 5648.775879
62.169, 60, 5649.221191
62.169, 60, 5649.666016
62.265, 60, 5650.111328
62.265, 60, 5650.556152
62.265, 60, 5651.000977
62.265, 60, 5651.446289
62.265, 60, 5651.891113
62.265, 60, 5652.336426
62.265, 60, 5652.781250
62.265, 60, 5653.226562
62.265, 60, 5653.671387
62.265, 60, 5654.116211
62.265, 60, 5654.561523
62.265, 60, 5655.006348
62.265, 60, 5655.451660
62.265, 60, 5655.896484
62.265, 60, 5656.341797
62.265, 60, 5656.786621
62.265, 60, 5657.231445
62.265, 60, 5657.676758
62.265, 60, 5658.121582
62.265, 60, 5658.566895
62.265, 60, 5659.011719
62.265, 60, 5659.457031
62.265, 60, 5659.901855
62.265, 60, 5660.346680
62.265, 60, 5660.791992
62.265, 60, 5661.236816
62.265, 60, 5661.682129
62.265, 60, 5662.126953
62.265, 60, 5662.571777
62.265, 60, 5663.017090
62.265, 60, 5663.461914
62.265, 60, 5663.907227
62.265, 60, 5664.352051
62.265, 60, 5664.797363
62.265, 60, 5665.242188
62.265, 60, 5665.687012
62.265, 60, 5666.132324
62.265, 60, 5666.577148
62.265, 60, 5667.022461
62.265, 60, 5667.467285
62.265, 60, 5667.912598
62.265, 60, 5668.357422
62.265, 60, 5668.802246
62.265, 60, 5669.247559
62.265, 60, 5669.692383
62.265, 60, 5670.137695
62.265, 60, 5670.582520
62.265, 60, 5671.027832
62.265, 60, 5671.472656
62.265, 60, 5671.917480
62.265, 60, 5672.362793
62.265, 60, 5672.807617
62.265, 60, 5673.252930
62.265, 60, 5673.697754
62.265, 60, 5674.142578
62.265, 60, 5674.587891
62.265, 60, 5675.032715
62.265, 60, 5675.478027
62.265, 60, 5675.922852
62.265, 60, 5676.368164
62.265, 60, 5676.812988
62.265, 60, 5677.257812
62.265, 60, 5677.703125
62.265, 60, 5678.147949
62.265, 60, 5678.593262
62.265, 60, 5679.038086
62.265, 60, 5679.483398
62.265, 60, 5679.928223
62.265, 60, 5680.373047
62.265, 60, 5680.818359
62.265, 60, 5681.263184
62.265, 60, 5681.708496
62.265, 60, 5682.153320
62.265, 60, 5682.598633
62.265, 60, 5683.043457
62.265, 60, 5683.488281
62.265, 60, 5683.933594
62.265, 60, 5684.378418
62.265, 60, 5684.823730
62.265, 60, 5685.268555
62.265, 60, 5685.713379
62.265, 60, 5686.158691
62.265, 60, 5686.603516
62.265, 60, 5687.048828
62.265, 60, 5687.493652
62.265, 60, 5687.938965
62.265, 60, 5688.383789
62.265, 60, 5688.828613
62.265, 60, 5689.273926
62.265, 60, 5689.718750
62.265, 60, 5690.164062
62.265, 60, 5690.608887
62.265, 60, 5691.054199
62.265, 60, 5691.499023
62.265, 60, 5691.943848
62.265, 60, 5692.389160
62.265, 60, 5692.833984
62.265, 60, 5693.279297
62.265, 60, 5693.724121
62.265, 60, 5694.169434
62.265, 60, 5694.614258
62.265, 60, 5695.059082
62.265, 60, 5695.504395
62.265, 60, 5695.949219
62.265, 60, 5696.394531
62.247, 60, 5696.839355
62.247, 60, 5697.284180
62.247, 60, 5697.729492
62.247, 60, 5698.174316
62.247, 60, 5698.619629
62.247, 60, 5699.064453
62.247, 60, 5699.509766
62.247, 60, 5699.954590
62.247, 60, 5700.399414
62.247, 60, 5700.844727
62.247, 60, 5701.289551
62.247, 60, 5701.734863
62.247, 60, 5702.179688
62.247, 60, 5702.625000
62.247, 60, 5703.069824
62.247, 60, 5703.514648
62.247, 60, 5703.959961
62.247, 60, 5704.404785
62.247, 60, 5704.850098
62.247, 60, 5705.294922
62.247, 60, 5705.740234
62.247, 60, 5706.185059
62.247, 60, 5706.629883
62.247, 60, 5707.075195
62.247, 60, 5707.520020
62.247, 60, 5707.965332
62.247, 60, 5708.410156
62.247, 60, 5708.854980
62.247, 60, 5709.300293
62.247, 60, 5709.745117
62.247, 60, 5710.190430
62.247, 60, 5710.635254
62.247, 60, 5711.080566
62.247, 60, 5711.525391
62.247, 60, 5711.970215
62.247, 60, 5712.415527
62.247, 60, 5712.860352
62.247, 60, 5713.305664
62.247, 60, 5713.750488
62.247, 60, 5714.195801
62.247, 60, 5714.640625
62.247, 60, 5715.085449
62.247, 60, 5715.530762
62.247, 60, 5715.975586
62.247, 60, 5716.420898
62.247, 60, 5716.865723
62.247, 60, 5717.311035
62.247, 60, 5717.755859
62.247, 60, 5718.200684
62.247, 60, 5718.645996
62.247, 60, 5719.090820
62.247, 60, 5719.536133
62.247, 60, 5719.980957
62.247, 60, 5720.425781
62.247, 60, 5720.871094
62.247, 60, 5721.315918
62.247, 60, 5721.761230
62.247, 60, 5722.206055
62.247, 60, 5722.651367
62.247, 60, 5723.096191
62.247, 60, 5723.541016
62.247, 60, 5723.986328
62.247, 60, 5724.431152
62.247, 60, 5724.876465
62.247, 60, 5725.321289
62.247, 60, 5725.766602
62.247, 60, 5726.211426
62.247, 60, 5726.656250
62.247, 60, 5727.101562
62.247, 60, 5727.546387
62.247, 60, 5727.991699
62.247, 60, 5728.436523
62.247, 60, 5728.881836
62.247, 60, 5729.326660
62.247, 60, 5729.771484
62.247, 60, 5730.216797
62.247, 60, 5730.661621
62.247, 60, 5731.106934
62.247, 60, 5731.551758
62.247, 60, 5731.996582
62.247, 60, 5732.441895
62.247, 60, 5732.886719
62.247, 60, 5733.332031
62.247, 60, 5733.776855
62.247, 60, 5734.222168
62.247, 60, 5734.666992
62.247, 60, 5735.111816
62.247, 60, 5735.557129
62.247, 60, 5736.001953
62.247, 60, 5736.447266
62.247, 60, 5736.892090
62.247, 60, 5737.337402
62.247, 60, 5737.782227
62.247, 60, 5738.227051
62.247, 60, 5738.672363
62.247, 60, 5739.117188
62.247, 60, 5739.562500
62.247, 60, 5740.007324
62.247, 60, 5740.452637
62.247, 60, 5740.897461
62.247, 60, 5741.342285
62.247, 60, 5741.787598
62.247, 60, 5742.232422
62.342, 60, 5742.677734
62.342, 60, 5743.122559
62.342, 60, 5743.567383
62.342, 60, 5744.012695
62.342, 60, 5744.457520
62.342, 60, 5744.902832
62.342, 60, 5745.347656
62.342, 60, 5745.792969
62.342, 60, 5746.237793
62.342, 60, 5746.682617
62.342, 60, 5747.127930
62.342, 60, 5747.572754
62.342, 60, 5748.018066
62.342, 60, 5748.462891
62.342, 60, 5748.908203
62.342, 60, 5749.353027
62.342, 60, 5749.797852
62.342, 60, 5750.243164
62.342, 60, 5750.687988
62.342, 60, 5751.133301
62.342, 60, 5751.578125
62.342, 60, 5752.023438
62.342, 60, 5752.468262
62.342, 60, 5752.913086
62.342, 60, 5753.358398
62.342, 60, 5753.803223
62.342, 60, 5754.248535
62.342, 60, 5754.693359
62.342, 60, 5755.138184
62.342, 60, 5755.583496
62.342, 60, 5756.028320
62.342, 60, 5756.473633
62.342, 60, 5756.918457
62.342, 60, 5757.363770
62.342, 60, 5757.808594
62.342, 60, 5758.253418
62.342, 60, 5758.698730
62.342, 60, 5759.143555
62.342, 60, 5759.588867
62.342, 60, 5760.033691
62.342, 60, 5760.479004
62.342, 60, 5760.923828
62.342, 60, 5761.368652
62.342, 60, 5761.813965
62.342, 60, 5762.258789
62.342, 60, 5762.704102
62.342, 60, 5763.148926
62.342, 60, 5763.594238
62.342, 60, 5764.039062
62.342, 60, 5764.483887
62.342, 60, 5764.929199
62.342, 60, 5765.374023
62.342, 60, 5765.819336
62.342, 60, 5766.264160
62.342, 60, 5766.708984
62.342, 60, 5767.154297
62.342, 60, 5767.599121
62.342, 60, 5768.044434
62.342, 60, 5768.489258
62.342, 60, 5768.934570
62.342, 60, 5769.379395
62.342, 60, 5769.824219
62.342, 60, 5770.269531
62.342, 60, 5770.714355
62.342, 60, 5771.159668
62.342, 60, 5771.604492
62.342, 60, 5772.049805
62.342, 60, 5772.494629
62.342, 60, 5772.939453
62.342, 60, 5773.384766
62.342, 60, 5773.829590
62.342, 60, 5774.274902
62.342, 60, 5774.719727
62.342, 60, 5775.165039
62.342, 60, 5775.609863
62.342, 60, 5776.054688
62.342, 60, 5776.500000
62.342, 60, 5776.944824
62.342, 60, 5777.390137
62.342, 60, 5777.834961
62.342, 60, 5778.279785
62.342, 60, 5778.725098
62.342, 60, 5779.169922
62.342, 60, 5779.615234
62.342, 60, 5780.060059
62.342, 60, 5780.505371
62.342, 60, 5780.950195
62.342, 60, 5781.395020
62.342, 60, 5781.840332
62.342, 60, 5782.285156
62.342, 60, 5782.730469
62.342, 60, 5783.175293
62.342, 60, 5783.620605
62.342, 60, 5784.065430
62.342, 60, 5784.510254
62.342, 60, 5784.955566
62.342, 60, 5785.400391
62.342, 60, 5785.845703
62.342, 60, 5786.290527
62.342, 60, 5786.735840
62.342, 60, 5787.180664
62.342, 60, 5787.625488
62.342, 60, 5788.070801
62.342, 60, 5788.515625
62.436, 60, 5788.960938
62.436, 60, 5789.405762
62.436, 60, 5789.850586
62.436, 60, 5790.295898
62.436, 60, 5790.740723
62.436, 60, 5791.186035
62.436, 60, 5791.630859
62.436, 60, 5792.076172
62.436, 60, 5792.520996
62.436, 60, 5792.965820
62.436, 60, 5793.411133
62.436, 60, 5793.855957
62.436, 60, 5794.301270
62.436, 60, 5794.746094
62.436, 60, 5795.191406
62.436, 60, 5795.636230
62.436, 60, 5796.081055
62.436, 60, 5796.526367
62.436, 60, 5796.971191
62.436, 60, 5797.416504
62.436, 60, 5797.861328
62.436, 60, 5798.306641
62.436, 60, 5798.751465
62.436, 60, 5799.196289
62.436, 60, 5799.641602
62.436, 60, 5800.086426
62.436, 60, 5800.531738
62.436, 60, 5800.976562
62.436, 60, 5801.421387
62.436, 60, 5801.866699
62.436, 60, 5802.311523
62.436, 60, 5802.756836
62.436, 60, 5803.201660
62.436, 60, 5803.646973
62.247, 60, 5804.091797
62.247, 60, 5804.536621
62.247, 60, 5804.981934
62.247, 60, 5805.426758
62.247, 60, 5805.872070
62.247, 60, 5806.316895
62.247, 60, 5806.762207
62.247, 60, 5807.207031
62.247, 60, 5807.651855
62.247, 60, 5808.097168
62.247, 60, 5808.541992
62.247, 60, 5808.987305
62.247, 60, 5809.432129
62.247, 60, 5809.877441
62.247, 60, 5810.322266
62.247, 60, 5810.767090
62.247, 60, 5811.212402
62.247, 60, 5811.657227
62.247, 60, 5812.102539
62.247, 60, 5812.547363
62.247, 60, 5812.992188
62.247, 60, 5813.437500
62.247, 60, 5813.882324
62.247, 60, 5814.327637
62.247, 60, 5814.772461
62.247, 60, 5815.217773
62.247, 60, 5815.662598
62.247, 60, 5816.107422
62.247, 60, 5816.552734
62.247, 60, 5816.997559
62.247, 60, 5817.442871
62.247, 60, 5817.887695
62.247, 60, 5818.333008
62.169, 60, 5818.777832
62.169, 60, 5819.222656
62.169, 60, 5819.667969
62.169, 60, 5820.112793
62.169, 60, 5820.558105
62.169, 60, 5821.002930
62.169, 60, 5821.448242
62.169, 60, 5821.893066
62.169, 60, 5822.337891
62.169, 60, 5822.783203
62.169, 60, 5823.228027
62.169, 60, 5823.673340
62.169, 60, 5824.118164
62.169, 60, 5824.562988
62.169, 60, 5825.008301
62.169, 60, 5825.453125
62.169, 60, 5825.898438
62.169, 60, 5826.343262
62.169, 60, 5826.788574
62.169, 60, 5827.233398
62.169, 60, 5827.678223
62.169, 60, 5828.123535
62.169, 60, 5828.568359
62.169, 60, 5829.013672
62.169, 60, 5829.458496
62.169, 60, 5829.903809
62.169, 60, 5830.348633
62.169, 60, 5830.793457
62.169, 60, 5831.238770
62.169, 60, 5831.683594
62.169, 60, 5832.128906
62.169, 60, 5832.573730
62.169, 60, 5833.019043
62.169, 60, 5833.463867
61.979, 60, 5833.908691
61.979, 60, 5834.354004
61.979, 60, 5834.798828
61.979, 60, 5835.244141
61.979, 60, 5835.688965
61.979, 60, 5836.133789
61.979, 60, 5836.579102
61.979, 60, 5837.023926
61.979, 60, 5837.469238
61.979, 60, 5837.914062
61.979, 60, 5838.359375
61.979, 60, 5838.804199
61.979, 60, 5839.249023
61.979, 60, 5839.694336
61.979, 60, 5840.139160
61.979, 60, 5840.584473
61.979, 60, 5841.029297
61.979, 60, 5841.474609
61.979, 60, 5841.919434
61.979, 60, 5842.364258
61.979, 60, 5842.809570
61.979, 60, 5843.254395
61.979, 60, 5843.699707
61.979, 60, 5844.144531
61.979, 60, 5844.589844
61.979, 60, 5845.034668
61.979, 60, 5845.479492
61.979, 60, 5845.924805
61.979, 60, 5846.369629
61.979, 60, 5846.814941
61.979, 60, 5847.259766
61.979, 60, 5847.704590
61.979, 60, 5848.149902
61.979, 60, 5848.594727
61.979, 60, 5849.040039
61.979, 60, 5849.484863
61.979, 60, 5849.930176
61.979, 60, 5850.375000
61.979, 60, 5850.819824
61.979, 60, 5851.265137
61.979, 60, 5851.709961
61.979, 60, 5852.155273
61.979, 60, 5852.600098
61.979, 60, 5853.045410
61.979, 60, 5853.490234
61.979, 60, 5853.935059
61.979, 60, 5854.380371
61.979, 60, 5854.825195
61.979, 60, 5855.270508
61.979, 60, 5855.715332
61.979, 60, 5856.160645
61.979, 60, 5856.605469
61.979, 60, 5857.050293
61.979, 60, 5857.495605
61.979, 60, 5857.940430
61.979, 60, 5858.385742
61.979, 60, 5858.830566
61.979, 60, 5859.275391
61.979, 60, 5859.720703
61.979, 60, 5860.165527
61.979, 60, 5860.610840
61.979, 60, 5861.055664
61.979, 60, 5861.500977
61.979, 60, 5861.945801
61.979, 60, 5862.390625
61.979, 60, 5862.835938
61.979, 60, 5863.280762
61.979, 60, 5863.726074
61.979, 60, 5864.170898
61.979, 60, 5864.616211
61.979, 60, 5865.061035
61.979, 60, 5865.505859
61.979, 60, 5865.951172
61.979, 60, 5866.395996
61.979, 60, 5866.841309
61.979, 60, 5867.286133
61.979, 60, 5867.731445
61.979, 60, 5868.176270
61.979, 60, 5868.621094
61.979, 60, 5869.066406
61.979, 60, 5869.511230
61.979, 60, 5869.956543
61.979, 60, 5870.401367
61.979, 60, 5870.846191
61.979, 60, 5871.291504
61.979, 60, 5871.736328
61.979, 60, 5872.181641
61.979, 60, 5872.626465
61.979, 60, 5873.071777
61.979, 60, 5873.516602
61.979, 60, 5873.961426
61.979, 60, 5874.406738
61.979, 60, 5874.851562
61.979, 60, 5875.296875
61.979, 60, 5875.741699
61.979, 60, 5876.187012
61.979, 60, 5876.631836
61.979, 60, 5877.076660
61.979, 60, 5877.521973
61.979, 60, 5877.966797
61.979, 60, 5878.412109
61.979, 60, 5878.856934
61.979, 60, 5879.302246
61.979, 60, 5879.747070
61.979, 60, 5880.191895
61.979, 60, 5880.637207
61.979, 60, 5881.082031
61.979, 60, 5881.527344
61.979, 60, 5881.972168
61.979, 60, 5882.416992
61.979, 60, 5882.862305
61.979, 60, 5883.307129
61.979, 60, 5883.752441
61.979, 60, 5884.197266
61.979, 60, 5884.642578
61.979, 60, 5885.087402
61.979, 60, 5885.532227
61.979, 60, 5885.977539
61.979, 60, 5886.422363
61.979, 60, 5886.867676
61.979, 60, 5887.312500
61.979, 60, 5887.757812
61.979, 60, 5888.202637
61.979, 60, 5888.647461
61.979, 60, 5889.092773
61.979, 60, 5889.537598
61.979, 60, 5889.982910
61.979, 60, 5890.427734
61.979, 60, 5890.873047
61.979, 60, 5891.317871
61.979, 60, 5891.762695
61.979, 60, 5892.208008
61.979, 60, 5892.652832
61.979, 60, 5893.098145
61.979, 60, 5893.542969
61.979, 60, 5893.987793
61.979, 60, 5894.433105
61.979, 60, 5894.877930
61.979, 60, 5895.323242
61.884, 60, 5895.768066
61.884, 60, 5896.213379
61.884, 60, 5896.658203
61.884, 60, 5897.103027
61.884, 60, 5897.548340
61.884, 60, 5897.993164
61.884, 60, 5898.438477
61.884, 60, 5898.883301
61.884, 60, 5899.328613
61.884, 60, 5899.773438
61.884, 60, 5900.218262
61.884, 60, 5900.663574
61.884, 60, 5901.108398
61.884, 60, 5901.553711
61.884, 60, 5901.998535
61.884, 60, 5902.443848
61.884, 60, 5902.888672
61.884, 60, 5903.333496
61.884, 60, 5903.778809
61.884, 60, 5904.223633
61.884, 60, 5904.668945
61.884, 60, 5905.113770
61.884, 60, 5905.558594
61.884, 60, 5906.003906
61.884, 60, 5906.448730
61.884, 60, 5906.894043
61.884, 60, 5907.338867
61.884, 60, 5907.784180
61.884, 60, 5908.229004
61.884, 60, 5908.673828
61.884, 60, 5909.119141
61.884, 60, 5909.563965
61.884, 60, 5910.009277
61.884, 60, 5910.454102
61.884, 60, 5910.899414
61.884, 60, 5911.344238
61.884, 60, 5911.789062
61.884, 60, 5912.234375
61.884, 60, 5912.679199
61.884, 60, 5913.124512
61.884, 60, 5913.569336
61.884, 60, 5914.014648
61.884, 60, 5914.459473
61.884, 60, 5914.904297
61.884, 60, 5915.349609
61.884, 60, 5915.794434
61.884, 60, 5916.239746
61.884, 60, 5916.684570
61.884, 60, 5917.129395
61.884, 60, 5917.574707
61.884, 60, 5918.019531
61.884, 60, 5918.464844
61.884, 60, 5918.909668
61.884, 60, 5919.354980
61.884, 60, 5919.799805
61.884, 60, 5920.244629
61.884, 60, 5920.689941
61.884, 60, 5921.134766
61.884, 60, 5921.580078
61.884, 60, 5922.024902
61.884, 60, 5922.470215
61.884, 60, 5922.915039
61.884, 60, 5923.359863
61.884, 60, 5923.805176
61.884, 60, 5924.250000
61.884, 60, 5924.695312
61.884, 60, 5925.140137
61.884, 60, 5925.585449
61.884, 60, 5926.030273
61.884, 60, 5926.475098
61.979, 60, 5926.920410
61.979, 60, 5927.365234
61.979, 60, 5927.810547
61.979, 60, 5928.255371
61.979, 60, 5928.700195
61.979, 60, 5929.145508
61.979, 60, 5929.590332
61.979, 60, 5930.035645
61.979, 60, 5930.480469
61.979, 60, 5930.925781
61.979, 60, 5931.370605
61.979, 60, 5931.815430
61.979, 60, 5932.260742
61.979, 60, 5932.705566
61.979, 60, 5933.150879
61.979, 60, 5933.595703
61.979, 60, 5934.041016
61.979, 60, 5934.485840
61.979, 60, 5934.930664
61.979, 60, 5935.375977
61.979, 60, 5935.820801
61.979, 60, 5936.266113
61.979, 60, 5936.710938
61.979, 60, 5937.156250
61.979, 60, 5937.601074
61.979, 60, 5938.045898
61.979, 60, 5938.491211
61.979, 60, 5938.936035
61.979, 60, 5939.381348
61.979, 60, 5939.826172
61.979, 60, 5940.270996
61.979, 60, 5940.716309
61.979, 60, 5941.161133
61.979, 60, 5941.606445
61.979, 60, 5942.051270
61.979, 60, 5942.496582
61.979, 60, 5942.941406
61.979, 60, 5943.386230
61.979, 60, 5943.831543
61.979, 60, 5944.276367
61.979, 60, 5944.721680
61.979, 60, 5945.166504
61.979, 60, 5945.611816
61.979, 60, 5946.056641
61.979, 60, 5946.501465
61.979, 60, 5946.946777
61.979, 60, 5947.391602
61.979, 60, 5947.836914
61.979, 60, 5948.281738
61.979, 60, 5948.727051
61.979, 60, 5949.171875
61.979, 60, 5949.616699
61.979, 60, 5950.062012
61.979, 60, 5950.506836
61.979, 60, 5950.952148
61.979, 60, 5951.396973
61.979, 60, 5951.841797
61.979, 60, 5952.287109
61.979, 60, 5952.731934
61.979, 60, 5953.177246
61.979, 60, 5953.622070
61.979, 60, 5954.067383
61.979, 60, 5954.512207
61.979, 60, 5954.957031
61.979, 60, 5955.402344
61.979, 60, 5955.847168
61.979, 60, 5956.292480
62.056, 60, 5956.737305
62.056, 60, 5957.182617
62.056, 60, 5957.627441
62.056, 60, 5958.072266
62.056, 60, 5958.517578
62.056, 60, 5958.962402
62.056, 60, 5959.407715
62.056, 60, 5959.852539
62.056, 60, 5960.297852
62.056, 60, 5960.742676
62.056, 60, 5961.187500
62.056, 60, 5961.632812
62.056, 60, 5962.077637
62.056, 60, 5962.522949
62.056, 60, 5962.967773
62.056, 60, 5963.412598
62.056, 60, 5963.857910
62.056, 60, 5964.302734
62.056, 60, 5964.748047
62.056, 60, 5965.192871
62.056, 60, 5965.638184
62.056, 60, 5966.083008
62.056, 60, 5966.527832
62.056, 60, 5966.973145
62.056, 60, 5967.417969
62.056, 60, 5967.863281
62.056, 60, 5968.308105
62.056, 60, 5968.753418
62.056, 60, 5969.198242
62.056, 60, 5969.643066
62.056, 60, 5970.088379
62.056, 60, 5970.533203
62.056, 60, 5970.978516
62.056, 60, 5971.423340
62.056, 60, 5971.868652
62.074, 60, 5972.313477
62.074, 60, 5972.758301
62.074, 60, 5973.203613
62.074, 60, 5973.648438
62.074, 60, 5974.093750
62.074, 60, 5974.538574
62.074, 60, 5974.983398
62.074, 60, 5975.428711
62.074, 60, 5975.873535
62.074, 60, 5976.318848
62.074, 60, 5976.763672
62.074, 60, 5977.208984
62.074, 60, 5977.653809
62.074, 60, 5978.098633
62.074, 60, 5978.543945
62.074, 60, 5978.988770
62.074, 60, 5979.434082
62.074, 60, 5979.878906
62.074, 60, 5980.324219
62.074, 60, 5980.769043
62.074, 60, 5981.213867
62.074, 60, 5981.659180
62.074, 60, 5982.104004
62.074, 60, 5982.549316
62.074, 60, 5982.994141
62.074, 60, 5983.439453
62.074, 60, 5983.884277
62.074, 60, 5984.329102
62.074, 60, 5984.774414
62.074, 60, 5985.219238
62.074, 60, 5985.664551
62.074, 60, 5986.109375
62.074, 60, 5986.554199
62.074, 60, 5986.999512
61.979, 60, 5987.444336
61.979, 60, 5987.889648
61.979, 60, 5988.334473
61.979, 60, 5988.779785
61.979, 60, 5989.224609
61.979, 60, 5989.669434
61.979, 60, 5990.114746
61.979, 60, 5990.559570
61.979, 60, 5991.004883
61.979, 60, 5991.449707
61.979, 60, 5991.895020
61.979, 60, 5992.339844
61.979, 60, 5992.784668
61.979, 60, 5993.229980
61.979, 60, 5993.674805
61.979, 60, 5994.120117
61.979, 60, 5994.564941
61.979, 60, 5995.010254
61.979, 60, 5995.455078
61.979, 60, 5995.899902
61.979, 60, 5996.345215
61.979, 60, 5996.790039
61.979, 60, 5997.235352
61.979, 60, 5997.680176
61.979, 60, 5998.125000
61.979, 60, 5998.570312
61.979, 60, 5999.015137
61.979, 60, 5999.460449
61.979, 60, 5999.905273
61.979, 60, 6000.350586
61.979, 60, 6000.795410
61.979, 60, 6001.240234
61.979, 60, 6001.685547
61.979, 60, 6002.130371
61.979, 60, 6002.575684
61.979, 60, 6003.020508
61.979, 60, 6003.465820
61.979, 60, 6003.910645
61.979, 60, 6004.355469
61.979, 60, 6004.800781
61.979, 60, 6005.245605
61.979, 60, 6005.690918
61.979, 60, 6006.135742
61.979, 60, 6006.581055
61.979, 60, 6007.025879
61.979, 60, 6007.470703
61.979, 60, 6007.916016
61.979, 60, 6008.360840
61.979, 60, 6008.806152
61.979, 60, 6009.250977
61.979, 60, 6009.695801
61.979, 60, 6010.141113
61.979, 60, 6010.585938
61.979, 60, 6011.031250
61.979, 60, 6011.476074
61.979, 60, 6011.921387
61.979, 60, 6012.366211
61.979, 60, 6012.811035
61.979, 60, 6013.256348
61.979, 60, 6013.701172
61.979, 60, 6014.146484
61.979, 60, 6014.591309
61.979, 60, 6015.036621
61.979, 60, 6015.481445
61.979, 60, 6015.926270
61.979, 60, 6016.371582
61.979, 60, 6016.816406
61.979, 60, 6017.261719
61.979, 60, 6017.706543
61.979, 60, 6018.151855
61.979, 60, 6018.596680
61.979, 60, 6019.041504
61.979, 60, 6019.486816
61.979, 60, 6019.931641
61.979, 60, 6020.376953
61.979, 60, 6020.821777
61.979, 60, 6021.266602
61.979, 60, 6021.711914
61.979, 60, 6022.156738
61.979, 60, 6022.602051
61.979, 60, 6023.046875
61.979, 60, 6023.492188
61.979, 60, 6023.937012
61.979, 60, 6024.381836
61.979, 60, 6024.827148
61.979, 60, 6025.271973
61.979, 60, 6025.717285
61.979, 60, 6026.162109
61.979, 60, 6026.607422
61.979, 60, 6027.052246
61.979, 60, 6027.497070
61.979, 60, 6027.942383
61.979, 60, 6028.387207
61.979, 60, 6028.832520
61.979, 60, 6029.277344
61.979, 60, 6029.722656
61.979, 60, 6030.167480
61.979, 60, 6030.612305
61.979, 60, 6031.057617
61.979, 60, 6031.502441
61.979, 60, 6031.947754
61.979, 60, 6032.392578
61.979, 60, 6032.837402
62.056, 60, 6033.282715
62.056, 60, 6033.727539
62.056, 60, 6034.172852
62.056, 60, 6034.617676
62.056, 60, 6035.062988
62.056, 60, 6035.507812
62.056, 60, 6035.952637
62.056, 60, 6036.397949
62.056, 60, 6036.842773
62.056, 60, 6037.288086
62.056, 60, 6037.732910
62.056, 60, 6038.178223
62.056, 60, 6038.623047
62.056, 60, 6039.067871
62.056, 60, 6039.513184
62.056, 60, 6039.958008
62.056, 60, 6040.403320
62.056, 60, 6040.848145
62.056, 60, 6041.293457
62.056, 60, 6041.738281
62.056, 60, 6042.183105
62.056, 60, 6042.628418
62.056, 60, 6043.073242
62.056, 60, 6043.518555
62.056, 60, 6043.963379
62.056, 60, 6044.408203
62.056, 60, 6044.853516
62.056, 60, 6045.298340
62.056, 60, 6045.743652
62.056, 60, 6046.188477
62.056, 60, 6046.633789
62.056, 60, 6047.078613
62.056, 60, 6047.523438
62.056, 60, 6047.968750
62.056, 60, 6048.413574
62.151, 60, 6048.858887
62.151, 60, 6049.303711
62.151, 60, 6049.749023
62.151, 60, 6050.193848
62.151, 60, 6050.638672
62.151, 60, 6051.083984
62.151, 60, 6051.528809
62.151, 60, 6051.974121
62.151, 60, 6052.418945
62.151, 60, 6052.864258
62.151, 60, 6053.309082
62.151, 60, 6053.753906
62.151, 60, 6054.199219
62.151, 60, 6054.644043
62.151, 60, 6055.089355
62.151, 60, 6055.534180
62.151, 60, 6055.979004
62.151, 60, 6056.424316
62.151, 60, 6056.869141
62.151, 60, 6057.314453
62.151, 60, 6057.759277
62.151, 60, 6058.204590
62.151, 60, 6058.649414
62.151, 60, 6059.094238
62.151, 60, 6059.539551
62.151, 60, 6059.984375
62.151, 60, 6060.429688
62.151, 60, 6060.874512
62.151, 60, 6061.319824
62.151, 60, 6061.764648
62.151, 60, 6062.209473
62.151, 60, 6062.654785
62.151, 60, 6063.099609
62.151, 60, 6063.544922
62.151, 60, 6063.989746
62.151, 60, 6064.435059
62.151, 60, 6064.879883
62.151, 60, 6065.324707
62.151, 60, 6065.770020
62.151, 60, 6066.214844
62.151, 60, 6066.660156
62.151, 60, 6067.104980
62.151, 60, 6067.549805
62.151, 60, 6067.995117
62.151, 60, 6068.439941
62.151, 60, 6068.885254
62.151, 60, 6069.330078
62.151, 60, 6069.775391
62.151, 60, 6070.220215
62.151, 60, 6070.665039
62.151, 60, 6071.110352
62.151, 60, 6071.555176
62.151, 60, 6072.000488
62.151, 60, 6072.445312
62.151, 60, 6072.890625
62.151, 60, 6073.335449
62.151, 60, 6073.780273
62.151, 60, 6074.225586
62.151, 60, 6074.670410
62.151, 60, 6075.115723
62.151, 60, 6075.560547
62.151, 60, 6076.005859
62.151, 60, 6076.450684
62.151, 60, 6076.895508
62.151, 60, 6077.340820
62.151, 60, 6077.785645
62.151, 60, 6078.230957
62.151, 60, 6078.675781
62.151, 60, 6079.120605
62.151, 60, 6079.565918
62.151, 60, 6080.010742
62.151, 60, 6080.456055
62.151, 60, 6080.900879
62.151, 60, 6081.346191
62.151, 60, 6081.791016
62.151, 60, 6082.235840
62.151, 60, 6082.681152
62.151, 60, 6083.125977
62.151, 60, 6083.571289
62.151, 60, 6084.016113
62.151, 60, 6084.461426
62.151, 60, 6084.906250
62.151, 60, 6085.351074
62.151, 60, 6085.796387
62.151, 60, 6086.241211
62.151, 60, 6086.686523
62.151, 60, 6087.131348
62.151, 60, 6087.576660
62.151, 60, 6088.021484
62.151, 60, 6088.466309
62.151, 60, 6088.911621
62.151, 60, 6089.356445
62.151, 60, 6089.801758
62.151, 60, 6090.246582
62.151, 60, 6090.691406
62.151, 60, 6091.136719
62.151, 60, 6091.581543
62.151, 60, 6092.026855
62.151, 60, 6092.471680
62.151, 60, 6092.916992
62.151, 60, 6093.361816
62.151, 60, 6093.806641
62.151, 60, 6094.251953
62.151, 60, 6094.696777
62.151, 60, 6095.142090
62.151, 60, 6095.586914
62.151, 60, 6096.032227
62.151, 60, 6096.477051
62.151, 60, 6096.921875
62.151, 60, 6097.367188
62.151, 60, 6097.812012
62.151, 60, 6098.257324
62.151, 60, 6098.702148
62.151, 60, 6099.147461
62.151, 60, 6099.592285
62.151, 60, 6100.037109
62.151, 60, 6100.482422
62.151, 60, 6100.927246
62.151, 60, 6101.372559
62.151, 60, 6101.817383
62.151, 60, 6102.262207
62.151, 60, 6102.707520
62.151, 60, 6103.152344
62.151, 60, 6103.597656
62.151, 60, 6104.042480
62.151, 60, 6104.487793
62.151, 60, 6104.932617
62.151, 60, 6105.377441
62.151, 60, 6105.822754
62.151, 60, 6106.267578
62.151, 60, 6106.712891
62.151, 60, 6107.157715
62.151, 60, 6107.603027
62.151, 60, 6108.047852
62.151, 60, 6108.492676
62.151, 60, 6108.937988
62.151, 60, 6109.382812
62.151, 60, 6109.828125
62.151, 60, 6110.272949
62.151, 60, 6110.718262
62.247, 60, 6111.163086
62.247, 60, 6111.607910
62.247, 60, 6112.053223
62.247, 60, 6112.498047
62.247, 60, 6112.943359
62.247, 60, 6113.388184
62.247, 60, 6113.833008
62.247, 60, 6114.278320
62.247, 60, 6114.723145
62.247, 60, 6115.168457
62.247, 60, 6115.613281
62.247, 60, 6116.058594
62.247, 60, 6116.503418
62.247, 60, 6116.948242
62.247, 60, 6117.393555
62.247, 60, 6117.838379
62.247, 60, 6118.283691
62.247, 60, 6118.728516
62.247, 60, 6119.173828
62.247, 60, 6119.618652
62.247, 60, 6120.063477
62.247, 60, 6120.508789
62.247, 60, 6120.953613
62.247, 60, 6121.398926
62.247, 60, 6121.843750
62.247, 60, 6122.289062
62.247, 60, 6122.733887
62.247, 60, 6123.178711
62.247, 60, 6123.624023
62.247, 60, 6124.068848
62.247, 60, 6124.514160
62.247, 60, 6124.958984
62.247, 60, 6125.403809
62.247, 60, 6125.849121
62.247, 60, 6126.293945
62.247, 60, 6126.739258
62.247, 60, 6127.184082
62.247, 60, 6127.629395
62.247, 60, 6128.074219
62.247, 60, 6128.519043
62.247, 60, 6128.964355
62.247, 60, 6129.409180
62.247, 60, 6129.854492
62.247, 60, 6130.299316
62.247, 60, 6130.744629
62.247, 60, 6131.189453
62.247, 60, 6131.634277
62.247, 60, 6132.079590
62.247, 60, 6132.524414
62.247, 60, 6132.969727
62.247, 60, 6133.414551
62.247, 60, 6133.859863
62.247, 60, 6134.304688
62.247, 60, 6134.749512
62.247, 60, 6135.194824
62.247, 60, 6135.639648
62.247, 60, 6136.084961
62.247, 60, 6136.529785
62.247, 60, 6136.974609
62.247, 60, 6137.419922
62.247, 60, 6137.864746
62.247, 60, 6138.310059
62.247, 60, 6138.754883
62.247, 60, 6139.200195
62.247, 60, 6139.645020
62.247, 60, 6140.089844
62.247, 60, 6140.535156
62.247, 60, 6140.979980
62.247, 60, 6141.425293
62.247, 60, 6141.870117
62.247, 60, 6142.315430
62.247, 60, 6142.760254
62.247, 60, 6143.205078
62.247, 60, 6143.650391
62.247, 60, 6144.095215
62.247, 60, 6144.540527
62.247, 60, 6144.985352
62.247, 60, 6145.430664
62.247, 60, 6145.875488
62.247, 60, 6146.320312
62.247, 60, 6146.765625
62.247, 60, 6147.210449
62.247, 60, 6147.655762
62.247, 60, 6148.100586
62.247, 60, 6148.545410
62.247, 60, 6148.990723
62.247, 60, 6149.435547
62.247, 60, 6149.880859
62.247, 60, 6150.325684
62.247, 60, 6150.770996
62.247, 60, 6151.215820
62.247, 60, 6151.660645
62.247, 60, 6152.105957
62.247, 60, 6152.550781
62.247, 60, 6152.996094
62.247, 60, 6153.440918
62.247, 60, 6153.886230
62.247, 60, 6154.331055
62.247, 60, 6154.775879
62.247, 60, 6155.221191
62.247, 60, 6155.666016
62.247, 60, 6156.111328
62.151, 60, 6156.556152
62.151, 60, 6157.001465
62.151, 60, 6157.446289
62.151, 60, 6157.891113
62.151, 60, 6158.336426
62.151, 60, 6158.781250
62.151, 60, 6159.226562
62.151, 60, 6159.671387
62.151, 60, 6160.116211
62.151, 60, 6160.561523
62.151, 60, 6161.006348
62.151, 60, 6161.451660
62.151, 60, 6161.896484
62.151, 60, 6162.341797
62.151, 60, 6162.786621
62.151, 60, 6163.231445
62.151, 60, 6163.676758
62.151, 60, 6164.121582
62.151, 60, 6164.566895
62.151, 60, 6165.011719
62.151, 60, 6165.457031
62.151, 60, 6165.901855
62.151, 60, 6166.346680
62.151, 60, 6166.791992
62.151, 60, 6167.236816
62.151, 60, 6167.682129
62.151, 60, 6168.126953
62.151, 60, 6168.572266
62.151, 60, 6169.017090
62.151, 60, 6169.461914
62.151, 60, 6169.907227
62.151, 60, 6170.352051
62.151, 60, 6170.797363
62.151, 60, 6171.242188
62.151, 60, 6171.687012
62.151, 60, 6172.132324
62.151, 60, 6172.577148
62.151, 60, 6173.022461
62.151, 60, 6173.467285
62.151, 60, 6173.912598
62.151, 60, 6174.357422
62.151, 60, 6174.802246
62.151, 60, 6175.247559
62.151, 60, 6175.692383
62.151, 60, 6176.137695
62.151, 60, 6176.582520
62.151, 60, 6177.027832
62.151, 60, 6177.472656
62.151, 60, 6177.917480
62.151, 60, 6178.362793
62.151, 60, 6178.807617
62.151, 60, 6179.252930
62.151, 60, 6179.697754
62.151, 60, 6180.143066
62.151, 60, 6180.587891
62.151, 60, 6181.032715
62.151, 60, 6181.478027
62.151, 60, 6181.922852
62.151, 60, 6182.368164
62.151, 60, 6182.812988
62.151, 60, 6183.257812
62.151, 60, 6183.703125
62.151, 60, 6184.147949
62.151, 60, 6184.593262
62.151, 60, 6185.038086
62.151, 60, 6185.483398
62.151, 60, 6185.928223
62.151, 60, 6186.373047
62.151, 60, 6186.818359
62.151, 60, 6187.263184
62.169, 60, 6187.708496
62.169, 60, 6188.153320
62.169, 60, 6188.598633
62.169, 60, 6189.043457
62.169, 60, 6189.488281
62.169, 60, 6189.933594
62.169, 60, 6190.378418
62.169, 60, 6190.823730
62.169, 60, 6191.268555
62.169, 60, 6191.713867
62.169, 60, 6192.158691
62.169, 60, 6192.603516
62.169, 60, 6193.048828
62.169, 60, 6193.493652
62.169, 60, 6193.938965
62.169, 60, 6194.383789
62.169, 60, 6194.828613
62.169, 60, 6195.273926
62.169, 60, 6195.718750
62.169, 60, 6196.164062
62.169, 60, 6196.608887
62.169, 60, 6197.054199
62.169, 60, 6197.499023
62.169, 60, 6197.943848
62.169, 60, 6198.389160
62.169, 60, 6198.833984
62.169, 60, 6199.279297
62.169, 60, 6199.724121
62.169, 60, 6200.169434
62.169, 60, 6200.614258
62.169, 60, 6201.059082
62.169, 60, 6201.504395
62.169, 60, 6201.949219
62.169, 60, 6202.394531
62.169, 60, 6202.839355
62.169, 60, 6203.284668
62.169, 60, 6203.729492
62.169, 60, 6204.174316
62.169, 60, 6204.619629
62.169, 60, 6205.064453
62.169, 60, 6205.509766
62.169, 60, 6205.954590
62.169, 60, 6206.399414
62.169, 60, 6206.844727
62.169, 60, 6207.289551
62.169, 60, 6207.734863
62.169, 60, 6208.179688
62.169, 60, 6208.625000
62.169, 60, 6209.069824
62.169, 60, 6209.514648
62.169, 60, 6209.959961
62.169, 60, 6210.404785
62.169, 60, 6210.850098
62.169, 60, 6211.294922
62.169, 60, 6211.740234
62.169, 60, 6212.185059
62.169, 60, 6212.629883
62.169, 60, 6213.075195
62.169, 60, 6213.520020
62.169, 60, 6213.965332
62.169, 60, 6214.410156
62.169, 60, 6214.855469
62.169, 60, 6215.300293
62.169, 60, 6215.745117
62.169, 60, 6216.190430
62.169, 60, 6216.635254
62.169, 60, 6217.080566
62.169, 60, 6217.525391
62.169, 60, 6217.970215
62.169, 60, 6218.415527
62.169, 60, 6218.860352
62.169, 60, 6219.305664
62.169, 60, 6219.750488
62.169, 60, 6220.195801
62.169, 60, 6220.640625
62.169, 60, 6221.085449
62.169, 60, 6221.530762
62.169, 60, 6221.975586
62.169, 60, 6222.420898
62.169, 60, 6222.865723
62.169, 60, 6223.311035
62.169, 60, 6223.755859
62.169, 60, 6224.200684
62.169, 60, 6224.645996
62.169, 60, 6225.090820
62.169, 60, 6225.536133
62.169, 60, 6225.980957
62.169, 60, 6226.426270
62.169, 60, 6226.871094
62.169, 60, 6227.315918
62.169, 60, 6227.761230
62.169, 60, 6228.206055
62.169, 60, 6228.651367
62.169, 60, 6229.096191
62.169, 60, 6229.541016
62.169, 60, 6229.986328
62.169, 60, 6230.431152
62.169, 60, 6230.876465
62.169, 60, 6231.321289
62.169, 60, 6231.766602
62.169, 60, 6232.211426
62.169, 60, 6232.656250
62.169, 60, 6233.101562
62.169, 60, 6233.546387
62.169, 60, 6233.991699
62.169, 60, 6234.436523
62.169, 60, 6234.881836
62.169, 60, 6235.326660
62.169, 60, 6235.771484
62.169, 60, 6236.216797
62.169, 60, 6236.661621
62.169, 60, 6237.106934
62.169, 60, 6237.551758
62.169, 60, 6237.997070
62.169, 60, 6238.441895
62.169, 60, 6238.886719
62.169, 60, 6239.332031
62.169, 60, 6239.776855
62.169, 60, 6240.222168
62.169, 60, 6240.666992
62.169, 60, 6241.111816
62.169, 60, 6241.557129
62.169, 60, 6242.001953
62.169, 60, 6242.447266
62.169, 60, 6242.892090
62.169, 60, 6243.337402
62.169, 60, 6243.782227
62.169, 60, 6244.227051
62.169, 60, 6244.672363
62.169, 60, 6245.117188
62.169, 60, 6245.562500
62.169, 60, 6246.007324
62.169, 60, 6246.452637
62.169, 60, 6246.897461
62.169, 60, 6247.342285
62.169, 60, 6247.787598
62.169, 60, 6248.232422
62.169, 60, 6248.677734
62.169, 60, 6249.122559
62.169, 60, 6249.567871
62.169, 60, 6250.012695
62.169, 60, 6250.457520
62.169, 60, 6250.902832
62.169, 60, 6251.347656
62.169, 60, 6251.792969
62.169, 60, 6252.237793
62.169, 60, 6252.682617
62.169, 60, 6253.127930
62.169, 60, 6253.572754
62.169, 60, 6254.018066
62.169, 60, 6254.462891
62.169, 60, 6254.908203
62.169, 60, 6255.353027
62.169, 60, 6255.797852
62.169, 60, 6256.243164
62.169, 60, 6256.687988
62.169, 60, 6257.133301
62.169, 60, 6257.578125
62.169, 60, 6258.023438
62.169, 60, 6258.468262
62.169, 60, 6258.913086
62.169, 60, 6259.358398
62.169, 60, 6259.803223
62.169, 60, 6260.248535
62.169, 60, 6260.693359
62.169, 60, 6261.138672
62.169, 60, 6261.583496
62.169, 60, 6262.028320
62.169, 60, 6262.473633
62.169, 60, 6262.918457
62.169, 60, 6263.363770
62.169, 60, 6263.808594
62.169, 60, 6264.253418
62.169, 60, 6264.698730
62.169, 60, 6265.143555
62.169, 60, 6265.588867
62.169, 60, 6266.033691
62.169, 60, 6266.479004
62.169, 60, 6266.923828
62.169, 60, 6267.368652
62.169, 60, 6267.813965
62.169, 60, 6268.258789
62.169, 60, 6268.704102
62.169, 60, 6269.148926
62.169, 60, 6269.594238
62.169, 60, 6270.039062
62.169, 60, 6270.483887
62.169, 60, 6270.929199
62.169, 60, 6271.374023
62.169, 60, 6271.819336
62.169, 60, 6272.264160
62.169, 60, 6272.709473
62.169, 60, 6273.154297
62.169, 60, 6273.599121
62.169, 60, 6274.044434
62.169, 60, 6274.489258
62.169, 60, 6274.934570
62.169, 60, 6275.379395
62.169, 60, 6275.824219
62.169, 60, 6276.269531
62.169, 60, 6276.714355
62.169, 60, 6277.159668
62.169, 60, 6277.604492
62.169, 60, 6278.049805
62.169, 60, 6278.494629
62.169, 60, 6278.939453
62.169, 60, 6279.384766
62.169, 60, 6279.829590
62.265, 60, 6280.274902
62.265, 60, 6280.719727
62.265, 60, 6281.165039
62.265, 60, 6281.609863
62.265, 60, 6282.054688
62.265, 60, 6282.500000
62.265, 60, 6282.944824
62.265, 60, 6283.390137
62.265, 60, 6283.834961
62.265, 60, 6284.280273
62.265, 60, 6284.725098
62.265, 60, 6285.169922
62.265, 60, 6285.615234
62.265, 60, 6286.060059
62.265, 60, 6286.505371
62.265, 60, 6286.950195
62.265, 60, 6287.395020
62.265, 60, 6287.840332
62.265, 60, 6288.285156
62.265, 60, 6288.730469
62.265, 60, 6289.175293
62.265, 60, 6289.620605
62.265, 60, 6290.065430
62.265, 60, 6290.510254
62.265, 60, 6290.955566
62.265, 60, 6291.400391
62.265, 60, 6291.845703
62.265, 60, 6292.290527
62.265, 60, 6292.735840
62.265, 60, 6293.180664
62.265, 60, 6293.625488
62.265, 60, 6294.070801
62.265, 60, 6294.515625
62.265, 60, 6294.960938
62.265, 60, 6295.405762
62.265, 60, 6295.851074
62.265, 60, 6296.295898
62.265, 60, 6296.740723
62.265, 60, 6297.186035
62.265, 60, 6297.630859
62.265, 60, 6298.076172
62.265, 60, 6298.520996
62.265, 60, 6298.965820
62.265, 60, 6299.411133
62.265, 60, 6299.855957
62.265, 60, 6300.301270
62.265, 60, 6300.746094
62.265, 60, 6301.191406
62.265, 60, 6301.636230
62.265, 60, 6302.081055
62.265, 60, 6302.526367
62.265, 60, 6302.971191
62.265, 60, 6303.416504
62.265, 60, 6303.861328
62.265, 60, 6304.306641
62.265, 60, 6304.751465
62.265, 60, 6305.196289
62.265, 60, 6305.641602
62.265, 60, 6306.086426
62.265, 60, 6306.531738
62.265, 60, 6306.976562
62.265, 60, 6307.421875
62.265, 60, 6307.866699
62.265, 60, 6308.311523
62.265, 60, 6308.756836
62.265, 60, 6309.201660
62.265, 60, 6309.646973
62.265, 60, 6310.091797
62.265, 60, 6310.536621
62.265, 60, 6310.981934
62.265, 60, 6311.426758
62.265, 60, 6311.872070
62.265, 60, 6312.316895
62.265, 60, 6312.762207
62.265, 60, 6313.207031
62.265, 60, 6313.651855
62.265, 60, 6314.097168
62.265, 60, 6314.541992
62.265, 60, 6314.987305
62.265, 60, 6315.432129
62.265, 60, 6315.877441
62.265, 60, 6316.322266
62.265, 60, 6316.767090
62.265, 60, 6317.212402
62.265, 60, 6317.657227
62.265, 60, 6318.102539
62.265, 60, 6318.547363
62.265, 60, 6318.992676
62.265, 60, 6319.437500
62.265, 60, 6319.882324
62.265, 60, 6320.327637
62.265, 60, 6320.772461
62.265, 60, 6321.217773
62.265, 60, 6321.662598
62.265, 60, 6322.107422
62.265, 60, 6322.552734
62.265, 60, 6322.997559
62.265, 60, 6323.442871
62.265, 60, 6323.887695
62.265, 60, 6324.333008
62.265, 60, 6324.777832
62.265, 60, 6325.222656
62.265, 60, 6325.667969
62.265, 60, 6326.112793
62.265, 60, 6326.558105
62.265, 60, 6327.002930
62.265, 60, 6327.448242
62.265, 60, 6327.893066
62.265, 60, 6328.337891
62.265, 60, 6328.783203
62.265, 60, 6329.228027
62.265, 60, 6329.673340
62.265, 60, 6330.118164
62.265, 60, 6330.563477
62.265, 60, 6331.008301
62.265, 60, 6331.453125
62.265, 60, 6331.898438
62.265, 60, 6332.343262
62.265, 60, 6332.788574
62.265, 60, 6333.233398
62.265, 60, 6333.678223
62.265, 60, 6334.123535
62.265, 60, 6334.568359
62.265, 60, 6335.013672
62.265, 60, 6335.458496
62.265, 60, 6335.903809
62.265, 60, 6336.348633
62.265, 60, 6336.793457
62.265, 60, 6337.238770
62.265, 60, 6337.683594
62.265, 60, 6338.128906
62.265, 60, 6338.573730
62.265, 60, 6339.019043
62.265, 60, 6339.463867
62.265, 60, 6339.908691
62.265, 60, 6340.354004
62.265, 60, 6340.798828
62.265, 60, 6341.244141
62.265, 60, 6341.688965
62.265, 60, 6342.134277
62.265, 60, 6342.579102
62.265, 60, 6343.023926
62.265, 60, 6343.469238
62.265, 60, 6343.914062
62.265, 60, 6344.359375
62.265, 60, 6344.804199
62.265, 60, 6345.249023
62.265, 60, 6345.694336
62.265, 60, 6346.139160
62.265, 60, 6346.584473
62.265, 60, 6347.029297
62.265, 60, 6347.474609
62.265, 60, 6347.919434
62.265, 60, 6348.364258
62.265, 60, 6348.809570
62.265, 60, 6349.254395
62.265, 60, 6349.699707
62.265, 60, 6350.144531
62.265, 60, 6350.589844
62.265, 60, 6351.034668
62.265, 60, 6351.479492
62.265, 60, 6351.924805
62.265, 60, 6352.369629
62.265, 60, 6352.814941
62.265, 60, 6353.259766
62.265, 60, 6353.705078
62.265, 60, 6354.149902
62.265, 60, 6354.594727
62.265, 60, 6355.040039
62.265, 60, 6355.484863
62.265, 60, 6355.930176
62.265, 60, 6356.375000
62.247, 60, 6356.819824
62.247, 60, 6357.265137
62.247, 60, 6357.709961
62.247, 60, 6358.155273
62.247, 60, 6358.600098
62.247, 60, 6359.045410
62.247, 60, 6359.490234
62.247, 60, 6359.935059
62.247, 60, 6360.380371
62.247, 60, 6360.825195
62.247, 60, 6361.270508
62.247, 60, 6361.715332
62.247, 60, 6362.160645
62.247, 60, 6362.605469
62.247, 60, 6363.050293
62.247, 60, 6363.495605
62.247, 60, 6363.940430
62.247, 60, 6364.385742
62.247, 60, 6364.830566
62.247, 60, 6365.275879
62.247, 60, 6365.720703
62.247, 60, 6366.165527
62.247, 60, 6366.610840
62.247, 60, 6367.055664
62.247, 60, 6367.500977
62.247, 60, 6367.945801
62.247, 60, 6368.390625
62.247, 60, 6368.835938
62.247, 60, 6369.280762
62.247, 60, 6369.726074
62.247, 60, 6370.170898
62.247, 60, 6370.616211
62.247, 60, 6371.061035
62.247, 60, 6371.505859
62.247, 60, 6371.951172
62.247, 60, 6372.395996
62.247, 60, 6372.841309
62.247, 60, 6373.286133
62.247, 60, 6373.731445
62.247, 60, 6374.176270
62.247, 60, 6374.621094
62.247, 60, 6375.066406
62.247, 60, 6375.511230
62.247, 60, 6375.956543
62.247, 60, 6376.401367
62.247, 60, 6376.846680
62.247, 60, 6377.291504
62.247, 60, 6377.736328
62.247, 60, 6378.181641
62.247, 60, 6378.626465
62.247, 60, 6379.071777
62.247, 60, 6379.516602
62.247, 60, 6379.961914
62.247, 60, 6380.406738
62.247, 60, 6380.851562
62.247, 60, 6381.296875
62.247, 60, 6381.741699
62.247, 60, 6382.187012
62.247, 60, 6382.631836
62.247, 60, 6383.076660
62.247, 60, 6383.521973
62.247, 60, 6383.966797
62.247, 60, 6384.412109
62.247, 60, 6384.856934
62.247, 60, 6385.302246
62.247, 60, 6385.747070
62.247, 60, 6386.191895
62.247, 60, 6386.637207
62.247, 60, 6387.082031
62.342, 60, 6387.527344
62.342, 60, 6387.972168
62.342, 60, 6388.417480
62.342, 60, 6388.862305
62.342, 60, 6389.307129
62.342, 60, 6389.752441
62.342, 60, 6390.197266
62.342, 60, 6390.642578
62.342, 60, 6391.087402
62.342, 60, 6391.532715
62.342, 60, 6391.977539
62.342, 60, 6392.422363
62.342, 60, 6392.867676
62.342, 60, 6393.312500
62.342, 60, 6393.757812
62.342, 60, 6394.202637
62.342, 60, 6394.647461
62.342, 60, 6395.092773
62.342, 60, 6395.537598
62.342, 60, 6395.982910
62.342, 60, 6396.427734
62.342, 60, 6396.873047
62.342, 60, 6397.317871
62.342, 60, 6397.762695
62.342, 60, 6398.208008
62.342, 60, 6398.652832
62.342, 60, 6399.098145
62.342, 60, 6399.542969
62.342, 60, 6399.988281
62.342, 60, 6400.433105
62.342, 60, 6400.877930
62.342, 60, 6401.323242
62.342, 60, 6401.768066
62.342, 60, 6402.213379
62.342, 60, 6402.658203
62.342, 60, 6403.103516
62.342, 60, 6403.548340
62.342, 60, 6403.993164
62.342, 60, 6404.438477
62.342, 60, 6404.883301
62.342, 60, 6405.328613
62.342, 60, 6405.773438
62.342, 60, 6406.218262
62.342, 60, 6406.663574
62.342, 60, 6407.108398
62.342, 60, 6407.553711
62.342, 60, 6407.998535
62.342, 60, 6408.443848
62.342, 60, 6408.888672
62.342, 60, 6409.333496
62.342, 60, 6409.778809
62.342, 60, 6410.223633
62.342, 60, 6410.668945
62.342, 60, 6411.113770
62.342, 60, 6411.559082
62.342, 60, 6412.003906
62.342, 60, 6412.448730
62.342, 60, 6412.894043
62.342, 60, 6413.338867
62.342, 60, 6413.784180
62.342, 60, 6414.229004
62.342, 60, 6414.674316
62.342, 60, 6415.119141
62.342, 60, 6415.563965
62.342, 60, 6416.009277
62.342, 60, 6416.454102
62.342, 60, 6416.899414
62.342, 60, 6417.344238
62.342, 60, 6417.789062
62.342, 60, 6418.234375
62.342, 60, 6418.679199
62.342, 60, 6419.124512
62.342, 60, 6419.569336
62.342, 60, 6420.014648
62.342, 60, 6420.459473
62.342, 60, 6420.904297
62.342, 60, 6421.349609
62.342, 60, 6421.794434
62.342, 60, 6422.239746
62.342, 60, 6422.684570
62.342, 60, 6423.129883
62.342, 60, 6423.574707
62.342, 60, 6424.019531
62.342, 60, 6424.464844
62.342, 60, 6424.909668
62.342, 60, 6425.354980
62.342, 60, 6425.799805
62.342, 60, 6426.245117
62.342, 60, 6426.689941
62.342, 60, 6427.134766
62.342, 60, 6427.580078
62.342, 60, 6428.024902
62.342, 60, 6428.470215
62.342, 60, 6428.915039
62.342, 60, 6429.359863
62.342, 60, 6429.805176
62.342, 60, 6430.250000
62.342, 60, 6430.695312
62.342, 60, 6431.140137
62.342, 60, 6431.585449
62.342, 60, 6432.030273
62.342, 60, 6432.475098
62.342, 60, 6432.920410
62.342, 60, 6433.365234
62.436, 60, 6433.810547
62.436, 60, 6434.255371
62.436, 60, 6434.700684
62.436, 60, 6435.145508
62.436, 60, 6435.590332
62.436, 60, 6436.035645
62.436, 60, 6436.480469
62.436, 60, 6436.925781
62.436, 60, 6437.370605
62.436, 60, 6437.815918
62.436, 60, 6438.260742
62.436, 60, 6438.705566
62.436, 60, 6439.150879
62.436, 60, 6439.595703
62.436, 60, 6440.041016
62.436, 60, 6440.485840
62.436, 60, 6440.930664
62.436, 60, 6441.375977
62.436, 60, 6441.820801
62.436, 60, 6442.266113
62.436, 60, 6442.710938
62.436, 60, 6443.156250
62.436, 60, 6443.601074
62.436, 60, 6444.045898
62.436, 60, 6444.491211
62.436, 60, 6444.936035
62.436, 60, 6445.381348
62.436, 60, 6445.826172
62.436, 60, 6446.271484
62.436, 60, 6446.716309
62.436, 60, 6447.161133
62.436, 60, 6447.606445
62.436, 60, 6448.051270
62.436, 60, 6448.496582
62.436, 60, 6448.941406
62.247, 60, 6449.386719
62.247, 60, 6449.831543
62.247, 60, 6450.276367
62.247, 60, 6450.721680
62.247, 60, 6451.166504
62.247, 60, 6451.611816
62.247, 60, 6452.056641
62.247, 60, 6452.501465
62.247, 60, 6452.946777
62.247, 60, 6453.391602
62.247, 60, 6453.836914
62.247, 60, 6454.281738
62.247, 60, 6454.727051
62.247, 60, 6455.171875
62.247, 60, 6455.616699
62.247, 60, 6456.062012
62.247, 60, 6456.506836
62.247, 60, 6456.952148
62.247, 60, 6457.396973
62.247, 60, 6457.842285
62.247, 60, 6458.287109
62.247, 60, 6458.731934
62.247, 60, 6459.177246
62.247, 60, 6459.622070
62.247, 60, 6460.067383
62.247, 60, 6460.512207
62.247, 60, 6460.957520
62.247, 60, 6461.402344
62.247, 60, 6461.847168
62.247, 60, 6462.292480
62.247, 60, 6462.737305
62.247, 60, 6463.182617
62.247, 60, 6463.627441
62.247, 60, 6464.072266
62.247, 60, 6464.517578
62.151, 60, 6464.962402
62.151, 60, 6465.407715
62.151, 60, 6465.852539
62.151, 60, 6466.297852
62.151, 60, 6466.742676
62.151, 60, 6467.187500
62.151, 60, 6467.632812
62.151, 60, 6468.077637
62.151, 60, 6468.522949
62.151, 60, 6468.967773
62.151, 60, 6469.413086
62.151, 60, 6469.857910
62.151, 60, 6470.302734
62.151, 60, 6470.748047
62.151, 60, 6471.192871
62.151, 60, 6471.638184
62.151, 60, 6472.083008
62.151, 60, 6472.528320
62.151, 60, 6472.973145
62.151, 60, 6473.417969
62.151, 60, 6473.863281
62.151, 60, 6474.308105
62.151, 60, 6474.753418
62.151, 60, 6475.198242
62.151, 60, 6475.643066
62.151, 60, 6476.088379
62.151, 60, 6476.533203
62.151, 60, 6476.978516
62.151, 60, 6477.423340
62.151, 60, 6477.868652
62.151, 60, 6478.313477
62.151, 60, 6478.758301
62.151, 60, 6479.203613
62.151, 60, 6479.648438
62.151, 60, 6480.093750
61.979, 60, 6480.538574
61.979, 60, 6480.983887
61.979, 60, 6481.428711
61.979, 60, 6481.873535
61.979, 60, 6482.318848
61.979, 60, 6482.763672
61.979, 60, 6483.208984
61.979, 60, 6483.653809
61.979, 60, 6484.099121
61.979, 60, 6484.543945
61.979, 60, 6484.988770
61.979, 60, 6485.434082
61.979, 60, 6485.878906
61.979, 60, 6486.324219
61.979, 60, 6486.769043
61.979, 60, 6487.213867
61.979, 60, 6487.659180
61.979, 60, 6488.104004
61.979, 60, 6488.549316
61.979, 60, 6488.994141
61.979, 60, 6489.439453
61.979, 60, 6489.884277
61.979, 60, 6490.329102
61.979, 60, 6490.774414
61.979, 60, 6491.219238
61.979, 60, 6491.664551
61.979, 60, 6492.109375
61.979, 60, 6492.554688
61.979, 60, 6492.999512
61.979, 60, 6493.444336
61.979, 60, 6493.889648
61.979, 60, 6494.334473
61.979, 60, 6494.779785
61.979, 60, 6495.224609
61.979, 60, 6495.669922
61.979, 60, 6496.114746
61.979, 60, 6496.559570
61.979, 60, 6497.004883
61.979, 60, 6497.449707
61.979, 60, 6497.895020
61.979, 60, 6498.339844
61.979, 60, 6498.784668
61.979, 60, 6499.229980
61.979, 60, 6499.674805
61.979, 60, 6500.120117
61.979, 60, 6500.564941
61.979, 60, 6501.010254
61.979, 60, 6501.455078
61.979, 60, 6501.899902
61.979, 60, 6502.345215
61.979, 60, 6502.790039
61.979, 60, 6503.235352
61.979, 60, 6503.680176
61.979, 60, 6504.125488
61.979, 60, 6504.570312
61.979, 60, 6505.015137
61.979, 60, 6505.460449
61.979, 60, 6505.905273
61.979, 60, 6506.350586
61.979, 60, 6506.795410
61.979, 60, 6507.240723
61.979, 60, 6507.685547
61.979, 60, 6508.130371
61.979, 60, 6508.575684
61.979, 60, 6509.020508
61.979, 60, 6509.465820
61.979, 60, 6509.910645
61.979, 60, 6510.355469
61.979, 60, 6510.800781
61.979, 60, 6511.245605
61.979, 60, 6511.690918
61.979, 60, 6512.135742
61.979, 60, 6512.581055
61.979, 60, 6513.025879
61.979, 60, 6513.470703
61.979, 60, 6513.916016
61.979, 60, 6514.360840
61.979, 60, 6514.806152
61.979, 60, 6515.250977
61.979, 60, 6515.696289
61.979, 60, 6516.141113
61.979, 60, 6516.585938
61.979, 60, 6517.031250
61.979, 60, 6517.476074
61.979, 60, 6517.921387
61.979, 60, 6518.366211
61.979, 60, 6518.811523
61.979, 60, 6519.256348
61.979, 60, 6519.701172
61.979, 60, 6520.146484
61.979, 60, 6520.591309
61.979, 60, 6521.036621
61.979, 60, 6521.481445
61.979, 60, 6521.926270
61.979, 60, 6522.371582
61.979, 60, 6522.816406
61.979, 60, 6523.261719
61.979, 60, 6523.706543
61.979, 60, 6524.151855
61.979, 60, 6524.596680
61.979, 60, 6525.041504
61.979, 60, 6525.486816
61.979, 60, 6525.931641
61.979, 60, 6526.376953
61.979, 60, 6526.821777
61.979, 60, 6527.267090
61.979, 60, 6527.711914
61.979, 60, 6528.156738
61.979, 60, 6528.602051
61.979, 60, 6529.046875
61.979, 60, 6529.492188
61.979, 60, 6529.937012
61.979, 60, 6530.382324
61.979, 60, 6530.827148
61.979, 60, 6531.271973
61.979, 60, 6531.717285
61.979, 60, 6532.162109
61.979, 60, 6532.607422
61.979, 60, 6533.052246
61.979, 60, 6533.497070
61.979, 60, 6533.942383
61.979, 60, 6534.387207
61.979, 60, 6534.832520
61.979, 60, 6535.277344
61.979, 60, 6535.722656
61.979, 60, 6536.167480
61.979, 60, 6536.612305
61.979, 60, 6537.057617
61.979, 60, 6537.502441
61.979, 60, 6537.947754
61.979, 60, 6538.392578
61.979, 60, 6538.837891
61.979, 60, 6539.282715
61.979, 60, 6539.727539
61.979, 60, 6540.172852
61.979, 60, 6540.617676
61.979, 60, 6541.062988
61.979, 60, 6541.507812
61.979, 60, 6541.953125
61.979, 60, 6542.397949
61.884, 60, 6542.842773
61.884, 60, 6543.288086
61.884, 60, 6543.732910
61.884, 60, 6544.178223
61.884, 60, 6544.623047
61.884, 60, 6545.067871
61.884, 60, 6545.513184
61.884, 60, 6545.958008
61.884, 60, 6546.403320
61.884, 60, 6546.848145
61.884, 60, 6547.293457
61.884, 60, 6547.738281
61.884, 60, 6548.183105
61.884, 60, 6548.628418
61.884, 60, 6549.073242
61.884, 60, 6549.518555
61.884, 60, 6549.963379
61.884, 60, 6550.408691
61.884, 60, 6550.853516
61.884, 60, 6551.298340
61.884, 60, 6551.743652
61.884, 60, 6552.188477
61.884, 60, 6552.633789
61.884, 60, 6553.078613
61.884, 60, 6553.523926
61.884, 60, 6553.968750
61.884, 60, 6554.413574
61.884, 60, 6554.858887
61.884, 60, 6555.303711
61.884, 60, 6555.749023
61.884, 60, 6556.193848
61.884, 60, 6556.638672
61.884, 60, 6557.083984
61.884, 60, 6557.528809
61.884, 60, 6557.974121
61.884, 60, 6558.418945
61.884, 60, 6558.864258
61.884, 60, 6559.309082
61.884, 60, 6559.753906
61.884, 60, 6560.199219
61.884, 60, 6560.644043
61.884, 60, 6561.089355
61.884, 60, 6561.534180
61.884, 60, 6561.979492
61.884, 60, 6562.424316
61.884, 60, 6562.869141
61.884, 60, 6563.314453
61.884, 60, 6563.759277
61.884, 60, 6564.204590
61.884, 60, 6564.649414
61.884, 60, 6565.094727
61.884, 60, 6565.539551
61.884, 60, 6565.984375
61.884, 60, 6566.429688
61.884, 60, 6566.874512
61.884, 60, 6567.319824
61.884, 60, 6567.764648
61.884, 60, 6568.209473
61.884, 60, 6568.654785
61.884, 60, 6569.099609
61.884, 60, 6569.544922
61.884, 60, 6569.989746
61.884, 60, 6570.435059
61.884, 60, 6570.879883
61.884, 60, 6571.324707
61.884, 60, 6571.770020
61.884, 60, 6572.214844
61.884, 60, 6572.660156
61.884, 60, 6573.104980
61.979, 60, 6573.550293
61.979, 60, 6573.995117
61.979, 60, 6574.439941
61.979, 60, 6574.885254
61.979, 60, 6575.330078
61.979, 60, 6575.775391
61.979, 60, 6576.220215
61.979, 60, 6576.665527
61.979, 60, 6577.110352
61.979, 60, 6577.555176
61.979, 60, 6578.000488
61.979, 60, 6578.445312
61.979, 60, 6578.890625
61.979, 60, 6579.335449
61.979, 60, 6579.780273
61.979, 60, 6580.225586
61.979, 60, 6580.670410
61.979, 60, 6581.115723
61.979, 60, 6581.560547
61.979, 60, 6582.005859
61.979, 60, 6582.450684
61.979, 60, 6582.895508
61.979, 60, 6583.340820
61.979, 60, 6583.785645
61.979, 60, 6584.230957
61.979, 60, 6584.675781
61.979, 60, 6585.121094
61.979, 60, 6585.565918
61.979, 60, 6586.010742
61.979, 60, 6586.456055
61.979, 60, 6586.900879
61.979, 60, 6587.346191
61.979, 60, 6587.791016
61.979, 60, 6588.236328
61.979, 60, 6588.681152
61.979, 60, 6589.125977
61.979, 60, 6589.571289
61.979, 60, 6590.016113
61.979, 60, 6590.461426
61.979, 60, 6590.906250
61.979, 60, 6591.351074
61.979, 60, 6591.796387
61.979, 60, 6592.241211
61.979, 60, 6592.686523
61.979, 60, 6593.131348
61.979, 60, 6593.576660
61.979, 60, 6594.021484
61.979, 60, 6594.466309
61.979, 60, 6594.911621
61.979, 60, 6595.356445
61.979, 60, 6595.801758
61.979, 60, 6596.246582
61.979, 60, 6596.691895
61.979, 60, 6597.136719
61.979, 60, 6597.581543
61.979, 60, 6598.026855
61.979, 60, 6598.471680
61.979, 60, 6598.916992
61.979, 60, 6599.361816
61.979, 60, 6599.807129
61.979, 60, 6600.251953
61.979, 60, 6600.696777
61.979, 60, 6601.142090
61.979, 60, 6601.586914
61.979, 60, 6602.032227
61.979, 60, 6602.477051
61.979, 60, 6602.921875
61.979, 60, 6603.367188
61.979, 60, 6603.812012
61.979, 60, 6604.257324
62.074, 60, 6604.702148
62.074, 60, 6605.147461
62.074, 60, 6605.592285
62.074, 60, 6606.037109
62.074, 60, 6606.482422
62.074, 60, 6606.927246
62.074, 60, 6607.372559
62.074, 60, 6607.817383
62.074, 60, 6608.262695
62.074, 60, 6608.707520
62.074, 60, 6609.152344
62.074, 60, 6609.597656
62.074, 60, 6610.042480
62.074, 60, 6610.487793
62.074, 60, 6610.932617
62.074, 60, 6611.377930
62.074, 60, 6611.822754
62.074, 60, 6612.267578
62.074, 60, 6612.712891
62.074, 60, 6613.157715
62.074, 60, 6613.603027
62.074, 60, 6614.047852
62.074, 60, 6614.492676
62.074, 60, 6614.937988
62.074, 60, 6615.382812
62.074, 60, 6615.828125
62.074, 60, 6616.272949
62.074, 60, 6616.718262
62.074, 60, 6617.163086
62.074, 60, 6617.607910
62.074, 60, 6618.053223
62.074, 60, 6618.498047
62.074, 60, 6618.943359
62.074, 60, 6619.388184
62.074, 60, 6619.833496
62.074, 60, 6620.278320
62.074, 60, 6620.723145
62.074, 60, 6621.168457
62.074, 60, 6621.613281
62.074, 60, 6622.058594
62.074, 60, 6622.503418
62.074, 60, 6622.948730
62.074, 60, 6623.393555
62.074, 60, 6623.838379
62.074, 60, 6624.283691
62.074, 60, 6624.728516
62.074, 60, 6625.173828
62.074, 60, 6625.618652
62.074, 60, 6626.063477
62.074, 60, 6626.508789
62.074, 60, 6626.953613
62.074, 60, 6627.398926
62.074, 60, 6627.843750
62.074, 60, 6628.289062
62.074, 60, 6628.733887
62.074, 60, 6629.178711
62.074, 60, 6629.624023
62.074, 60, 6630.068848
62.074, 60, 6630.514160
62.074, 60, 6630.958984
62.074, 60, 6631.404297
62.074, 60, 6631.849121
62.074, 60, 6632.293945
62.074, 60, 6632.739258
62.074, 60, 6633.184082
62.074, 60, 6633.629395
62.074, 60, 6634.074219
62.074, 60, 6634.519531
62.074, 60, 6634.964355
61.979, 60, 6635.409180
61.979, 60, 6635.854492
61.979, 60, 6636.299316
61.979, 60, 6636.744629
61.979, 60, 6637.189453
61.979, 60, 6637.634277
61.979, 60, 6638.079590
61.979, 60, 6638.524414
61.979, 60, 6638.969727
61.979, 60, 6639.414551
61.979, 60, 6639.859863
61.979, 60, 6640.304688
61.979, 60, 6640.749512
61.979, 60, 6641.194824
61.979, 60, 6641.639648
61.979, 60, 6642.084961
61.979, 60, 6642.529785
61.979, 60, 6642.975098
61.979, 60, 6643.419922
61.979, 60, 6643.864746
61.979, 60, 6644.310059
61.979, 60, 6644.754883
61.979, 60, 6645.200195
61.979, 60, 6645.645020
61.979, 60, 6646.090332
61.979, 60, 6646.535156
61.979, 60, 6646.979980
61.979, 60, 6647.425293
61.979, 60, 6647.870117
61.979, 60, 6648.315430
61.979, 60, 6648.760254
61.979, 60, 6649.205078
61.979, 60, 6649.650391
61.979, 60, 6650.095215
61.979, 60, 6650.540527
61.979, 60, 6650.985352
61.979, 60, 6651.430664
61.979, 60, 6651.875488
61.979, 60, 6652.320312
61.979, 60, 6652.765625
61.979, 60, 6653.210449
61.979, 60, 6653.655762
61.979, 60, 6654.100586
61.979, 60, 6654.545898
61.979, 60, 6654.990723
61.979, 60, 6655.435547
61.979, 60, 6655.880859
61.979, 60, 6656.325684
61.979, 60, 6656.770996
61.979, 60, 6657.215820
61.979, 60, 6657.661133
61.979, 60, 6658.105957
61.979, 60, 6658.550781
61.979, 60, 6658.996094
61.979, 60, 6659.440918
61.979, 60, 6659.886230
61.979, 60, 6660.331055
61.979, 60, 6660.775879
61.979, 60, 6661.221191
61.979, 60, 6661.666016
61.979, 60, 6662.111328
61.979, 60, 6662.556152
61.979, 60, 6663.001465
61.979, 60, 6663.446289
61.979, 60, 6663.891113
61.979, 60, 6664.336426
61.979, 60, 6664.781250
61.979, 60, 6665.226562
61.979, 60, 6665.671387
61.979, 60, 6666.116699
61.979, 60, 6666.561523
61.979, 60, 6667.006348
61.979, 60, 6667.451660
61.979, 60, 6667.896484
61.979, 60, 6668.341797
61.979, 60, 6668.786621
61.979, 60, 6669.231934
61.979, 60, 6669.676758
61.979, 60, 6670.121582
61.979, 60, 6670.566895
61.979, 60, 6671.011719
61.979, 60, 6671.457031
61.979, 60, 6671.901855
61.979, 60, 6672.346680
61.979, 60, 6672.791992
61.979, 60, 6673.236816
61.979, 60, 6673.682129
61.979, 60, 6674.126953
61.979, 60, 6674.572266
61.979, 60, 6675.017090
61.979, 60, 6675.461914
61.979, 60, 6675.907227
61.979, 60, 6676.352051
61.979, 60, 6676.797363
61.979, 60, 6677.242188
61.979, 60, 6677.687500
61.979, 60, 6678.132324
61.979, 60, 6678.577148
61.979, 60, 6679.022461
61.979, 60, 6679.467285
61.979, 60, 6679.912598
61.979, 60, 6680.357422
62.074, 60, 6680.802734
62.074, 60, 6681.247559
62.074, 60, 6681.692383
62.074, 60, 6682.137695
62.074, 60, 6682.582520
62.074, 60, 6683.027832
62.074, 60, 6683.472656
62.074, 60, 6683.917480
62.074, 60, 6684.362793
62.074, 60, 6684.807617
62.074, 60, 6685.252930
62.074, 60, 6685.697754
62.074, 60, 6686.143066
62.074, 60, 6686.587891
62.074, 60, 6687.032715
62.074, 60, 6687.478027
62.074, 60, 6687.922852
62.074, 60, 6688.368164
62.074, 60, 6688.812988
62.074, 60, 6689.258301
62.074, 60, 6689.703125
62.074, 60, 6690.147949
62.074, 60, 6690.593262
62.074, 60, 6691.038086
62.074, 60, 6691.483398
62.074, 60, 6691.928223
62.074, 60, 6692.373535
62.074, 60, 6692.818359
62.074, 60, 6693.263184
62.074, 60, 6693.708496
62.074, 60, 6694.153320
62.074, 60, 6694.598633
62.074, 60, 6695.043457
62.074, 60, 6695.488281
62.074, 60, 6695.933594
62.169, 60, 6696.378418
62.169, 60, 6696.823730
62.169, 60, 6697.268555
62.169, 60, 6697.713867
62.169, 60, 6698.158691
62.169, 60, 6698.603516
62.169, 60, 6699.048828
62.169, 60, 6699.493652
62.169, 60, 6699.938965
62.169, 60, 6700.383789
62.169, 60, 6700.829102
62.169, 60, 6701.273926
62.169, 60, 6701.718750
62.169, 60, 6702.164062
62.169, 60, 6702.608887
62.169, 60, 6703.054199
62.169, 60, 6703.499023
62.169, 60, 6703.944336
62.169, 60, 6704.389160
62.169, 60, 6704.833984
62.169, 60, 6705.279297
62.169, 60, 6705.724121
62.169, 60, 6706.169434
62.169, 60, 6706.614258
62.169, 60, 6707.059082
62.169, 60, 6707.504395
62.169, 60, 6707.949219
62.169, 60, 6708.394531
62.169, 60, 6708.839355
62.169, 60, 6709.284668
62.169, 60, 6709.729492
62.169, 60, 6710.174316
62.169, 60, 6710.619629
62.169, 60, 6711.064453
62.169, 60, 6711.509766
62.169, 60, 6711.954590
62.169, 60, 6712.399902
62.169, 60, 6712.844727
62.169, 60, 6713.289551
62.169, 60, 6713.734863
62.169, 60, 6714.179688
62.169, 60, 6714.625000
62.169, 60, 6715.069824
62.169, 60, 6715.515137
62.169, 60, 6715.959961
62.169, 60, 6716.404785
62.169, 60, 6716.850098
62.169, 60, 6717.294922
62.169, 60, 6717.740234
62.169, 60, 6718.185059
62.169, 60, 6718.629883
62.169, 60, 6719.075195
62.169, 60, 6719.520020
62.169, 60, 6719.965332
62.169, 60, 6720.410156
62.169, 60, 6720.855469
62.169, 60, 6721.300293
62.169, 60, 6721.745117
62.169, 60, 6722.190430
62.169, 60, 6722.635254
62.169, 60, 6723.080566
62.169, 60, 6723.525391
62.169, 60, 6723.970703
62.169, 60, 6724.415527
62.169, 60, 6724.860352
62.169, 60, 6725.305664
62.169, 60, 6725.750488
62.169, 60, 6726.195801
62.169, 60, 6726.640625
62.169, 60, 6727.085938
62.169, 60, 6727.530762
62.169, 60, 6727.975586
62.169, 60, 6728.420898
62.169, 60, 6728.865723
62.169, 60, 6729.311035
62.169, 60, 6729.755859
62.169, 60, 6730.200684
62.169, 60, 6730.645996
62.169, 60, 6731.090820
62.169, 60, 6731.536133
62.169, 60, 6731.980957
62.169, 60, 6732.426270
62.169, 60, 6732.871094
62.169, 60, 6733.315918
62.169, 60, 6733.761230
62.169, 60, 6734.206055
62.169, 60, 6734.651367
62.169, 60, 6735.096191
62.169, 60, 6735.541504
62.169, 60, 6735.986328
62.169, 60, 6736.431152
62.169, 60, 6736.876465
62.169, 60, 6737.321289
62.169, 60, 6737.766602
62.169, 60, 6738.211426
62.169, 60, 6738.656738
62.169, 60, 6739.101562
62.169, 60, 6739.546387
62.169, 60, 6739.991699
62.169, 60, 6740.436523
62.169, 60, 6740.881836
62.169, 60, 6741.326660
62.169, 60, 6741.771484
62.169, 60, 6742.216797
62.151, 60, 6742.661621
62.151, 60, 6743.106934
62.151, 60, 6743.551758
62.151, 60, 6743.997070
62.151, 60, 6744.441895
62.151, 60, 6744.886719
62.151, 60, 6745.332031
62.151, 60, 6745.776855
62.151, 60, 6746.222168
62.151, 60, 6746.666992
62.151, 60, 6747.112305
62.151, 60, 6747.557129
62.151, 60, 6748.001953
62.151, 60, 6748.447266
62.151, 60, 6748.892090
62.151, 60, 6749.337402
62.151, 60, 6749.782227
62.151, 60, 6750.227539
62.151, 60, 6750.672363
62.151, 60, 6751.117188
62.151, 60, 6751.562500
62.151, 60, 6752.007324
62.151, 60, 6752.452637
62.151, 60, 6752.897461
62.151, 60, 6753.342285
62.151, 60, 6753.787598
62.151, 60, 6754.232422
62.151, 60, 6754.677734
62.151, 60, 6755.122559
62.151, 60, 6755.567871
62.151, 60, 6756.012695
62.151, 60, 6756.457520
62.151, 60, 6756.902832
62.151, 60, 6757.347656
62.151, 60, 6757.792969
62.151, 60, 6758.237793
62.151, 60, 6758.683105
62.151, 60, 6759.127930
62.151, 60, 6759.572754
62.151, 60, 6760.018066
62.151, 60, 6760.462891
62.151, 60, 6760.908203
62.151, 60, 6761.353027
62.151, 60, 6761.798340
62.151, 60, 6762.243164
62.151, 60, 6762.687988
62.151, 60, 6763.133301
62.151, 60, 6763.578125
62.151, 60, 6764.023438
62.151, 60, 6764.468262
62.151, 60, 6764.913086
62.151, 60, 6765.358398
62.151, 60, 6765.803223
62.151, 60, 6766.248535
62.151, 60, 6766.693359
62.151, 60, 6767.138672
62.151, 60, 6767.583496
62.151, 60, 6768.028320
62.151, 60, 6768.473633
62.151, 60, 6768.918457
62.151, 60, 6769.363770
62.151, 60, 6769.808594
62.151, 60, 6770.253906
62.151, 60, 6770.698730
62.151, 60, 6771.143555
62.151, 60, 6771.588867
62.151, 60, 6772.033691
62.151, 60, 6772.479004
62.151, 60, 6772.923828
62.247, 60, 6773.369141
62.247, 60, 6773.813965
62.247, 60, 6774.258789
62.247, 60, 6774.704102
62.247, 60, 6775.148926
62.247, 60, 6775.594238
62.247, 60, 6776.039062
62.247, 60, 6776.483887
62.247, 60, 6776.929199
62.247, 60, 6777.374023
62.247, 60, 6777.819336
62.247, 60, 6778.264160
62.247, 60, 6778.709473
62.247, 60, 6779.154297
62.247, 60, 6779.599121
62.247, 60, 6780.044434
62.247, 60, 6780.489258
62.247, 60, 6780.934570
62.247, 60, 6781.379395
62.247, 60, 6781.824707
62.247, 60, 6782.269531
62.247, 60, 6782.714355
62.247, 60, 6783.159668
62.247, 60, 6783.604492
62.247, 60, 6784.049805
62.247, 60, 6784.494629
62.247, 60, 6784.939941
62.247, 60, 6785.384766
62.247, 60, 6785.829590
62.247, 60, 6786.274902
62.247, 60, 6786.719727
62.247, 60, 6787.165039
62.247, 60, 6787.609863
62.247, 60, 6788.054688
62.247, 60, 6788.500000
62.247, 60, 6788.944824
62.247, 60, 6789.390137
62.247, 60, 6789.834961
62.247, 60, 6790.280273
62.247, 60, 6790.725098
62.247, 60, 6791.169922
62.247, 60, 6791.615234
62.247, 60, 6792.060059
62.247, 60, 6792.505371
62.247, 60, 6792.950195
62.247, 60, 6793.395508
62.247, 60, 6793.840332
62.247, 60, 6794.285156
62.247, 60, 6794.730469
62.247, 60, 6795.175293
62.247, 60, 6795.620605
62.247, 60, 6796.065430
62.247, 60, 6796.510742
62.247, 60, 6796.955566
62.247, 60, 6797.400391
62.247, 60, 6797.845703
62.247, 60, 6798.290527
62.247, 60, 6798.735840
62.247, 60, 6799.180664
62.247, 60, 6799.625488
62.247, 60, 6800.070801
62.247, 60, 6800.515625
62.247, 60, 6800.960938
62.247, 60, 6801.405762
62.247, 60, 6801.851074
62.247, 60, 6802.295898
62.247, 60, 6802.740723
62.247, 60, 6803.186035
62.247, 60, 6803.630859
62.247, 60, 6804.076172
62.151, 60, 6804.520996
62.151, 60, 6804.966309
62.151, 60, 6805.411133
62.151, 60, 6805.855957
62.151, 60, 6806.301270
62.151, 60, 6806.746094
62.151, 60, 6807.191406
62.151, 60, 6807.636230
62.151, 60, 6808.081543
62.151, 60, 6808.526367
62.151, 60, 6808.971191
62.151, 60, 6809.416504
62.151, 60, 6809.861328
62.151, 60, 6810.306641
62.151, 60, 6810.751465
62.151, 60, 6811.196289
62.151, 60, 6811.641602
62.151, 60, 6812.086426
62.151, 60, 6812.531738
62.151, 60, 6812.976562
62.151, 60, 6813.421875
62.151, 60, 6813.866699
62.151, 60, 6814.311523
62.151, 60, 6814.756836
62.151, 60, 6815.201660
62.151, 60, 6815.646973
62.151, 60, 6816.091797
62.151, 60, 6816.537109
62.151, 60, 6816.981934
62.151, 60, 6817.426758
62.151, 60, 6817.872070
62.151, 60, 6818.316895
62.151, 60, 6818.762207
62.151, 60, 6819.207031
62.151, 60, 6819.652344
62.151, 60, 6820.097168
62.151, 60, 6820.541992
62.151, 60, 6820.987305
62.151, 60, 6821.432129
62.151, 60, 6821.877441
62.151, 60, 6822.322266
62.151, 60, 6822.767090
62.151, 60, 6823.212402
62.151, 60, 6823.657227
62.151, 60, 6824.102539
62.151, 60, 6824.547363
62.151, 60, 6824.992676
62.151, 60, 6825.437500
62.151, 60, 6825.882324
62.151, 60, 6826.327637
62.151, 60, 6826.772461
62.151, 60, 6827.217773
62.151, 60, 6827.662598
62.151, 60, 6828.107910
62.151, 60, 6828.552734
62.151, 60, 6828.997559
62.151, 60, 6829.442871
62.151, 60, 6829.887695
62.151, 60, 6830.333008
62.151, 60, 6830.777832
62.151, 60, 6831.223145
62.151, 60, 6831.667969
62.151, 60, 6832.112793
62.151, 60, 6832.558105
62.151, 60, 6833.002930
62.151, 60, 6833.448242
62.151, 60, 6833.893066
62.151, 60, 6834.337891
62.151, 60, 6834.783203
62.151, 60, 6835.228027
62.151, 60, 6835.673340
62.151, 60, 6836.118164
62.151, 60, 6836.563477
62.151, 60, 6837.008301
62.151, 60, 6837.453125
62.151, 60, 6837.898438
62.151, 60, 6838.343262
62.151, 60, 6838.788574
62.151, 60, 6839.233398
62.151, 60, 6839.678711
62.151, 60, 6840.123535
62.151, 60, 6840.568359
62.151, 60, 6841.013672
62.151, 60, 6841.458496
62.151, 60, 6841.903809
62.151, 60, 6842.348633
62.151, 60, 6842.793945
62.151, 60, 6843.238770
62.151, 60, 6843.683594
62.151, 60, 6844.128906
62.151, 60, 6844.573730
62.151, 60, 6845.019043
62.151, 60, 6845.463867
62.151, 60, 6845.908691
62.151, 60, 6846.354004
62.151, 60, 6846.798828
62.151, 60, 6847.244141
62.151, 60, 6847.688965
62.151, 60, 6848.134277
62.151, 60, 6848.579102
62.151, 60, 6849.023926
62.151, 60, 6849.469238
62.169, 60, 6849.914062
62.169, 60, 6850.359375
62.169, 60, 6850.804199
62.169, 60, 6851.249512
62.169, 60, 6851.694336
62.169, 60, 6852.139160
62.169, 60, 6852.584473
62.169, 60, 6853.029297
62.169, 60, 6853.474609
62.169, 60, 6853.919434
62.169, 60, 6854.364746
62.169, 60, 6854.809570
62.169, 60, 6855.254395
62.169, 60, 6855.699707
62.169, 60, 6856.144531
62.169, 60, 6856.589844
62.169, 60, 6857.034668
62.169, 60, 6857.479492
62.169, 60, 6857.924805
62.169, 60, 6858.369629
62.169, 60, 6858.814941
62.169, 60, 6859.259766
62.169, 60, 6859.705078
62.169, 60, 6860.149902
62.169, 60, 6860.594727
62.169, 60, 6861.040039
62.169, 60, 6861.484863
62.169, 60, 6861.930176
62.169, 60, 6862.375000
62.169, 60, 6862.820312
62.169, 60, 6863.265137
62.169, 60, 6863.709961
62.169, 60, 6864.155273
62.169, 60, 6864.600098
62.169, 60, 6865.045410
62.151, 60, 6865.490234
62.151, 60, 6865.935547
62.151, 60, 6866.380371
62.151, 60, 6866.825195
62.151, 60, 6867.270508
62.151, 60, 6867.715332
62.151, 60, 6868.160645
62.151, 60, 6868.605469
62.151, 60, 6869.050293
62.151, 60, 6869.495605
62.151, 60, 6869.940430
62.151, 60, 6870.385742
62.151, 60, 6870.830566
62.151, 60, 6871.275879
62.151, 60, 6871.720703
62.151, 60, 6872.165527
62.151, 60, 6872.610840
62.151, 60, 6873.055664
62.151, 60, 6873.500977
62.151, 60, 6873.945801
62.151, 60, 6874.391113
62.151, 60, 6874.835938
62.151, 60, 6875.280762
62.151, 60, 6875.726074
62.151, 60, 6876.170898
62.151, 60, 6876.616211
62.151, 60, 6877.061035
62.151, 60, 6877.506348
62.151, 60, 6877.951172
62.151, 60, 6878.395996
62.151, 60, 6878.841309
62.151, 60, 6879.286133
62.151, 60, 6879.731445
62.151, 60, 6880.176270
62.169, 60, 6880.621094
62.169, 60, 6881.066406
62.169, 60, 6881.511230
62.169, 60, 6881.956543
62.169, 60, 6882.401367
62.169, 60, 6882.846680
62.169, 60, 6883.291504
62.169, 60, 6883.736328
62.169, 60, 6884.181641
62.169, 60, 6884.626465
62.169, 60, 6885.071777
62.169, 60, 6885.516602
62.169, 60, 6885.961914
62.169, 60, 6886.406738
62.169, 60, 6886.851562
62.169, 60, 6887.296875
62.169, 60, 6887.741699
62.169, 60, 6888.187012
62.169, 60, 6888.631836
62.169, 60, 6889.077148
62.169, 60, 6889.521973
62.169, 60, 6889.966797
62.169, 60, 6890.412109
62.169, 60, 6890.856934
62.169, 60, 6891.302246
62.169, 60, 6891.747070
62.169, 60, 6892.191895
62.169, 60, 6892.637207
62.169, 60, 6893.082031
62.169, 60, 6893.527344
62.169, 60, 6893.972168
62.169, 60, 6894.417480
62.169, 60, 6894.862305
62.169, 60, 6895.307129
62.169, 60, 6895.752441
62.169, 60, 6896.197266
62.169, 60, 6896.642578
62.169, 60, 6897.087402
62.169, 60, 6897.532715
62.169, 60, 6897.977539
62.169, 60, 6898.422363
62.169, 60, 6898.867676
62.169, 60, 6899.312500
62.169, 60, 6899.757812
62.169, 60, 6900.202637
62.169, 60, 6900.647949
62.169, 60, 6901.092773
62.169, 60, 6901.537598
62.169, 60, 6901.982910
62.169, 60, 6902.427734
62.169, 60, 6902.873047
62.169, 60, 6903.317871
62.169, 60, 6903.762695
62.169, 60, 6904.208008
62.169, 60, 6904.652832
62.169, 60, 6905.098145
62.169, 60, 6905.542969
62.169, 60, 6905.988281
62.169, 60, 6906.433105
62.169, 60, 6906.877930
62.169, 60, 6907.323242
62.169, 60, 6907.768066
62.169, 60, 6908.213379
62.169, 60, 6908.658203
62.169, 60, 6909.103516
62.169, 60, 6909.548340
62.169, 60, 6909.993164
62.169, 60, 6910.438477
62.169, 60, 6910.883301
62.169, 60, 6911.328613
62.169, 60, 6911.773438
62.169, 60, 6912.218750
62.169, 60, 6912.663574
62.169, 60, 6913.108398
62.169, 60, 6913.553711
62.169, 60, 6913.998535
62.169, 60, 6914.443848
62.169, 60, 6914.888672
62.169, 60, 6915.333496
62.169, 60, 6915.778809
62.169, 60, 6916.223633
62.169, 60, 6916.668945
62.169, 60, 6917.113770
62.169, 60, 6917.559082
62.169, 60, 6918.003906
62.169, 60, 6918.448730
62.169, 60, 6918.894043
62.169, 60, 6919.338867
62.169, 60, 6919.784180
62.169, 60, 6920.229004
62.169, 60, 6920.674316
62.169, 60, 6921.119141
62.169, 60, 6921.563965
62.169, 60, 6922.009277
62.169, 60, 6922.454102
62.169, 60, 6922.899414
62.169, 60, 6923.344238
62.169, 60, 6923.789551
62.169, 60, 6924.234375
62.169, 60, 6924.679199
62.169, 60, 6925.124512
62.169, 60, 6925.569336
62.169, 60, 6926.014648
62.169, 60, 6926.459473
62.169, 60, 6926.904297
62.169, 60, 6927.349609
62.169, 60, 6927.794434
62.169, 60, 6928.239746
62.169, 60, 6928.684570
62.169, 60, 6929.129883
62.169, 60, 6929.574707
62.169, 60, 6930.019531
62.169, 60, 6930.464844
62.169, 60, 6930.909668
62.169, 60, 6931.354980
62.169, 60, 6931.799805
62.169, 60, 6932.245117
62.169, 60, 6932.689941
62.169, 60, 6933.134766
62.169, 60, 6933.580078
62.169, 60, 6934.024902
62.169, 60, 6934.470215
62.169, 60, 6934.915039
62.169, 60, 6935.360352
62.169, 60, 6935.805176
62.169, 60, 6936.250000
62.169, 60, 6936.695312
62.169, 60, 6937.140137
62.169, 60, 6937.585449
62.169, 60, 6938.030273
62.169, 60, 6938.475098
62.169, 60, 6938.920410
62.169, 60, 6939.365234
62.169, 60, 6939.810547
62.169, 60, 6940.255371
62.169, 60, 6940.700684
62.169, 60, 6941.145508
62.169, 60, 6941.590332
62.169, 60, 6942.035645
62.247, 60, 6942.480469
62.247, 60, 6942.925781
62.247, 60, 6943.370605
62.247, 60, 6943.815918
62.247, 60, 6944.260742
62.247, 60, 6944.705566
62.247, 60, 6945.150879
62.247, 60, 6945.595703
62.247, 60, 6946.041016
62.247, 60, 6946.485840
62.247, 60, 6946.931152
62.247, 60, 6947.375977
62.247, 60, 6947.820801
62.247, 60, 6948.266113
62.247, 60, 6948.710938
62.247, 60, 6949.156250
62.247, 60, 6949.601074
62.247, 60, 6950.045898
62.247, 60, 6950.491211
62.247, 60, 6950.936035
62.247, 60, 6951.381348
62.247, 60, 6951.826172
62.247, 60, 6952.271484
62.247, 60, 6952.716309
62.247, 60, 6953.161133
62.247, 60, 6953.606445
62.247, 60, 6954.051270
62.247, 60, 6954.496582
62.247, 60, 6954.941406
62.247, 60, 6955.386719
62.247, 60, 6955.831543
62.247, 60, 6956.276367
62.247, 60, 6956.721680
62.247, 60, 6957.166504
62.247, 60, 6957.611816
62.247, 60, 6958.056641
62.247, 60, 6958.501953
62.247, 60, 6958.946777
62.247, 60, 6959.391602
62.247, 60, 6959.836914
62.247, 60, 6960.281738
62.247, 60, 6960.727051
62.247, 60, 6961.171875
62.247, 60, 6961.616699
62.247, 60, 6962.062012
62.247, 60, 6962.506836
62.247, 60, 6962.952148
62.247, 60, 6963.396973
62.247, 60, 6963.842285
62.247, 60, 6964.287109
62.247, 60, 6964.731934
62.247, 60, 6965.177246
62.247, 60, 6965.622070
62.247, 60, 6966.067383
62.247, 60, 6966.512207
62.247, 60, 6966.957520
62.247, 60, 6967.402344
62.247, 60, 6967.847168
62.247, 60, 6968.292480
62.247, 60, 6968.737305
62.247, 60, 6969.182617
62.247, 60, 6969.627441
62.247, 60, 6970.072754
62.247, 60, 6970.517578
62.247, 60, 6970.962402
62.247, 60, 6971.407715
62.247, 60, 6971.852539
62.247, 60, 6972.297852
62.247, 60, 6972.742676
62.247, 60, 6973.187500
62.247, 60, 6973.632812
62.247, 60, 6974.077637
62.247, 60, 6974.522949
62.247, 60, 6974.967773
62.247, 60, 6975.413086
62.247, 60, 6975.857910
62.247, 60, 6976.302734
62.247, 60, 6976.748047
62.247, 60, 6977.192871
62.247, 60, 6977.638184
62.247, 60, 6978.083008
62.247, 60, 6978.528320
62.247, 60, 6978.973145
62.247, 60, 6979.417969
62.247, 60, 6979.863281
62.247, 60, 6980.308105
62.247, 60, 6980.753418
62.247, 60, 6981.198242
62.247, 60, 6981.643555
62.247, 60, 6982.088379
62.247, 60, 6982.533203
62.247, 60, 6982.978516
62.247, 60, 6983.423340
62.247, 60, 6983.868652
62.247, 60, 6984.313477
62.247, 60, 6984.758301
62.247, 60, 6985.203613
62.247, 60, 6985.648438
62.247, 60, 6986.093750
62.247, 60, 6986.538574
62.247, 60, 6986.983887
62.247, 60, 6987.428711
62.247, 60, 6987.873535
62.247, 60, 6988.318848
62.247, 60, 6988.763672
62.247, 60, 6989.208984
62.247, 60, 6989.653809
62.247, 60, 6990.099121
62.247, 60, 6990.543945
62.247, 60, 6990.988770
62.247, 60, 6991.434082
62.247, 60, 6991.878906
62.247, 60, 6992.324219
62.247, 60, 6992.769043
62.247, 60, 6993.214355
62.247, 60, 6993.659180
62.247, 60, 6994.104004
62.247, 60, 6994.549316
62.247, 60, 6994.994141
62.247, 60, 6995.439453
62.247, 60, 6995.884277
62.247, 60, 6996.329102
62.247, 60, 6996.774414
62.247, 60, 6997.219238
62.247, 60, 6997.664551
62.247, 60, 6998.109375
62.247, 60, 6998.554688
62.247, 60, 6998.999512
62.247, 60, 6999.444336
62.247, 60, 6999.889648
62.247, 60, 7000.334473
62.247, 60, 7000.779785
62.247, 60, 7001.224609
62.247, 60, 7001.669922
62.247, 60, 7002.114746
62.247, 60, 7002.559570
62.247, 60, 7003.004883
62.247, 60, 7003.449707
62.247, 60, 7003.895020
62.247, 60, 7004.339844
62.247, 60, 7004.785156
62.247, 60, 7005.229980
62.247, 60, 7005.674805
62.247, 60, 7006.120117
62.247, 60, 7006.564941
62.247, 60, 7007.010254
62.247, 60, 7007.455078
62.247, 60, 7007.899902
62.247, 60, 7008.345215
62.247, 60, 7008.790039
62.247, 60, 7009.235352
62.247, 60, 7009.680176
62.247, 60, 7010.125488
62.247, 60, 7010.570312
62.247, 60, 7011.015137
62.247, 60, 7011.460449
62.247, 60, 7011.905273
62.247, 60, 7012.350586
62.247, 60, 7012.795410
62.247, 60, 7013.240723
62.247, 60, 7013.685547
62.247, 60, 7014.130371
62.247, 60, 7014.575684
62.247, 60, 7015.020508
62.247, 60, 7015.465820
62.247, 60, 7015.910645
62.247, 60, 7016.355957
62.247, 60, 7016.800781
62.247, 60, 7017.245605
62.247, 60, 7017.690918
62.247, 60, 7018.135742
62.247, 60, 7018.581055
62.247, 60, 7019.025879
62.247, 60, 7019.470703
62.247, 60, 7019.916016
62.247, 60, 7020.360840
62.247, 60, 7020.806152
62.247, 60, 7021.250977
62.247, 60, 7021.696289
62.247, 60, 7022.141113
62.247, 60, 7022.585938
62.247, 60, 7023.031250
62.247, 60, 7023.476074
62.247, 60, 7023.921387
62.247, 60, 7024.366211
62.247, 60, 7024.811523
62.247, 60, 7025.256348
62.247, 60, 7025.701172
62.247, 60, 7026.146484
62.247, 60, 7026.591309
62.247, 60, 7027.036621
62.247, 60, 7027.481445
62.247, 60, 7027.926758
62.247, 60, 7028.371582
62.247, 60, 7028.816406
62.247, 60, 7029.261719
62.247, 60, 7029.706543
62.247, 60, 7030.151855
62.247, 60, 7030.596680
62.247, 60, 7031.041504
62.247, 60, 7031.486816
62.247, 60, 7031.931641
62.247, 60, 7032.376953
62.247, 60, 7032.821777
62.247, 60, 7033.267090
62.247, 60, 7033.711914
62.342, 60, 7034.156738
62.342, 60, 7034.602051
62.342, 60, 7035.046875
62.342, 60, 7035.492188
62.342, 60, 7035.937012
62.342, 60, 7036.382324
62.342, 60, 7036.827148
62.342, 60, 7037.271973
62.342, 60, 7037.717285
62.342, 60, 7038.162109
62.342, 60, 7038.607422
62.342, 60, 7039.052246
62.342, 60, 7039.497559
62.342, 60, 7039.942383
62.342, 60, 7040.387207
62.342, 60, 7040.832520
62.342, 60, 7041.277344
62.342, 60, 7041.722656
62.342, 60, 7042.167480
62.342, 60, 7042.612305
62.342, 60, 7043.057617
62.342, 60, 7043.502441
62.342, 60, 7043.947754
62.342, 60, 7044.392578
62.342, 60, 7044.837891
62.342, 60, 7045.282715
62.342, 60, 7045.727539
62.342, 60, 7046.172852
62.342, 60, 7046.617676
62.342, 60, 7047.062988
62.342, 60, 7047.507812
62.342, 60, 7047.953125
62.342, 60, 7048.397949
62.342, 60, 7048.842773
62.342, 60, 7049.288086
62.342, 60, 7049.732910
62.342, 60, 7050.178223
62.342, 60, 7050.623047
62.342, 60, 7051.068359
62.342, 60, 7051.513184
62.342, 60, 7051.958008
62.342, 60, 7052.403320
62.342, 60, 7052.848145
62.342, 60, 7053.293457
62.342, 60, 7053.738281
62.342, 60, 7054.183105
62.342, 60, 7054.628418
62.342, 60, 7055.073242
62.342, 60, 7055.518555
62.342, 60, 7055.963379
62.342, 60, 7056.408691
62.342, 60, 7056.853516
62.342, 60, 7057.298340
62.342, 60, 7057.743652
62.342, 60, 7058.188477
62.342, 60, 7058.633789
62.342, 60, 7059.078613
62.342, 60, 7059.523926
62.342, 60, 7059.968750
62.342, 60, 7060.413574
62.342, 60, 7060.858887
62.342, 60, 7061.303711
62.342, 60, 7061.749023
62.342, 60, 7062.193848
62.342, 60, 7062.639160
62.342, 60, 7063.083984
62.342, 60, 7063.528809
62.342, 60, 7063.974121
62.342, 60, 7064.418945
62.342, 60, 7064.864258
62.342, 60, 7065.309082
62.342, 60, 7065.753906
62.342, 60, 7066.199219
62.342, 60, 7066.644043
62.342, 60, 7067.089355
62.342, 60, 7067.534180
62.342, 60, 7067.979492
62.342, 60, 7068.424316
62.342, 60, 7068.869141
62.342, 60, 7069.314453
62.342, 60, 7069.759277
62.342, 60, 7070.204590
62.342, 60, 7070.649414
62.342, 60, 7071.094727
62.342, 60, 7071.539551
62.342, 60, 7071.984375
62.342, 60, 7072.429688
62.342, 60, 7072.874512
62.342, 60, 7073.319824
62.342, 60, 7073.764648
62.342, 60, 7074.209961
62.342, 60, 7074.654785
62.342, 60, 7075.099609
62.342, 60, 7075.544922
62.342, 60, 7075.989746
62.342, 60, 7076.435059
62.342, 60, 7076.879883
62.342, 60, 7077.324707
62.342, 60, 7077.770020
62.342, 60, 7078.214844
62.342, 60, 7078.660156
62.342, 60, 7079.104980
62.436, 60, 7079.550293
62.436, 60, 7079.995117
62.436, 60, 7080.439941
62.436, 60, 7080.885254
62.436, 60, 7081.330078
62.436, 60, 7081.775391
62.436, 60, 7082.220215
62.436, 60, 7082.665527
62.436, 60, 7083.110352
62.436, 60, 7083.555176
62.436, 60, 7084.000488
62.436, 60, 7084.445312
62.436, 60, 7084.890625
62.436, 60, 7085.335449
62.436, 60, 7085.780762
62.436, 60, 7086.225586
62.436, 60, 7086.670410
62.436, 60, 7087.115723
62.436, 60, 7087.560547
62.436, 60, 7088.005859
62.436, 60, 7088.450684
62.436, 60, 7088.895508
62.436, 60, 7089.340820
62.436, 60, 7089.785645
62.436, 60, 7090.230957
62.436, 60, 7090.675781
62.436, 60, 7091.121094
62.436, 60, 7091.565918
62.436, 60, 7092.010742
62.436, 60, 7092.456055
62.436, 60, 7092.900879
62.436, 60, 7093.346191
62.436, 60, 7093.791016
62.436, 60, 7094.236328
62.247, 60, 7094.681152
62.247, 60, 7095.125977
62.247, 60, 7095.571289
62.247, 60, 7096.016113
62.247, 60, 7096.461426
62.247, 60, 7096.906250
62.247, 60, 7097.351562
62.247, 60, 7097.796387
62.247, 60, 7098.241211
62.247, 60, 7098.686523
62.247, 60, 7099.131348
62.247, 60, 7099.576660
62.247, 60, 7100.021484
62.247, 60, 7100.466309
62.247, 60, 7100.911621
62.247, 60, 7101.356445
62.247, 60, 7101.801758
62.247, 60, 7102.246582
62.247, 60, 7102.691895
62.247, 60, 7103.136719
62.247, 60, 7103.581543
62.247, 60, 7104.026855
62.247, 60, 7104.471680
62.247, 60, 7104.916992
62.247, 60, 7105.361816
62.247, 60, 7105.807129
62.247, 60, 7106.251953
62.247, 60, 7106.696777
62.247, 60, 7107.142090
62.247, 60, 7107.586914
62.247, 60, 7108.032227
62.247, 60, 7108.477051
62.247, 60, 7108.922363
62.247, 60, 7109.367188
62.169, 60, 7109.812012
62.169, 60, 7110.257324
62.169, 60, 7110.702148
62.169, 60, 7111.147461
62.169, 60, 7111.592285
62.169, 60, 7112.037109
62.169, 60, 7112.482422
62.169, 60, 7112.927246
62.169, 60, 7113.372559
62.169, 60, 7113.817383
62.169, 60, 7114.262695
62.169, 60, 7114.707520
62.169, 60, 7115.152344
62.169, 60, 7115.597656
62.169, 60, 7116.042480
62.169, 60, 7116.487793
62.169, 60, 7116.932617
62.169, 60, 7117.377930
62.169, 60, 7117.822754
62.169, 60, 7118.267578
62.169, 60, 7118.712891
62.169, 60, 7119.157715
62.169, 60, 7119.603027
62.169, 60, 7120.047852
62.169, 60, 7120.493164
62.169, 60, 7120.937988
62.169, 60, 7121.382812
62.169, 60, 7121.828125
62.169, 60, 7122.272949
62.169, 60, 7122.718262
62.169, 60, 7123.163086
62.169, 60, 7123.607910
62.169, 60, 7124.053223
62.169, 60, 7124.498047
62.169, 60, 7124.943359
62.074, 60, 7125.388184
62.074, 60, 7125.833496
62.074, 60, 7126.278320
62.074, 60, 7126.723145
62.074, 60, 7127.168457
62.074, 60, 7127.613281
62.074, 60, 7128.058594
62.074, 60, 7128.503418
62.074, 60, 7128.948730
62.074, 60, 7129.393555
62.074, 60, 7129.838379
62.074, 60, 7130.283691
62.074, 60, 7130.728516
62.074, 60, 7131.173828
62.074, 60, 7131.618652
62.074, 60, 7132.063965
62.074, 60, 7132.508789
62.074, 60, 7132.953613
62.074, 60, 7133.398926
62.074, 60, 7133.843750
62.074, 60, 7134.289062
62.074, 60, 7134.733887
62.074, 60, 7135.178711
62.074, 60, 7135.624023
62.074, 60, 7136.068848
62.074, 60, 7136.514160
62.074, 60, 7136.958984
62.074, 60, 7137.404297
62.074, 60, 7137.849121
62.074, 60, 7138.293945
62.074, 60, 7138.739258
62.074, 60, 7139.184082
62.074, 60, 7139.629395
62.074, 60, 7140.074219
62.074, 60, 7140.519531
61.979, 60, 7140.964355
61.979, 60, 7141.409180
61.979, 60, 7141.854492
61.979, 60, 7142.299316
61.979, 60, 7142.744629
61.979, 60, 7143.189453
61.979, 60, 7143.634766
61.979, 60, 7144.079590
61.979, 60, 7144.524414
61.979, 60, 7144.969727
61.979, 60, 7145.414551
61.979, 60, 7145.859863
61.979, 60, 7146.304688
61.979, 60, 7146.749512
61.979, 60, 7147.194824
61.979, 60, 7147.639648
61.979, 60, 7148.084961
61.979, 60, 7148.529785
61.979, 60, 7148.975098
61.979, 60, 7149.419922
61.979, 60, 7149.864746
61.979, 60, 7150.310059
61.979, 60, 7150.754883
61.979, 60, 7151.200195
61.979, 60, 7151.645020
61.979, 60, 7152.090332
61.979, 60, 7152.535156
61.979, 60, 7152.979980
61.979, 60, 7153.425293
61.979, 60, 7153.870117
61.979, 60, 7154.315430
61.979, 60, 7154.760254
61.979, 60, 7155.205566
61.979, 60, 7155.650391
61.979, 60, 7156.095215
61.979, 60, 7156.540527
61.979, 60, 7156.985352
61.979, 60, 7157.430664
61.979, 60, 7157.875488
61.979, 60, 7158.320312
61.979, 60, 7158.765625
61.979, 60, 7159.210449
61.979, 60, 7159.655762
61.979, 60, 7160.100586
61.979, 60, 7160.545898
61.979, 60, 7160.990723
61.979, 60, 7161.435547
61.979, 60, 7161.880859
61.979, 60, 7162.325684
61.979, 60, 7162.770996
61.979, 60, 7163.215820
61.979, 60, 7163.661133
61.979, 60, 7164.105957
61.979, 60, 7164.550781
61.979, 60, 7164.996094
61.979, 60, 7165.440918
61.979, 60, 7165.886230
61.979, 60, 7166.331055
61.979, 60, 7166.776367
61.979, 60, 7167.221191
61.979, 60, 7167.666016
61.979, 60, 7168.111328
61.979, 60, 7168.556152
61.979, 60, 7169.001465
61.979, 60, 7169.446289
61.979, 60, 7169.891113
61.979, 60, 7170.336426
61.979, 60, 7170.781250
61.979, 60, 7171.226562
61.979, 60, 7171.671387
61.979, 60, 7172.116699
61.979, 60, 7172.561523
61.979, 60, 7173.006348
61.979, 60, 7173.451660
61.979, 60, 7173.896484
61.979, 60, 7174.341797
61.979, 60, 7174.786621
61.979, 60, 7175.231934
61.979, 60, 7175.676758
61.979, 60, 7176.121582
61.979, 60, 7176.566895
61.979, 60, 7177.011719
61.979, 60, 7177.457031
61.979, 60, 7177.901855
61.979, 60, 7178.347168
61.979, 60, 7178.791992
61.979, 60, 7179.236816
61.979, 60, 7179.682129
61.979, 60, 7180.126953
61.979, 60, 7180.572266
61.979, 60, 7181.017090
61.979, 60, 7181.461914
61.979, 60, 7181.907227
61.979, 60, 7182.352051
61.979, 60, 7182.797363
61.979, 60, 7183.242188
61.979, 60, 7183.687500
61.979, 60, 7184.132324
61.979, 60, 7184.577148
61.979, 60, 7185.022461
61.979, 60, 7185.467285
61.979, 60, 7185.912598
61.884, 60, 7186.357422
61.884, 60, 7186.802734
61.884, 60, 7187.247559
61.884, 60, 7187.692383
61.884, 60, 7188.137695
61.884, 60, 7188.582520
61.884, 60, 7189.027832
61.884, 60, 7189.472656
61.884, 60, 7189.917969
61.884, 60, 7190.362793
61.884, 60, 7190.807617
61.884, 60, 7191.252930
61.884, 60, 7191.697754
61.884, 60, 7192.143066
61.884, 60, 7192.587891
61.884, 60, 7193.032715
61.884, 60, 7193.478027
61.884, 60, 7193.922852
61.884, 60, 7194.368164
61.884, 60, 7194.812988
61.884, 60, 7195.258301
61.884, 60, 7195.703125
61.884, 60, 7196.147949
61.884, 60, 7196.593262
61.884, 60, 7197.038086
61.884, 60, 7197.483398
61.884, 60, 7197.928223
61.884, 60, 7198.373535
61.884, 60, 7198.818359
61.884, 60, 7199.263184
61.884, 60, 7199.708496
61.884, 60, 7200.153320
61.884, 60, 7200.598633
61.884, 60, 7201.043457
61.884, 60, 7201.488770
61.884, 60, 7201.933594
61.884, 60, 7202.378418
61.884, 60, 7202.823730
61.884, 60, 7203.268555
61.884, 60, 7203.713867
61.884, 60, 7204.158691
61.884, 60, 7204.603516
61.884, 60, 7205.048828
61.884, 60, 7205.493652
61.884, 60, 7205.938965
61.884, 60, 7206.383789
61.884, 60, 7206.829102
61.884, 60, 7207.273926
61.884, 60, 7207.718750
61.884, 60, 7208.164062
61.884, 60, 7208.608887
61.884, 60, 7209.054199
61.884, 60, 7209.499023
61.884, 60, 7209.944336
61.884, 60, 7210.389160
61.884, 60, 7210.833984
61.884, 60, 7211.279297
61.884, 60, 7211.724121
61.884, 60, 7212.169434
61.884, 60, 7212.614258
61.884, 60, 7213.059570
61.884, 60, 7213.504395
61.884, 60, 7213.949219
61.884, 60, 7214.394531
61.884, 60, 7214.839355
61.884, 60, 7215.284668
61.884, 60, 7215.729492
61.884, 60, 7216.174316
61.884, 60, 7216.619629
61.884, 60, 7217.064453
61.979, 60, 7217.509766
61.979, 60, 7217.954590
61.979, 60, 7218.399902
61.979, 60, 7218.844727
61.979, 60, 7219.289551
61.979, 60, 7219.734863
61.979, 60, 7220.179688
61.979, 60, 7220.625000
61.979, 60, 7221.069824
61.979, 60, 7221.515137
61.979, 60, 7221.959961
61.979, 60, 7222.404785
61.979, 60, 7222.850098
61.979, 60, 7223.294922
61.979, 60, 7223.740234
61.979, 60, 7224.185059
61.979, 60, 7224.630371
61.979, 60, 7225.075195
61.979, 60, 7225.520020
61.979, 60, 7225.965332
61.979, 60, 7226.410156
61.979, 60, 7226.855469
61.979, 60, 7227.300293
61.979, 60, 7227.745117
61.979, 60, 7228.190430
61.979, 60, 7228.635254
61.979, 60, 7229.080566
61.979, 60, 7229.525391
61.979, 60, 7229.970703
61.979, 60, 7230.415527
61.979, 60, 7230.860352
61.979, 60, 7231.305664
61.979, 60, 7231.750488
61.979, 60, 7232.195801
61.979, 60, 7232.640625
61.979, 60, 7233.085938
61.979, 60, 7233.530762
61.979, 60, 7233.975586
61.979, 60, 7234.420898
61.979, 60, 7234.865723
61.979, 60, 7235.311035
61.979, 60, 7235.755859
61.979, 60, 7236.201172
61.979, 60, 7236.645996
61.979, 60, 7237.090820
61.979, 60, 7237.536133
61.979, 60, 7237.980957
61.979, 60, 7238.426270
61.979, 60, 7238.871094
61.979, 60, 7239.315918
61.979, 60, 7239.761230
61.979, 60, 7240.206055
61.979, 60, 7240.651367
61.979, 60, 7241.096191
61.979, 60, 7241.541504
61.979, 60, 7241.986328
61.979, 60, 7242.431152
61.979, 60, 7242.876465
61.979, 60, 7243.321289
61.979, 60, 7243.766602
61.979, 60, 7244.211426
61.979, 60, 7244.656738
61.979, 60, 7245.101562
61.979, 60, 7245.546387
61.979, 60, 7245.991699
61.979, 60, 7246.436523
61.979, 60, 7246.881836
61.979, 60, 7247.326660
61.979, 60, 7247.771973
61.979, 60, 7248.216797
62.074, 60, 7248.661621
62.074, 60, 7249.106934
62.074, 60, 7249.551758
62.074, 60, 7249.997070
62.074, 60, 7250.441895
62.074, 60, 7250.886719
62.074, 60, 7251.332031
62.074, 60, 7251.776855
62.074, 60, 7252.222168
62.074, 60, 7252.666992
62.074, 60, 7253.112305
62.074, 60, 7253.557129
62.074, 60, 7254.001953
62.074, 60, 7254.447266
62.074, 60, 7254.892090
62.074, 60, 7255.337402
62.074, 60, 7255.782227
62.074, 60, 7256.227539
62.074, 60, 7256.672363
62.074, 60, 7257.117188
62.074, 60, 7257.562500
62.074, 60, 7258.007324
62.074, 60, 7258.452637
62.074, 60, 7258.897461
62.074, 60, 7259.342773
62.074, 60, 7259.787598
62.074, 60, 7260.232422
62.074, 60, 7260.677734
62.074, 60, 7261.122559
62.074, 60, 7261.567871
62.074, 60, 7262.012695
62.074, 60, 7262.457520
62.074, 60, 7262.902832
62.074, 60, 7263.347656
62.074, 60, 7263.792969
62.056, 60, 7264.237793
62.056, 60, 7264.683105
62.056, 60, 7265.127930
62.056, 60, 7265.572754
62.056, 60, 7266.018066
62.056, 60, 7266.462891
62.056, 60, 7266.908203
62.056, 60, 7267.353027
62.056, 60, 7267.798340
62.056, 60, 7268.243164
62.056, 60, 7268.687988
62.056, 60, 7269.133301
62.056, 60, 7269.578125
62.056, 60, 7270.023438
62.056, 60, 7270.468262
62.056, 60, 7270.913574
62.056, 60, 7271.358398
62.056, 60, 7271.803223
62.056, 60, 7272.248535
62.056, 60, 7272.693359
62.056, 60, 7273.138672
62.056, 60, 7273.583496
62.056, 60, 7274.028320
62.056, 60, 7274.473633
62.056, 60, 7274.918457
62.056, 60, 7275.363770
62.056, 60, 7275.808594
62.056, 60, 7276.253906
62.056, 60, 7276.698730
62.056, 60, 7277.143555
62.056, 60, 7277.588867
62.056, 60, 7278.033691
62.056, 60, 7278.479004
62.056, 60, 7278.923828
62.056, 60, 7279.369141
62.056, 60, 7279.813965
62.056, 60, 7280.258789
62.056, 60, 7280.704102
62.056, 60, 7281.148926
62.056, 60, 7281.594238
62.056, 60, 7282.039062
62.056, 60, 7282.484375
62.056, 60, 7282.929199
62.056, 60, 7283.374023
62.056, 60, 7283.819336
62.056, 60, 7284.264160
62.056, 60, 7284.709473
62.056, 60, 7285.154297
62.056, 60, 7285.599121
62.056, 60, 7286.044434
62.056, 60, 7286.489258
62.056, 60, 7286.934570
62.056, 60, 7287.379395
62.056, 60, 7287.824707
62.056, 60, 7288.269531
62.056, 60, 7288.714355
62.056, 60, 7289.159668
62.056, 60, 7289.604492
62.056, 60, 7290.049805
62.056, 60, 7290.494629
62.056, 60, 7290.939941
62.056, 60, 7291.384766
62.056, 60, 7291.829590
62.056, 60, 7292.274902
62.056, 60, 7292.719727
62.056, 60, 7293.165039
62.056, 60, 7293.609863
62.056, 60, 7294.055176
62.056, 60, 7294.500000
61.979, 60, 7294.944824
61.979, 60, 7295.390137
61.979, 60, 7295.834961
61.979, 60, 7296.280273
61.979, 60, 7296.725098
61.979, 60, 7297.170410
61.979, 60, 7297.615234
61.979, 60, 7298.060059
61.979, 60, 7298.505371
61.979, 60, 7298.950195
61.979, 60, 7299.395508
61.979, 60, 7299.840332
61.979, 60, 7300.285156
61.979, 60, 7300.730469
61.979, 60, 7301.175293
61.979, 60, 7301.620605
61.979, 60, 7302.065430
61.979, 60, 7302.510742
61.979, 60, 7302.955566
61.979, 60, 7303.400391
61.979, 60, 7303.845703
61.979, 60, 7304.290527
61.979, 60, 7304.735840
61.979, 60, 7305.180664
61.979, 60, 7305.625977
61.979, 60, 7306.070801
61.979, 60, 7306.515625
61.979, 60, 7306.960938
61.979, 60, 7307.405762
61.979, 60, 7307.851074
61.979, 60, 7308.295898
61.979, 60, 7308.741211
61.979, 60, 7309.186035
61.979, 60, 7309.630859
61.979, 60, 7310.076172
61.979, 60, 7310.520996
61.979, 60, 7310.966309
61.979, 60, 7311.411133
61.979, 60, 7311.855957
61.979, 60, 7312.301270
61.979, 60, 7312.746094
61.979, 60, 7313.191406
61.979, 60, 7313.636230
61.979, 60, 7314.081543
61.979, 60, 7314.526367
61.979, 60, 7314.971191
61.979, 60, 7315.416504
61.979, 60, 7315.861328
61.979, 60, 7316.306641
61.979, 60, 7316.751465
61.979, 60, 7317.196777
61.979, 60, 7317.641602
61.979, 60, 7318.086426
61.979, 60, 7318.531738
61.979, 60, 7318.976562
61.979, 60, 7319.421875
61.979, 60, 7319.866699
61.979, 60, 7320.312012
61.979, 60, 7320.756836
61.979, 60, 7321.201660
61.979, 60, 7321.646973
61.979, 60, 7322.091797
61.979, 60, 7322.537109
61.979, 60, 7322.981934
61.979, 60, 7323.426758
61.979, 60, 7323.872070
61.979, 60, 7324.316895
61.979, 60, 7324.762207
61.979, 60, 7325.207031
61.979, 60, 7325.652344
62.074, 60, 7326.097168
62.074, 60, 7326.541992
62.074, 60, 7326.987305
62.074, 60, 7327.432129
62.074, 60, 7327.877441
62.074, 60, 7328.322266
62.074, 60, 7328.767578
62.074, 60, 7329.212402
62.074, 60, 7329.657227
62.074, 60, 7330.102539
62.074, 60, 7330.547363
62.074, 60, 7330.992676
62.074, 60, 7331.437500
62.074, 60, 7331.882812
62.074, 60, 7332.327637
62.074, 60, 7332.772461
62.074, 60, 7333.217773
62.074, 60, 7333.662598
62.074, 60, 7334.107910
62.074, 60, 7334.552734
62.074, 60, 7334.997559
62.074, 60, 7335.442871
62.074, 60, 7335.887695
62.074, 60, 7336.333008
62.074, 60, 7336.777832
62.074, 60, 7337.223145
62.074, 60, 7337.667969
62.074, 60, 7338.112793
62.074, 60, 7338.558105
62.074, 60, 7339.002930
62.074, 60, 7339.448242
62.074, 60, 7339.893066
62.074, 60, 7340.338379
62.074, 60, 7340.783203
62.169, 60, 7341.228027
62.169, 60, 7341.673340
62.169, 60, 7342.118164
62.169, 60, 7342.563477
62.169, 60, 7343.008301
62.169, 60, 7343.453613
62.169, 60, 7343.898438
62.169, 60, 7344.343262
62.169, 60, 7344.788574
62.169, 60, 7345.233398
62.169, 60, 7345.678711
62.169, 60, 7346.123535
62.169, 60, 7346.568359
62.169, 60, 7347.013672
62.169, 60, 7347.458496
62.169, 60, 7347.903809
62.169, 60, 7348.348633
62.169, 60, 7348.793945
62.169, 60, 7349.238770
62.169, 60, 7349.683594
62.169, 60, 7350.128906
62.169, 60, 7350.573730
62.169, 60, 7351.019043
62.169, 60, 7351.463867
62.169, 60, 7351.909180
62.169, 60, 7352.354004
62.169, 60, 7352.798828
62.169, 60, 7353.244141
62.169, 60, 7353.688965
62.169, 60, 7354.134277
62.169, 60, 7354.579102
62.169, 60, 7355.024414
62.169, 60, 7355.469238
62.169, 60, 7355.914062
62.169, 60, 7356.359375
62.169, 60, 7356.804199
62.169, 60, 7357.249512
62.169, 60, 7357.694336
62.169, 60, 7358.139160
62.169, 60, 7358.584473
62.169, 60, 7359.029297
62.169, 60, 7359.474609
62.169, 60, 7359.919434
62.169, 60, 7360.364746
62.169, 60, 7360.809570
62.169, 60, 7361.254395
62.169, 60, 7361.699707
62.169, 60, 7362.144531
62.169, 60, 7362.589844
62.169, 60, 7363.034668
62.169, 60, 7363.479980
62.169, 60, 7363.924805
62.169, 60, 7364.369629
62.169, 60, 7364.814941
62.169, 60, 7365.259766
62.169, 60, 7365.705078
62.169, 60, 7366.149902
62.169, 60, 7366.595215
62.169, 60, 7367.040039
62.169, 60, 7367.484863
62.169, 60, 7367.930176
62.169, 60, 7368.375000
62.169, 60, 7368.820312
62.169, 60, 7369.265137
62.169, 60, 7369.709961
62.169, 60, 7370.155273
62.169, 60, 7370.600098
62.169, 60, 7371.045410
62.169, 60, 7371.490234
62.169, 60, 7371.935547
62.169, 60, 7372.380371
62.169, 60, 7372.825195
62.169, 60, 7373.270508
62.169, 60, 7373.715332
62.169, 60, 7374.160645
62.169, 60, 7374.605469
62.169, 60, 7375.050781
62.169, 60, 7375.495605
62.169, 60, 7375.940430
62.169, 60, 7376.385742
62.169, 60, 7376.830566
62.169, 60, 7377.275879
62.169, 60, 7377.720703
62.169, 60, 7378.166016
62.169, 60, 7378.610840
62.169, 60, 7379.055664
62.169, 60, 7379.500977
62.169, 60, 7379.945801
62.169, 60, 7380.391113
62.169, 60, 7380.835938
62.169, 60, 7381.280762
62.169, 60, 7381.726074
62.169, 60, 7382.170898
62.169, 60, 7382.616211
62.169, 60, 7383.061035
62.169, 60, 7383.506348
62.169, 60, 7383.951172
62.169, 60, 7384.395996
62.169, 60, 7384.841309
62.169, 60, 7385.286133
62.169, 60, 7385.731445
62.169, 60, 7386.176270
62.169, 60, 7386.621582
62.169, 60, 7387.066406
62.169, 60, 7387.511230
62.169, 60, 7387.956543
62.169, 60, 7388.401367
62.169, 60, 7388.846680
62.169, 60, 7389.291504
62.169, 60, 7389.736816
62.169, 60, 7390.181641
62.169, 60, 7390.626465
62.169, 60, 7391.071777
62.169, 60, 7391.516602
62.169, 60, 7391.961914
62.169, 60, 7392.406738
62.169, 60, 7392.851562
62.169, 60, 7393.296875
62.169, 60, 7393.741699
62.169, 60, 7394.187012
62.169, 60, 7394.631836
62.169, 60, 7395.077148
62.169, 60, 7395.521973
62.169, 60, 7395.966797
62.169, 60, 7396.412109
62.169, 60, 7396.856934
62.169, 60, 7397.302246
62.169, 60, 7397.747070
62.169, 60, 7398.192383
62.169, 60, 7398.637207
62.169, 60, 7399.082031
62.169, 60, 7399.527344
62.169, 60, 7399.972168
62.169, 60, 7400.417480
62.169, 60, 7400.862305
62.169, 60, 7401.307617
62.169, 60, 7401.752441
62.265, 60, 7402.197266
62.265, 60, 7402.642578
62.265, 60, 7403.087402
62.265, 60, 7403.532715
62.265, 60, 7403.977539
62.265, 60, 7404.422363
62.265, 60, 7404.867676
62.265, 60, 7405.312500
62.265, 60, 7405.757812
62.265, 60, 7406.202637
62.265, 60, 7406.647949
62.265, 60, 7407.092773
62.265, 60, 7407.537598
62.265, 60, 7407.982910
62.265, 60, 7408.427734
62.265, 60, 7408.873047
62.265, 60, 7409.317871
62.265, 60, 7409.763184
62.265, 60, 7410.208008
62.265, 60, 7410.652832
62.265, 60, 7411.098145
62.265, 60, 7411.542969
62.265, 60, 7411.988281
62.265, 60, 7412.433105
62.265, 60, 7412.878418
62.265, 60, 7413.323242
62.265, 60, 7413.768066
62.265, 60, 7414.213379
62.265, 60, 7414.658203
62.265, 60, 7415.103516
62.265, 60, 7415.548340
62.265, 60, 7415.993164
62.265, 60, 7416.438477
62.265, 60, 7416.883301
62.265, 60, 7417.328613
62.265, 60, 7417.773438
62.265, 60, 7418.218750
62.265, 60, 7418.663574
62.265, 60, 7419.108398
62.265, 60, 7419.553711
62.265, 60, 7419.998535
62.265, 60, 7420.443848
62.265, 60, 7420.888672
62.265, 60, 7421.333984
62.265, 60, 7421.778809
62.265, 60, 7422.223633
62.265, 60, 7422.668945
62.265, 60, 7423.113770
62.265, 60, 7423.559082
62.265, 60, 7424.003906
62.265, 60, 7424.449219
62.265, 60, 7424.894043
62.265, 60, 7425.338867
62.265, 60, 7425.784180
62.265, 60, 7426.229004
62.265, 60, 7426.674316
62.265, 60, 7427.119141
62.265, 60, 7427.563965
62.265, 60, 7428.009277
62.265, 60, 7428.454102
62.265, 60, 7428.899414
62.265, 60, 7429.344238
62.265, 60, 7429.789551
62.265, 60, 7430.234375
62.265, 60, 7430.679199
62.265, 60, 7431.124512
62.265, 60, 7431.569336
62.265, 60, 7432.014648
62.265, 60, 7432.459473
62.265, 60, 7432.904785
62.247, 60, 7433.349609
62.247, 60, 7433.794434
62.247, 60, 7434.239746
62.247, 60, 7434.684570
62.247, 60, 7435.129883
62.247, 60, 7435.574707
62.247, 60, 7436.020020
62.247, 60, 7436.464844
62.247, 60, 7436.909668
62.247, 60, 7437.354980
62.247, 60, 7437.799805
62.247, 60, 7438.245117
62.247, 60, 7438.689941
62.247, 60, 7439.134766
62.247, 60, 7439.580078
62.247, 60, 7440.024902
62.247, 60, 7440.470215
62.247, 60, 7440.915039
62.247, 60, 7441.360352
62.247, 60, 7441.805176
62.247, 60, 7442.250000
62.247, 60, 7442.695312
62.247, 60, 7443.140137
62.247, 60, 7443.585449
62.247, 60, 7444.030273
62.247, 60, 7444.475586
62.247, 60, 7444.920410
62.247, 60, 7445.365234
62.247, 60, 7445.810547
62.247, 60, 7446.255371
62.247, 60, 7446.700684
62.247, 60, 7447.145508
62.247, 60, 7447.590820
62.247, 60, 7448.035645
62.247, 60, 7448.480469
62.151, 60, 7448.925781
62.151, 60, 7449.370605
62.151, 60, 7449.815918
62.151, 60, 7450.260742
62.151, 60, 7450.705566
62.151, 60, 7451.150879
62.151, 60, 7451.595703
62.151, 60, 7452.041016
62.151, 60, 7452.485840
62.151, 60, 7452.931152
62.151, 60, 7453.375977
62.151, 60, 7453.820801
62.151, 60, 7454.266113
62.151, 60, 7454.710938
62.151, 60, 7455.156250
62.151, 60, 7455.601074
62.151, 60, 7456.046387
62.151, 60, 7456.491211
62.151, 60, 7456.936035
62.151, 60, 7457.381348
62.151, 60, 7457.826172
62.151, 60, 7458.271484
62.151, 60, 7458.716309
62.151, 60, 7459.161621
62.151, 60, 7459.606445
62.151, 60, 7460.051270
62.151, 60, 7460.496582
62.151, 60, 7460.941406
62.151, 60, 7461.386719
62.151, 60, 7461.831543
62.151, 60, 7462.276367
62.151, 60, 7462.721680
62.151, 60, 7463.166504
62.151, 60, 7463.611816
62.151, 60, 7464.056641
62.151, 60, 7464.501953
62.151, 60, 7464.946777
62.151, 60, 7465.391602
62.151, 60, 7465.836914
62.151, 60, 7466.281738
62.151, 60, 7466.727051
62.151, 60, 7467.171875
62.151, 60, 7467.617188
62.151, 60, 7468.062012
62.151, 60, 7468.506836
62.151, 60, 7468.952148
62.151, 60, 7469.396973
62.151, 60, 7469.842285
62.151, 60, 7470.287109
62.151, 60, 7470.732422
62.151, 60, 7471.177246
62.151, 60, 7471.622070
62.151, 60, 7472.067383
62.151, 60, 7472.512207
62.151, 60, 7472.957520
62.151, 60, 7473.402344
62.151, 60, 7473.847168
62.151, 60, 7474.292480
62.151, 60, 7474.737305
62.151, 60, 7475.182617
62.151, 60, 7475.627441
62.151, 60, 7476.072754
62.151, 60, 7476.517578
62.151, 60, 7476.962402
62.151, 60, 7477.407715
62.151, 60, 7477.852539
62.151, 60, 7478.297852
62.151, 60, 7478.742676
62.151, 60, 7479.187988
62.151, 60, 7479.632812
62.151, 60, 7480.077637
62.151, 60, 7480.522949
62.151, 60, 7480.967773
62.151, 60, 7481.413086
62.151, 60, 7481.857910
62.151, 60, 7482.303223
62.151, 60, 7482.748047
62.151, 60, 7483.192871
62.151, 60, 7483.638184
62.151, 60, 7484.083008
62.151, 60, 7484.528320
62.151, 60, 7484.973145
62.151, 60, 7485.417969
62.151, 60, 7485.863281
62.151, 60, 7486.308105
62.151, 60, 7486.753418
62.151, 60, 7487.198242
62.151, 60, 7487.643555
62.151, 60, 7488.088379
62.151, 60, 7488.533203
62.151, 60, 7488.978516
62.151, 60, 7489.423340
62.151, 60, 7489.868652
62.151, 60, 7490.313477
62.151, 60, 7490.758789
62.151, 60, 7491.203613
62.151, 60, 7491.648438
62.151, 60, 7492.093750
62.151, 60, 7492.538574
62.151, 60, 7492.983887
62.151, 60, 7493.428711
62.151, 60, 7493.874023
62.151, 60, 7494.318848
62.151, 60, 7494.763672
62.151, 60, 7495.208984
62.151, 60, 7495.653809
62.151, 60, 7496.099121
62.151, 60, 7496.543945
62.151, 60, 7496.988770
62.151, 60, 7497.434082
62.151, 60, 7497.878906
62.151, 60, 7498.324219
62.151, 60, 7498.769043
62.151, 60, 7499.214355
62.151, 60, 7499.659180
62.151, 60, 7500.104004
62.151, 60, 7500.549316
62.151, 60, 7500.994141
62.151, 60, 7501.439453
62.151, 60, 7501.884277
62.151, 60, 7502.329590
62.151, 60, 7502.774414
62.151, 60, 7503.219238
62.151, 60, 7503.664551
62.151, 60, 7504.109375
62.151, 60, 7504.554688
62.151, 60, 7504.999512
62.151, 60, 7505.444824
62.151, 60, 7505.889648
62.151, 60, 7506.334473
62.151, 60, 7506.779785
62.151, 60, 7507.224609
62.151, 60, 7507.669922
62.151, 60, 7508.114746
62.151, 60, 7508.559570
62.151, 60, 7509.004883
62.151, 60, 7509.449707
62.151, 60, 7509.895020
62.151, 60, 7510.339844
62.151, 60, 7510.785156
62.151, 60, 7511.229980
62.151, 60, 7511.674805
62.151, 60, 7512.120117
62.151, 60, 7512.564941
62.151, 60, 7513.010254
62.151, 60, 7513.455078
62.151, 60, 7513.900391
62.151, 60, 7514.345215
62.151, 60, 7514.790039
62.151, 60, 7515.235352
62.151, 60, 7515.680176
62.151, 60, 7516.125488
62.151, 60, 7516.570312
62.151, 60, 7517.015625
62.151, 60, 7517.460449
62.151, 60, 7517.905273
62.151, 60, 7518.350586
62.151, 60, 7518.795410
62.151, 60, 7519.240723
62.151, 60, 7519.685547
62.151, 60, 7520.130371
62.151, 60, 7520.575684
62.151, 60, 7521.020508
62.151, 60, 7521.465820
62.151, 60, 7521.910645
62.151, 60, 7522.355957
62.151, 60, 7522.800781
62.151, 60, 7523.245605
62.151, 60, 7523.690918
62.151, 60, 7524.135742
62.151, 60, 7524.581055
62.151, 60, 7525.025879
62.151, 60, 7525.471191
62.151, 60, 7525.916016
62.151, 60, 7526.360840
62.151, 60, 7526.806152
62.151, 60, 7527.250977
62.151, 60, 7527.696289
62.151, 60, 7528.141113
62.151, 60, 7528.586426
62.151, 60, 7529.031250
62.151, 60, 7529.476074
62.151, 60, 7529.921387
62.151, 60, 7530.366211
62.151, 60, 7530.811523
62.151, 60, 7531.256348
62.151, 60, 7531.701172
62.151, 60, 7532.146484
62.151, 60, 7532.591309
62.151, 60, 7533.036621
62.151, 60, 7533.481445
62.151, 60, 7533.926758
62.151, 60, 7534.371582
62.151, 60, 7534.816406
62.151, 60, 7535.261719
62.151, 60, 7535.706543
62.151, 60, 7536.151855
62.151, 60, 7536.596680
62.151, 60, 7537.041992
62.151, 60, 7537.486816
62.151, 60, 7537.931641
62.151, 60, 7538.376953
62.151, 60, 7538.821777
62.151, 60, 7539.267090
62.151, 60, 7539.711914
62.151, 60, 7540.157227
62.151, 60, 7540.602051
62.151, 60, 7541.046875
62.151, 60, 7541.492188
62.151, 60, 7541.937012
62.151, 60, 7542.382324
62.151, 60, 7542.827148
62.151, 60, 7543.271973
62.151, 60, 7543.717285
62.151, 60, 7544.162109
62.151, 60, 7544.607422
62.151, 60, 7545.052246
62.151, 60, 7545.497559
62.151, 60, 7545.942383
62.151, 60, 7546.387207
62.151, 60, 7546.832520
62.151, 60, 7547.277344
62.151, 60, 7547.722656
62.151, 60, 7548.167480
62.151, 60, 7548.612793
62.151, 60, 7549.057617
62.151, 60, 7549.502441
62.151, 60, 7549.947754
62.151, 60, 7550.392578
62.151, 60, 7550.837891
62.151, 60, 7551.282715
62.151, 60, 7551.728027
62.151, 60, 7552.172852
62.151, 60, 7552.617676
62.151, 60, 7553.062988
62.151, 60, 7553.507812
62.151, 60, 7553.953125
62.151, 60, 7554.397949
62.151, 60, 7554.842773
62.151, 60, 7555.288086
62.151, 60, 7555.732910
62.151, 60, 7556.178223
62.151, 60, 7556.623047
62.151, 60, 7557.068359
62.151, 60, 7557.513184
62.151, 60, 7557.958008
62.151, 60, 7558.403320
62.151, 60, 7558.848145
62.151, 60, 7559.293457
62.151, 60, 7559.738281
62.151, 60, 7560.183594
62.151, 60, 7560.628418
62.151, 60, 7561.073242
62.151, 60, 7561.518555
62.151, 60, 7561.963379
62.151, 60, 7562.408691
62.151, 60, 7562.853516
62.151, 60, 7563.298828
62.151, 60, 7563.743652
62.151, 60, 7564.188477
62.151, 60, 7564.633789
62.151, 60, 7565.078613
62.151, 60, 7565.523926
62.151, 60, 7565.968750
62.151, 60, 7566.413574
62.151, 60, 7566.858887
62.151, 60, 7567.303711
62.151, 60, 7567.749023
62.151, 60, 7568.193848
62.151, 60, 7568.639160
62.151, 60, 7569.083984
62.151, 60, 7569.528809
62.151, 60, 7569.974121
62.151, 60, 7570.418945
62.151, 60, 7570.864258
62.151, 60, 7571.309082
62.151, 60, 7571.754395
62.151, 60, 7572.199219
62.247, 60, 7572.644043
62.247, 60, 7573.089355
62.247, 60, 7573.534180
62.247, 60, 7573.979492
62.247, 60, 7574.424316
62.247, 60, 7574.869629
62.247, 60, 7575.314453
62.247, 60, 7575.759277
62.247, 60, 7576.204590
62.247, 60, 7576.649414
62.247, 60, 7577.094727
62.247, 60, 7577.539551
62.247, 60, 7577.984375
62.247, 60, 7578.429688
62.247, 60, 7578.874512
62.247, 60, 7579.319824
62.247, 60, 7579.764648
62.247, 60, 7580.209961
62.247, 60, 7580.654785
62.247, 60, 7581.099609
62.247, 60, 7581.544922
62.247, 60, 7581.989746
62.247, 60, 7582.435059
62.247, 60, 7582.879883
62.247, 60, 7583.325195
62.247, 60, 7583.770020
62.247, 60, 7584.214844
62.247, 60, 7584.660156
62.247, 60, 7585.104980
62.247, 60, 7585.550293
62.247, 60, 7585.995117
62.247, 60, 7586.440430
62.247, 60, 7586.885254
62.247, 60, 7587.330078
62.247, 60, 7587.775391
62.265, 60, 7588.220215
62.265, 60, 7588.665527
62.265, 60, 7589.110352
62.265, 60, 7589.555176
62.265, 60, 7590.000488
62.265, 60, 7590.445312
62.265, 60, 7590.890625
62.265, 60, 7591.335449
62.265, 60, 7591.780762
62.265, 60, 7592.225586
62.265, 60, 7592.670410
62.265, 60, 7593.115723
62.265, 60, 7593.560547
62.265, 60, 7594.005859
62.265, 60, 7594.450684
62.265, 60, 7594.895996
62.265, 60, 7595.340820
62.265, 60, 7595.785645
62.265, 60, 7596.230957
62.265, 60, 7596.675781
62.265, 60, 7597.121094
62.265, 60, 7597.565918
62.265, 60, 7598.011230
62.265, 60, 7598.456055
62.265, 60, 7598.900879
62.265, 60, 7599.346191
62.265, 60, 7599.791016
62.265, 60, 7600.236328
62.265, 60, 7600.681152
62.265, 60, 7601.125977
62.265, 60, 7601.571289
62.265, 60, 7602.016113
62.265, 60, 7602.461426
62.265, 60, 7602.906250
62.265, 60, 7603.351562
62.265, 60, 7603.796387
62.265, 60, 7604.241211
62.265, 60, 7604.686523
62.265, 60, 7605.131348
62.265, 60, 7605.576660
62.265, 60, 7606.021484
62.265, 60, 7606.466797
62.265, 60, 7606.911621
62.265, 60, 7607.356445
62.265, 60, 7607.801758
62.265, 60, 7608.246582
62.265, 60, 7608.691895
62.265, 60, 7609.136719
62.265, 60, 7609.582031
62.265, 60, 7610.026855
62.265, 60, 7610.471680
62.265, 60, 7610.916992
62.265, 60, 7611.361816
62.265, 60, 7611.807129
62.265, 60, 7612.251953
62.265, 60, 7612.696777
62.265, 60, 7613.142090
62.265, 60, 7613.586914
62.265, 60, 7614.032227
62.265, 60, 7614.477051
62.265, 60, 7614.922363
62.265, 60, 7615.367188
62.265, 60, 7615.812012
62.265, 60, 7616.257324
62.265, 60, 7616.702148
62.265, 60, 7617.147461
62.265, 60, 7617.592285
62.265, 60, 7618.037598
62.265, 60, 7618.482422
62.265, 60, 7618.927246
62.247, 60, 7619.372559
62.247, 60, 7619.817383
62.247, 60, 7620.262695
62.247, 60, 7620.707520
62.247, 60, 7621.152832
62.247, 60, 7621.597656
62.247, 60, 7622.042480
62.247, 60, 7622.487793
62.247, 60, 7622.932617
62.247, 60, 7623.377930
62.247, 60, 7623.822754
62.247, 60, 7624.267578
62.247, 60, 7624.712891
62.247, 60, 7625.157715
62.247, 60, 7625.603027
62.247, 60, 7626.047852
62.247, 60, 7626.493164
62.247, 60, 7626.937988
62.247, 60, 7627.382812
62.247, 60, 7627.828125
62.247, 60, 7628.272949
62.247, 60, 7628.718262
62.247, 60, 7629.163086
62.247, 60, 7629.608398
62.247, 60, 7630.053223
62.247, 60, 7630.498047
62.247, 60, 7630.943359
62.247, 60, 7631.388184
62.247, 60, 7631.833496
62.247, 60, 7632.278320
62.247, 60, 7632.723633
62.247, 60, 7633.168457
62.247, 60, 7633.613281
62.247, 60, 7634.058594
62.247, 60, 7634.503418
62.247, 60, 7634.948730
62.265, 60, 7635.393555
62.265, 60, 7635.838379
62.265, 60, 7636.283691
62.265, 60, 7636.728516
62.265, 60, 7637.173828
62.265, 60, 7637.618652
62.265, 60, 7638.063965
62.265, 60, 7638.508789
62.265, 60, 7638.953613
62.265, 60, 7639.398926
62.265, 60, 7639.843750
62.265, 60, 7640.289062
62.265, 60, 7640.733887
62.265, 60, 7641.179199
62.265, 60, 7641.624023
62.265, 60, 7642.068848
62.265, 60, 7642.514160
62.265, 60, 7642.958984
62.265, 60, 7643.404297
62.265, 60, 7643.849121
62.265, 60, 7644.294434
62.265, 60, 7644.739258
62.265, 60, 7645.184082
62.265, 60, 7645.629395
62.265, 60, 7646.074219
62.265, 60, 7646.519531
62.265, 60, 7646.964355
62.265, 60, 7647.409180
62.265, 60, 7647.854492
62.265, 60, 7648.299316
62.265, 60, 7648.744629
62.265, 60, 7649.189453
62.265, 60, 7649.634766
62.265, 60, 7650.079590
62.265, 60, 7650.524414
62.265, 60, 7650.969727
62.265, 60, 7651.414551
62.265, 60, 7651.859863
62.265, 60, 7652.304688
62.265, 60, 7652.750000
62.265, 60, 7653.194824
62.265, 60, 7653.639648
62.265, 60, 7654.084961
62.265, 60, 7654.529785
62.265, 60, 7654.975098
62.265, 60, 7655.419922
62.265, 60, 7655.865234
62.265, 60, 7656.310059
62.265, 60, 7656.754883
62.265, 60, 7657.200195
62.265, 60, 7657.645020
62.265, 60, 7658.090332
62.265, 60, 7658.535156
62.265, 60, 7658.979980
62.265, 60, 7659.425293
62.265, 60, 7659.870117
62.265, 60, 7660.315430
62.265, 60, 7660.760254
62.265, 60, 7661.205566
62.265, 60, 7661.650391
62.265, 60, 7662.095215
62.265, 60, 7662.540527
62.265, 60, 7662.985352
62.265, 60, 7663.430664
62.265, 60, 7663.875488
62.265, 60, 7664.320801
62.265, 60, 7664.765625
62.265, 60, 7665.210449
62.265, 60, 7665.655762
62.265, 60, 7666.100586
62.265, 60, 7666.545898
62.265, 60, 7666.990723
62.265, 60, 7667.436035
62.265, 60, 7667.880859
62.265, 60, 7668.325684
62.265, 60, 7668.770996
62.265, 60, 7669.215820
62.265, 60, 7669.661133
62.265, 60, 7670.105957
62.265, 60, 7670.550781
62.265, 60, 7670.996094
62.265, 60, 7671.440918
62.265, 60, 7671.886230
62.265, 60, 7672.331055
62.265, 60, 7672.776367
62.265, 60, 7673.221191
62.265, 60, 7673.666016
62.265, 60, 7674.111328
62.265, 60, 7674.556152
62.265, 60, 7675.001465
62.265, 60, 7675.446289
62.265, 60, 7675.891602
62.265, 60, 7676.336426
62.265, 60, 7676.781250
62.265, 60, 7677.226562
62.265, 60, 7677.671387
62.265, 60, 7678.116699
62.265, 60, 7678.561523
62.265, 60, 7679.006836
62.265, 60, 7679.451660
62.265, 60, 7679.896484
62.265, 60, 7680.341797
62.265, 60, 7680.786621
62.265, 60, 7681.231934
62.265, 60, 7681.676758
62.342, 60, 7682.121582
62.342, 60, 7682.566895
62.342, 60, 7683.011719
62.342, 60, 7683.457031
62.342, 60, 7683.901855
62.342, 60, 7684.347168
62.342, 60, 7684.791992
62.342, 60, 7685.236816
62.342, 60, 7685.682129
62.342, 60, 7686.126953
62.342, 60, 7686.572266
62.342, 60, 7687.017090
62.342, 60, 7687.462402
62.342, 60, 7687.907227
62.342, 60, 7688.352051
62.342, 60, 7688.797363
62.342, 60, 7689.242188
62.342, 60, 7689.687500
62.342, 60, 7690.132324
62.342, 60, 7690.577637
62.342, 60, 7691.022461
62.342, 60, 7691.467285
62.342, 60, 7691.912598
62.342, 60, 7692.357422
62.342, 60, 7692.802734
62.342, 60, 7693.247559
62.342, 60, 7693.692383
62.342, 60, 7694.137695
62.342, 60, 7694.582520
62.342, 60, 7695.027832
62.342, 60, 7695.472656
62.342, 60, 7695.917969
62.342, 60, 7696.362793
62.342, 60, 7696.807617
62.342, 60, 7697.252930
62.342, 60, 7697.697754
62.342, 60, 7698.143066
62.342, 60, 7698.587891
62.342, 60, 7699.033203
62.342, 60, 7699.478027
62.342, 60, 7699.922852
62.342, 60, 7700.368164
62.342, 60, 7700.812988
62.342, 60, 7701.258301
62.342, 60, 7701.703125
62.342, 60, 7702.148438
62.342, 60, 7702.593262
62.342, 60, 7703.038086
62.342, 60, 7703.483398
62.342, 60, 7703.928223
62.342, 60, 7704.373535
62.342, 60, 7704.818359
62.342, 60, 7705.263184
62.342, 60, 7705.708496
62.342, 60, 7706.153320
62.342, 60, 7706.598633
62.342, 60, 7707.043457
62.342, 60, 7707.488770
62.342, 60, 7707.933594
62.342, 60, 7708.378418
62.342, 60, 7708.823730
62.342, 60, 7709.268555
62.342, 60, 7709.713867
62.342, 60, 7710.158691
62.342, 60, 7710.604004
62.342, 60, 7711.048828
62.342, 60, 7711.493652
62.342, 60, 7711.938965
62.342, 60, 7712.383789
62.342, 60, 7712.829102
62.342, 60, 7713.273926
62.342, 60, 7713.719238
62.342, 60, 7714.164062
62.342, 60, 7714.608887
62.342, 60, 7715.054199
62.342, 60, 7715.499023
62.342, 60, 7715.944336
62.342, 60, 7716.389160
62.342, 60, 7716.833984
62.342, 60, 7717.279297
62.342, 60, 7717.724121
62.342, 60, 7718.169434
62.342, 60, 7718.614258
62.342, 60, 7719.059570
62.342, 60, 7719.504395
62.342, 60, 7719.949219
62.342, 60, 7720.394531
62.342, 60, 7720.839355
62.342, 60, 7721.284668
62.342, 60, 7721.729492
62.342, 60, 7722.174805
62.342, 60, 7722.619629
62.342, 60, 7723.064453
62.342, 60, 7723.509766
62.342, 60, 7723.954590
62.342, 60, 7724.399902
62.342, 60, 7724.844727
62.342, 60, 7725.290039
62.342, 60, 7725.734863
62.342, 60, 7726.179688
62.342, 60, 7726.625000
62.342, 60, 7727.069824
62.342, 60, 7727.515137
62.342, 60, 7727.959961
62.342, 60, 7728.404785
62.436, 60, 7728.850098
62.436, 60, 7729.294922
62.436, 60, 7729.740234
62.436, 60, 7730.185059
62.436, 60, 7730.630371
62.436, 60, 7731.075195
62.436, 60, 7731.520020
62.436, 60, 7731.965332
62.436, 60, 7732.410156
62.436, 60, 7732.855469
62.436, 60, 7733.300293
62.436, 60, 7733.745605
62.436, 60, 7734.190430
62.436, 60, 7734.635254
62.436, 60, 7735.080566
62.436, 60, 7735.525391
62.436, 60, 7735.970703
62.436, 60, 7736.415527
62.436, 60, 7736.860840
62.436, 60, 7737.305664
62.436, 60, 7737.750488
62.436, 60, 7738.195801
62.436, 60, 7738.640625
62.436, 60, 7739.085938
62.436, 60, 7739.530762
62.436, 60, 7739.975586
62.436, 60, 7740.420898
62.436, 60, 7740.865723
62.436, 60, 7741.311035
62.436, 60, 7741.755859
62.436, 60, 7742.201172
62.436, 60, 7742.645996
62.436, 60, 7743.090820
62.436, 60, 7743.536133
62.436, 60, 7743.980957
62.247, 60, 7744.426270
62.247, 60, 7744.871094
62.247, 60, 7745.316406
62.247, 60, 7745.761230
62.247, 60, 7746.206055
62.247, 60, 7746.651367
62.247, 60, 7747.096191
62.247, 60, 7747.541504
62.247, 60, 7747.986328
62.247, 60, 7748.431641
62.247, 60, 7748.876465
62.247, 60, 7749.321289
62.247, 60, 7749.766602
62.247, 60, 7750.211426
62.247, 60, 7750.656738
62.247, 60, 7751.101562
62.247, 60, 7751.546387
62.247, 60, 7751.991699
62.247, 60, 7752.436523
62.247, 60, 7752.881836
62.247, 60, 7753.326660
62.247, 60, 7753.771973
62.247, 60, 7754.216797
62.247, 60, 7754.661621
62.247, 60, 7755.106934
62.247, 60, 7755.551758
62.247, 60, 7755.997070
62.247, 60, 7756.441895
62.247, 60, 7756.887207
62.247, 60, 7757.332031
62.247, 60, 7757.776855
62.247, 60, 7758.222168
62.247, 60, 7758.666992
62.247, 60, 7759.112305
62.169, 60, 7759.557129
62.169, 60, 7760.002441
62.169, 60, 7760.447266
62.169, 60, 7760.892090
62.169, 60, 7761.337402
62.169, 60, 7761.782227
62.169, 60, 7762.227539
62.169, 60, 7762.672363
62.169, 60, 7763.117188
62.169, 60, 7763.562500
62.169, 60, 7764.007324
62.169, 60, 7764.452637
62.169, 60, 7764.897461
62.169, 60, 7765.342773
62.169, 60, 7765.787598
62.169, 60, 7766.232422
62.169, 60, 7766.677734
62.169, 60, 7767.122559
62.169, 60, 7767.567871
62.169, 60, 7768.012695
62.169, 60, 7768.458008
62.169, 60, 7768.902832
62.169, 60, 7769.347656
62.169, 60, 7769.792969
62.169, 60, 7770.237793
62.169, 60, 7770.683105
62.169, 60, 7771.127930
62.169, 60, 7771.573242
62.169, 60, 7772.018066
62.169, 60, 7772.462891
62.169, 60, 7772.908203
62.169, 60, 7773.353027
62.169, 60, 7773.798340
62.169, 60, 7774.243164
62.169, 60, 7774.687988
62.074, 60, 7775.133301
62.074, 60, 7775.578125
62.074, 60, 7776.023438
62.074, 60, 7776.468262
62.074, 60, 7776.913574
62.074, 60, 7777.358398
62.074, 60, 7777.803223
62.074, 60, 7778.248535
62.074, 60, 7778.693359
62.074, 60, 7779.138672
62.074, 60, 7779.583496
62.074, 60, 7780.028809
62.074, 60, 7780.473633
62.074, 60, 7780.918457
62.074, 60, 7781.363770
62.074, 60, 7781.808594
62.074, 60, 7782.253906
62.074, 60, 7782.698730
62.074, 60, 7783.144043
62.074, 60, 7783.588867
62.074, 60, 7784.033691
62.074, 60, 7784.479004
62.074, 60, 7784.923828
62.074, 60, 7785.369141
62.074, 60, 7785.813965
62.074, 60, 7786.258789
62.074, 60, 7786.704102
62.074, 60, 7787.148926
62.074, 60, 7787.594238
62.074, 60, 7788.039062
62.074, 60, 7788.484375
62.074, 60, 7788.929199
62.074, 60, 7789.374023
62.074, 60, 7789.819336
61.979, 60, 7790.264160
61.979, 60, 7790.709473
61.979, 60, 7791.154297
61.979, 60, 7791.599609
61.979, 60, 7792.044434
61.979, 60, 7792.489258
61.979, 60, 7792.934570
61.979, 60, 7793.379395
61.979, 60, 7793.824707
61.979, 60, 7794.269531
61.979, 60, 7794.714844
61.979, 60, 7795.159668
61.979, 60, 7795.604492
61.979, 60, 7796.049805
61.979, 60, 7796.494629
61.979, 60, 7796.939941
61.979, 60, 7797.384766
61.979, 60, 7797.829590
61.979, 60, 7798.274902
61.979, 60, 7798.719727
61.979, 60, 7799.165039
61.979, 60, 7799.609863
61.979, 60, 7800.055176
61.979, 60, 7800.500000
61.979, 60, 7800.944824
61.979, 60, 7801.390137
61.979, 60, 7801.834961
61.979, 60, 7802.280273
61.979, 60, 7802.725098
61.979, 60, 7803.170410
61.979, 60, 7803.615234
61.979, 60, 7804.060059
61.979, 60, 7804.505371
61.979, 60, 7804.950195
61.979, 60, 7805.395508
61.979, 60, 7805.840332
61.979, 60, 7806.285645
61.979, 60, 7806.730469
61.979, 60, 7807.175293
61.979, 60, 7807.620605
61.979, 60, 7808.065430
61.979, 60, 7808.510742
61.979, 60, 7808.955566
61.979, 60, 7809.400391
61.979, 60, 7809.845703
61.979, 60, 7810.290527
61.979, 60, 7810.735840
61.979, 60, 7811.180664
61.979, 60, 7811.625977
61.979, 60, 7812.070801
61.979, 60, 7812.515625
61.979, 60, 7812.960938
61.979, 60, 7813.405762
61.979, 60, 7813.851074
61.979, 60, 7814.295898
61.979, 60, 7814.741211
61.979, 60, 7815.186035
61.979, 60, 7815.630859
61.979, 60, 7816.076172
61.979, 60, 7816.520996
61.979, 60, 7816.966309
61.979, 60, 7817.411133
61.979, 60, 7817.856445
61.979, 60, 7818.301270
61.979, 60, 7818.746094
61.979, 60, 7819.191406
61.979, 60, 7819.636230
61.979, 60, 7820.081543
61.979, 60, 7820.526367
61.979, 60, 7820.971191
61.979, 60, 7821.416504
61.979, 60, 7821.861328
61.979, 60, 7822.306641
61.979, 60, 7822.751465
61.979, 60, 7823.196777
61.979, 60, 7823.641602
61.979, 60, 7824.086426
61.979, 60, 7824.531738
61.979, 60, 7824.976562
61.979, 60, 7825.421875
61.979, 60, 7825.866699
61.979, 60, 7826.312012
61.979, 60, 7826.756836
61.979, 60, 7827.201660
61.979, 60, 7827.646973
61.979, 60, 7828.091797
61.979, 60, 7828.537109
61.979, 60, 7828.981934
61.979, 60, 7829.427246
61.979, 60, 7829.872070
61.979, 60, 7830.316895
61.979, 60, 7830.762207
61.979, 60, 7831.207031
61.979, 60, 7831.652344
61.979, 60, 7832.097168
61.979, 60, 7832.541992
61.979, 60, 7832.987305
61.979, 60, 7833.432129
61.979, 60, 7833.877441
61.979, 60, 7834.322266
61.979, 60, 7834.767578
61.979, 60, 7835.212402
61.884, 60, 7835.657227
61.884, 60, 7836.102539
61.884, 60, 7836.547363
61.884, 60, 7836.992676
61.884, 60, 7837.437500
61.884, 60, 7837.882812
61.884, 60, 7838.327637
61.884, 60, 7838.772461
61.884, 60, 7839.217773
61.884, 60, 7839.662598
61.884, 60, 7840.107910
61.884, 60, 7840.552734
61.884, 60, 7840.998047
61.884, 60, 7841.442871
61.884, 60, 7841.887695
61.884, 60, 7842.333008
61.884, 60, 7842.777832
61.884, 60, 7843.223145
61.884, 60, 7843.667969
61.884, 60, 7844.112793
61.884, 60, 7844.558105
61.884, 60, 7845.002930
61.884, 60, 7845.448242
61.884, 60, 7845.893066
61.884, 60, 7846.338379
61.884, 60, 7846.783203
61.884, 60, 7847.228027
61.884, 60, 7847.673340
61.884, 60, 7848.118164
61.884, 60, 7848.563477
61.884, 60, 7849.008301
61.884, 60, 7849.453613
61.884, 60, 7849.898438
61.884, 60, 7850.343262
61.884, 60, 7850.788574
61.979, 60, 7851.233398
61.979, 60, 7851.678711
61.979, 60, 7852.123535
61.979, 60, 7852.568848
61.979, 60, 7853.013672
61.979, 60, 7853.458496
61.979, 60, 7853.903809
61.979, 60, 7854.348633
61.979, 60, 7854.793945
61.979, 60, 7855.238770
61.979, 60, 7855.683594
61.979, 60, 7856.128906
61.979, 60, 7856.573730
61.979, 60, 7857.019043
61.979, 60, 7857.463867
61.979, 60, 7857.909180
61.979, 60, 7858.354004
61.979, 60, 7858.798828
61.979, 60, 7859.244141
61.979, 60, 7859.688965
61.979, 60, 7860.134277
61.979, 60, 7860.579102
61.979, 60, 7861.024414
61.979, 60, 7861.469238
61.979, 60, 7861.914062
61.979, 60, 7862.359375
61.979, 60, 7862.804199
61.979, 60, 7863.249512
61.979, 60, 7863.694336
61.979, 60, 7864.139648
61.979, 60, 7864.584473
61.979, 60, 7865.029297
61.979, 60, 7865.474609
61.979, 60, 7865.919434
61.979, 60, 7866.364746
61.979, 60, 7866.809570
61.979, 60, 7867.254395
61.979, 60, 7867.699707
61.979, 60, 7868.144531
61.979, 60, 7868.589844
61.979, 60, 7869.034668
61.979, 60, 7869.479980
61.979, 60, 7869.924805
61.979, 60, 7870.369629
61.979, 60, 7870.814941
61.979, 60, 7871.259766
61.979, 60, 7871.705078
61.979, 60, 7872.149902
61.979, 60, 7872.595215
61.979, 60, 7873.040039
61.979, 60, 7873.484863
61.979, 60, 7873.930176
61.979, 60, 7874.375000
61.979, 60, 7874.820312
61.979, 60, 7875.265137
61.979, 60, 7875.710449
61.979, 60, 7876.155273
61.979, 60, 7876.600098
61.979, 60, 7877.045410
61.979, 60, 7877.490234
61.979, 60, 7877.935547
61.979, 60, 7878.380371
61.979, 60, 7878.825195
61.979, 60, 7879.270508
61.979, 60, 7879.715332
61.979, 60, 7880.160645
61.979, 60, 7880.605469
61.979, 60, 7881.050781
61.979, 60, 7881.495605
61.979, 60, 7881.940430
61.979, 60, 7882.385742
61.979, 60, 7882.830566
61.979, 60, 7883.275879
61.979, 60, 7883.720703
61.979, 60, 7884.166016
61.979, 60, 7884.610840
61.979, 60, 7885.055664
61.979, 60, 7885.500977
61.979, 60, 7885.945801
61.979, 60, 7886.391113
61.979, 60, 7886.835938
61.979, 60, 7887.281250
61.979, 60, 7887.726074
61.979, 60, 7888.170898
61.979, 60, 7888.616211
61.979, 60, 7889.061035
61.979, 60, 7889.506348
61.979, 60, 7889.951172
61.979, 60, 7890.395996
61.979, 60, 7890.841309
61.979, 60, 7891.286133
61.979, 60, 7891.731445
61.979, 60, 7892.176270
61.979, 60, 7892.621582
61.979, 60, 7893.066406
61.979, 60, 7893.511230
61.979, 60, 7893.956543
61.979, 60, 7894.401367
61.979, 60, 7894.846680
61.979, 60, 7895.291504
61.979, 60, 7895.736816
61.979, 60, 7896.181641
61.979, 60, 7896.626465
62.169, 60, 7897.071777
62.169, 60, 7897.516602
62.169, 60, 7897.961914
62.169, 60, 7898.406738
62.169, 60, 7898.852051
62.169, 60, 7899.296875
62.169, 60, 7899.741699
62.169, 60, 7900.187012
62.169, 60, 7900.631836
62.169, 60, 7901.077148
62.169, 60, 7901.521973
62.169, 60, 7901.966797
62.169, 60, 7902.412109
62.169, 60, 7902.856934
62.169, 60, 7903.302246
62.169, 60, 7903.747070
62.169, 60, 7904.192383
62.169, 60, 7904.637207
62.169, 60, 7905.082031
62.169, 60, 7905.527344
62.169, 60, 7905.972168
62.169, 60, 7906.417480
62.169, 60, 7906.862305
62.169, 60, 7907.307617
62.169, 60, 7907.752441
62.169, 60, 7908.197266
62.169, 60, 7908.642578
62.169, 60, 7909.087402
62.169, 60, 7909.532715
62.169, 60, 7909.977539
62.169, 60, 7910.422852
62.169, 60, 7910.867676
62.169, 60, 7911.312500
62.169, 60, 7911.757812
62.074, 60, 7912.202637
62.074, 60, 7912.647949
62.074, 60, 7913.092773
62.074, 60, 7913.537598
62.074, 60, 7913.982910
62.074, 60, 7914.427734
62.074, 60, 7914.873047
62.074, 60, 7915.317871
62.074, 60, 7915.763184
62.074, 60, 7916.208008
62.074, 60, 7916.652832
62.074, 60, 7917.098145
62.074, 60, 7917.542969
62.074, 60, 7917.988281
62.074, 60, 7918.433105
62.074, 60, 7918.878418
62.074, 60, 7919.323242
62.074, 60, 7919.768066
62.074, 60, 7920.213379
62.074, 60, 7920.658203
62.074, 60, 7921.103516
62.074, 60, 7921.548340
62.074, 60, 7921.993652
62.074, 60, 7922.438477
62.074, 60, 7922.883301
62.074, 60, 7923.328613
62.074, 60, 7923.773438
62.074, 60, 7924.218750
62.074, 60, 7924.663574
62.074, 60, 7925.108398
62.074, 60, 7925.553711
62.074, 60, 7925.998535
62.074, 60, 7926.443848
62.074, 60, 7926.888672
61.979, 60, 7927.333984
61.979, 60, 7927.778809
61.979, 60, 7928.223633
61.979, 60, 7928.668945
61.979, 60, 7929.113770
61.979, 60, 7929.559082
61.979, 60, 7930.003906
61.979, 60, 7930.449219
61.979, 60, 7930.894043
61.979, 60, 7931.338867
61.979, 60, 7931.784180
61.979, 60, 7932.229004
61.979, 60, 7932.674316
61.979, 60, 7933.119141
61.979, 60, 7933.564453
61.979, 60, 7934.009277
61.979, 60, 7934.454102
61.979, 60, 7934.899414
61.979, 60, 7935.344238
61.979, 60, 7935.789551
61.979, 60, 7936.234375
61.979, 60, 7936.679199
61.979, 60, 7937.124512
61.979, 60, 7937.569336
61.979, 60, 7938.014648
61.979, 60, 7938.459473
61.979, 60, 7938.904785
61.979, 60, 7939.349609
61.979, 60, 7939.794434
61.979, 60, 7940.239746
61.979, 60, 7940.684570
61.979, 60, 7941.129883
61.979, 60, 7941.574707
61.979, 60, 7942.020020
61.979, 60, 7942.464844
61.979, 60, 7942.909668
61.979, 60, 7943.354980
61.979, 60, 7943.799805
61.979, 60, 7944.245117
61.979, 60, 7944.689941
61.979, 60, 7945.135254
61.979, 60, 7945.580078
61.979, 60, 7946.024902
61.979, 60, 7946.470215
61.979, 60, 7946.915039
61.979, 60, 7947.360352
61.979, 60, 7947.805176
61.979, 60, 7948.250000
61.979, 60, 7948.695312
61.979, 60, 7949.140137
61.979, 60, 7949.585449
61.979, 60, 7950.030273
61.979, 60, 7950.475586
61.979, 60, 7950.920410
61.979, 60, 7951.365234
61.979, 60, 7951.810547
61.979, 60, 7952.255371
61.979, 60, 7952.700684
61.979, 60, 7953.145508
61.979, 60, 7953.590820
61.979, 60, 7954.035645
61.979, 60, 7954.480469
61.979, 60, 7954.925781
61.979, 60, 7955.370605
61.979, 60, 7955.815918
61.979, 60, 7956.260742
61.979, 60, 7956.706055
61.979, 60, 7957.150879
62.074, 60, 7957.595703
62.074, 60, 7958.041016
62.074, 60, 7958.485840
62.074, 60, 7958.931152
62.074, 60, 7959.375977
62.074, 60, 7959.820801
62.074, 60, 7960.266113
62.074, 60, 7960.710938
62.074, 60, 7961.156250
62.074, 60, 7961.601074
62.074, 60, 7962.046387
62.074, 60, 7962.491211
62.074, 60, 7962.936035
62.074, 60, 7963.381348
62.074, 60, 7963.826172
62.074, 60, 7964.271484
62.074, 60, 7964.716309
62.074, 60, 7965.161621
62.074, 60, 7965.606445
62.074, 60, 7966.051270
62.074, 60, 7966.496582
62.074, 60, 7966.941406
62.074, 60, 7967.386719
62.074, 60, 7967.831543
62.074, 60, 7968.276855
62.074, 60, 7968.721680
62.074, 60, 7969.166504
62.074, 60, 7969.611816
62.074, 60, 7970.056641
62.074, 60, 7970.501953
62.074, 60, 7970.946777
62.074, 60, 7971.391602
62.074, 60, 7971.836914
62.074, 60, 7972.281738
62.056, 60, 7972.727051
62.056, 60, 7973.171875
62.056, 60, 7973.617188
62.056, 60, 7974.062012
62.056, 60, 7974.506836
62.056, 60, 7974.952148
62.056, 60, 7975.396973
62.056, 60, 7975.842285
62.056, 60, 7976.287109
62.056, 60, 7976.732422
62.056, 60, 7977.177246
62.056, 60, 7977.622070
62.056, 60, 7978.067383
62.056, 60, 7978.512207
62.056, 60, 7978.957520
62.056, 60, 7979.402344
62.056, 60, 7979.847656
62.056, 60, 7980.292480
62.056, 60, 7980.737305
62.056, 60, 7981.182617
62.056, 60, 7981.627441
62.056, 60, 7982.072754
62.056, 60, 7982.517578
62.056, 60, 7982.962402
62.056, 60, 7983.407715
62.056, 60, 7983.852539
62.056, 60, 7984.297852
62.056, 60, 7984.742676
62.056, 60, 7985.187988
62.056, 60, 7985.632812
62.056, 60, 7986.077637
62.056, 60, 7986.522949
62.056, 60, 7986.967773
62.056, 60, 7987.413086
62.056, 60, 7987.857910
62.169, 60, 7988.303223
62.169, 60, 7988.748047
62.169, 60, 7989.192871
62.169, 60, 7989.638184
62.169, 60, 7990.083008
62.169, 60, 7990.528320
62.169, 60, 7990.973145
62.169, 60, 7991.418457
62.169, 60, 7991.863281
62.169, 60, 7992.308105
62.169, 60, 7992.753418
62.169, 60, 7993.198242
62.169, 60, 7993.643555
62.169, 60, 7994.088379
62.169, 60, 7994.533203
62.169, 60, 7994.978516
62.169, 60, 7995.423340
62.169, 60, 7995.868652
62.169, 60, 7996.313477
62.169, 60, 7996.758789
62.169, 60, 7997.203613
62.169, 60, 7997.648438
62.169, 60, 7998.093750
62.169, 60, 7998.538574
62.169, 60, 7998.983887
62.169, 60, 7999.428711
62.169, 60, 7999.874023
62.169, 60, 8000.318848
62.169, 60, 8000.763672
62.169, 60, 8001.208984
62.169, 60, 8001.653809
62.169, 60, 8002.099121
62.169, 60, 8002.543945
62.169, 60, 8002.989258
62.169, 60, 8003.434082
62.151, 60, 8003.878906
62.151, 60, 8004.324219
62.151, 60, 8004.769043
62.151, 60, 8005.214355
62.151, 60, 8005.659180
62.151, 60, 8006.104004
62.151, 60, 8006.549316
62.151, 60, 8006.994141
62.151, 60, 8007.439453
62.151, 60, 8007.884277
62.151, 60, 8008.329590
62.151, 60, 8008.774414
62.151, 60, 8009.219238
62.151, 60, 8009.664551
62.151, 60, 8010.109375
62.151, 60, 8010.554688
62.151, 60, 8010.999512
62.151, 60, 8011.444824
62.151, 60, 8011.889648
62.151, 60, 8012.334473
62.151, 60, 8012.779785
62.151, 60, 8013.224609
62.151, 60, 8013.669922
62.151, 60, 8014.114746
62.151, 60, 8014.560059
62.151, 60, 8015.004883
62.151, 60, 8015.449707
62.151, 60, 8015.895020
62.151, 60, 8016.339844
62.151, 60, 8016.785156
62.151, 60, 8017.229980
62.151, 60, 8017.674805
62.151, 60, 8018.120117
62.151, 60, 8018.564941
62.151, 60, 8019.010254
62.151, 60, 8019.455078
62.151, 60, 8019.900391
62.151, 60, 8020.345215
62.151, 60, 8020.790039
62.151, 60, 8021.235352
62.151, 60, 8021.680176
62.151, 60, 8022.125488
62.151, 60, 8022.570312
62.151, 60, 8023.015625
62.151, 60, 8023.460449
62.151, 60, 8023.905273
62.151, 60, 8024.350586
62.151, 60, 8024.795410
62.151, 60, 8025.240723
62.151, 60, 8025.685547
62.151, 60, 8026.130859
62.151, 60, 8026.575684
62.151, 60, 8027.020508
62.151, 60, 8027.465820
62.151, 60, 8027.910645
62.151, 60, 8028.355957
62.151, 60, 8028.800781
62.151, 60, 8029.245605
62.151, 60, 8029.690918
62.151, 60, 8030.135742
62.151, 60, 8030.581055
62.151, 60, 8031.025879
62.151, 60, 8031.471191
62.151, 60, 8031.916016
62.151, 60, 8032.360840
62.151, 60, 8032.806152
62.151, 60, 8033.250977
62.151, 60, 8033.696289
62.151, 60, 8034.141113
62.151, 60, 8034.586426
62.151, 60, 8035.031250
62.151, 60, 8035.476074
62.151, 60, 8035.921387
62.151, 60, 8036.366211
62.151, 60, 8036.811523
62.151, 60, 8037.256348
62.151, 60, 8037.701660
62.151, 60, 8038.146484
62.151, 60, 8038.591309
62.151, 60, 8039.036621
62.151, 60, 8039.481445
62.151, 60, 8039.926758
62.151, 60, 8040.371582
62.151, 60, 8040.816406
62.151, 60, 8041.261719
62.151, 60, 8041.706543
62.151, 60, 8042.151855
62.151, 60, 8042.596680
62.151, 60, 8043.041992
62.151, 60, 8043.486816
62.151, 60, 8043.931641
62.151, 60, 8044.376953
62.151, 60, 8044.821777
62.151, 60, 8045.267090
62.151, 60, 8045.711914
62.151, 60, 8046.157227
62.151, 60, 8046.602051
62.151, 60, 8047.046875
62.151, 60, 8047.492188
62.151, 60, 8047.937012
62.151, 60, 8048.382324
62.151, 60, 8048.827148
62.247, 60, 8049.272461
62.247, 60, 8049.717285
62.247, 60, 8050.162109
62.247, 60, 8050.607422
62.247, 60, 8051.052246
62.247, 60, 8051.497559
62.247, 60, 8051.942383
62.247, 60, 8052.387207
62.247, 60, 8052.832520
62.247, 60, 8053.277344
62.247, 60, 8053.722656
62.247, 60, 8054.167480
62.247, 60, 8054.612793
62.247, 60, 8055.057617
62.247, 60, 8055.502441
62.247, 60, 8055.947754
62.247, 60, 8056.392578
62.247, 60, 8056.837891
62.247, 60, 8057.282715
62.247, 60, 8057.728027
62.247, 60, 8058.172852
62.247, 60, 8058.617676
62.247, 60, 8059.062988
62.247, 60, 8059.507812
62.247, 60, 8059.953125
62.247, 60, 8060.397949
62.247, 60, 8060.843262
62.247, 60, 8061.288086
62.247, 60, 8061.732910
62.247, 60, 8062.178223
62.247, 60, 8062.623047
62.247, 60, 8063.068359
62.247, 60, 8063.513184
62.247, 60, 8063.958008
62.247, 60, 8064.403320
62.247, 60, 8064.848145
62.247, 60, 8065.293457
62.247, 60, 8065.738281
62.247, 60, 8066.183594
62.247, 60, 8066.628418
62.247, 60, 8067.073242
62.247, 60, 8067.518555
62.247, 60, 8067.963379
62.247, 60, 8068.408691
62.247, 60, 8068.853516
62.247, 60, 8069.298828
62.247, 60, 8069.743652
62.247, 60, 8070.188477
62.247, 60, 8070.633789
62.247, 60, 8071.078613
62.247, 60, 8071.523926
62.247, 60, 8071.968750
62.247, 60, 8072.414062
62.247, 60, 8072.858887
62.247, 60, 8073.303711
62.247, 60, 8073.749023
62.247, 60, 8074.193848
62.247, 60, 8074.639160
62.247, 60, 8075.083984
62.247, 60, 8075.528809
62.247, 60, 8075.974121
62.247, 60, 8076.418945
62.247, 60, 8076.864258
62.247, 60, 8077.309082
62.247, 60, 8077.754395
62.247, 60, 8078.199219
62.247, 60, 8078.644043
62.247, 60, 8079.089355
62.247, 60, 8079.534180
62.265, 60, 8079.979492
62.265, 60, 8080.424316
62.265, 60, 8080.869629
62.265, 60, 8081.314453
62.265, 60, 8081.759277
62.265, 60, 8082.204590
62.265, 60, 8082.649414
62.265, 60, 8083.094727
62.265, 60, 8083.539551
62.265, 60, 8083.984863
62.265, 60, 8084.429688
62.265, 60, 8084.874512
62.265, 60, 8085.319824
62.265, 60, 8085.764648
62.265, 60, 8086.209961
62.265, 60, 8086.654785
62.265, 60, 8087.099609
62.265, 60, 8087.544922
62.265, 60, 8087.989746
62.265, 60, 8088.435059
62.265, 60, 8088.879883
62.265, 60, 8089.325195
62.265, 60, 8089.770020
62.265, 60, 8090.214844
62.265, 60, 8090.660156
62.265, 60, 8091.104980
62.265, 60, 8091.550293
62.265, 60, 8091.995117
62.265, 60, 8092.440430
62.265, 60, 8092.885254
62.265, 60, 8093.330078
62.265, 60, 8093.775391
62.265, 60, 8094.220215
62.265, 60, 8094.665527
62.265, 60, 8095.110352
62.169, 60, 8095.555664
62.169, 60, 8096.000488
62.169, 60, 8096.445312
62.169, 60, 8096.890625
62.169, 60, 8097.335449
62.169, 60, 8097.780762
62.169, 60, 8098.225586
62.169, 60, 8098.670410
62.169, 60, 8099.115723
62.169, 60, 8099.560547
62.169, 60, 8100.005859
62.169, 60, 8100.450684
62.169, 60, 8100.895996
62.169, 60, 8101.340820
62.169, 60, 8101.785645
62.169, 60, 8102.230957
62.169, 60, 8102.675781
62.169, 60, 8103.121094
62.169, 60, 8103.565918
62.169, 60, 8104.011230
62.169, 60, 8104.456055
62.169, 60, 8104.900879
62.169, 60, 8105.346191
62.169, 60, 8105.791016
62.169, 60, 8106.236328
62.169, 60, 8106.681152
62.169, 60, 8107.126465
62.169, 60, 8107.571289
62.169, 60, 8108.016113
62.169, 60, 8108.461426
62.169, 60, 8108.906250
62.169, 60, 8109.351562
62.169, 60, 8109.796387
62.169, 60, 8110.241211
62.169, 60, 8110.686523
62.169, 60, 8111.131348
62.169, 60, 8111.576660
62.169, 60, 8112.021484
62.169, 60, 8112.466797
62.169, 60, 8112.911621
62.169, 60, 8113.356445
62.169, 60, 8113.801758
62.169, 60, 8114.246582
62.169, 60, 8114.691895
62.169, 60, 8115.136719
62.169, 60, 8115.582031
62.169, 60, 8116.026855
62.169, 60, 8116.471680
62.169, 60, 8116.916992
62.169, 60, 8117.361816
62.169, 60, 8117.807129
62.169, 60, 8118.251953
62.169, 60, 8118.697266
62.169, 60, 8119.142090
62.169, 60, 8119.586914
62.169, 60, 8120.032227
62.169, 60, 8120.477051
62.169, 60, 8120.922363
62.169, 60, 8121.367188
62.169, 60, 8121.812012
62.169, 60, 8122.257324
62.169, 60, 8122.702148
62.169, 60, 8123.147461
62.169, 60, 8123.592285
62.169, 60, 8124.037598
62.169, 60, 8124.482422
62.169, 60, 8124.927246
62.169, 60, 8125.372559
62.169, 60, 8125.817383
62.169, 60, 8126.262695
62.169, 60, 8126.707520
62.169, 60, 8127.152832
62.169, 60, 8127.597656
62.169, 60, 8128.042480
62.169, 60, 8128.487793
62.169, 60, 8128.932617
62.169, 60, 8129.377930
62.169, 60, 8129.822754
62.169, 60, 8130.268066
62.169, 60, 8130.712891
62.169, 60, 8131.157715
62.169, 60, 8131.603027
62.169, 60, 8132.047852
62.169, 60, 8132.493164
62.169, 60, 8132.937988
62.169, 60, 8133.382812
62.169, 60, 8133.828125
62.169, 60, 8134.272949
62.169, 60, 8134.718262
62.169, 60, 8135.163086
62.169, 60, 8135.608398
62.169, 60, 8136.053223
62.169, 60, 8136.498047
62.169, 60, 8136.943359
62.169, 60, 8137.388184
62.169, 60, 8137.833496
62.169, 60, 8138.278320
62.169, 60, 8138.723633
62.169, 60, 8139.168457
62.169, 60, 8139.613281
62.169, 60, 8140.058594
62.169, 60, 8140.503418
62.169, 60, 8140.948730
62.169, 60, 8141.393555
62.169, 60, 8141.838867
62.169, 60, 8142.283691
62.169, 60, 8142.728516
62.169, 60, 8143.173828
62.169, 60, 8143.618652
62.169, 60, 8144.063965
62.169, 60, 8144.508789
62.169, 60, 8144.953613
62.169, 60, 8145.398926
62.169, 60, 8145.843750
62.169, 60, 8146.289062
62.169, 60, 8146.733887
62.169, 60, 8147.179199
62.169, 60, 8147.624023
62.169, 60, 8148.068848
62.169, 60, 8148.514160
62.169, 60, 8148.958984
62.169, 60, 8149.404297
62.169, 60, 8149.849121
62.169, 60, 8150.294434
62.169, 60, 8150.739258
62.169, 60, 8151.184082
62.169, 60, 8151.629395
62.169, 60, 8152.074219
62.169, 60, 8152.519531
62.169, 60, 8152.964355
62.169, 60, 8153.409668
62.169, 60, 8153.854492
62.169, 60, 8154.299316
62.169, 60, 8154.744629
62.169, 60, 8155.189453
62.169, 60, 8155.634766
62.169, 60, 8156.079590
62.169, 60, 8156.524414
62.151, 60, 8156.969727
62.151, 60, 8157.414551
62.151, 60, 8157.859863
62.151, 60, 8158.304688
62.151, 60, 8158.750000
62.151, 60, 8159.194824
62.151, 60, 8159.639648
62.151, 60, 8160.084961
62.151, 60, 8160.529785
62.151, 60, 8160.975098
62.151, 60, 8161.419922
62.151, 60, 8161.865234
62.151, 60, 8162.310059
62.151, 60, 8162.754883
62.151, 60, 8163.200195
62.151, 60, 8163.645020
62.151, 60, 8164.090332
62.151, 60, 8164.535156
62.151, 60, 8164.980469
62.151, 60, 8165.425293
62.151, 60, 8165.870117
62.151, 60, 8166.315430
62.151, 60, 8166.760254
62.151, 60, 8167.205566
62.151, 60, 8167.650391
62.151, 60, 8168.095215
62.151, 60, 8168.540527
62.151, 60, 8168.985352
62.151, 60, 8169.430664
62.151, 60, 8169.875488
62.151, 60, 8170.320801
62.151, 60, 8170.765625
62.151, 60, 8171.210449
62.151, 60, 8171.655762
62.151, 60, 8172.100586
62.151, 60, 8172.545898
62.151, 60, 8172.990723
62.151, 60, 8173.436035
62.151, 60, 8173.880859
62.151, 60, 8174.325684
62.151, 60, 8174.770996
62.151, 60, 8175.215820
62.151, 60, 8175.661133
62.151, 60, 8176.105957
62.151, 60, 8176.551270
62.151, 60, 8176.996094
62.151, 60, 8177.440918
62.151, 60, 8177.886230
62.151, 60, 8178.331055
62.151, 60, 8178.776367
62.151, 60, 8179.221191
62.151, 60, 8179.666016
62.151, 60, 8180.111328
62.151, 60, 8180.556152
62.151, 60, 8181.001465
62.151, 60, 8181.446289
62.151, 60, 8181.891602
62.151, 60, 8182.336426
62.151, 60, 8182.781250
62.151, 60, 8183.226562
62.151, 60, 8183.671387
62.151, 60, 8184.116699
62.151, 60, 8184.561523
62.151, 60, 8185.006836
62.151, 60, 8185.451660
62.151, 60, 8185.896484
62.151, 60, 8186.341797
62.151, 60, 8186.786621
62.151, 60, 8187.231934
62.151, 60, 8187.676758
62.151, 60, 8188.122070
62.151, 60, 8188.566895
62.151, 60, 8189.011719
62.151, 60, 8189.457031
62.151, 60, 8189.901855
62.151, 60, 8190.347168
62.151, 60, 8190.791992
62.151, 60, 8191.236816
62.151, 60, 8191.682129
62.151, 60, 8192.126953
62.151, 60, 8192.572266
62.151, 60, 8193.017578
62.151, 60, 8193.461914
62.151, 60, 8193.907227
62.151, 60, 8194.352539
62.151, 60, 8194.796875
62.151, 60, 8195.242188
62.151, 60, 8195.687500
62.151, 60, 8196.132812
62.151, 60, 8196.577148
62.151, 60, 8197.022461
62.151, 60, 8197.467773
62.151, 60, 8197.912109
62.151, 60, 8198.357422
62.151, 60, 8198.802734
62.151, 60, 8199.248047
62.151, 60, 8199.692383
62.151, 60, 8200.137695
62.151, 60, 8200.583008
62.151, 60, 8201.027344
62.151, 60, 8201.472656
62.151, 60, 8201.917969
62.151, 60, 8202.363281
62.151, 60, 8202.807617
62.151, 60, 8203.252930
62.151, 60, 8203.698242
62.151, 60, 8204.142578
62.151, 60, 8204.587891
62.151, 60, 8205.033203
62.151, 60, 8205.478516
62.151, 60, 8205.922852
62.151, 60, 8206.368164
62.151, 60, 8206.813477
62.151, 60, 8207.257812
62.151, 60, 8207.703125
62.151, 60, 8208.148438
62.151, 60, 8208.593750
62.151, 60, 8209.038086
62.151, 60, 8209.483398
62.151, 60, 8209.928711
62.151, 60, 8210.373047
62.151, 60, 8210.818359
62.151, 60, 8211.263672
62.151, 60, 8211.708008
62.151, 60, 8212.153320
62.151, 60, 8212.598633
62.151, 60, 8213.043945
62.151, 60, 8213.488281
62.151, 60, 8213.933594
62.151, 60, 8214.378906
62.151, 60, 8214.823242
62.151, 60, 8215.268555
62.151, 60, 8215.713867
62.151, 60, 8216.159180
62.151, 60, 8216.603516
62.151, 60, 8217.048828
62.151, 60, 8217.494141
62.151, 60, 8217.938477
62.151, 60, 8218.383789
62.151, 60, 8218.829102
62.247, 60, 8219.274414
62.247, 60, 8219.718750
62.247, 60, 8220.164062
62.247, 60, 8220.609375
62.247, 60, 8221.053711
62.247, 60, 8221.499023
62.247, 60, 8221.944336
62.247, 60, 8222.389648
62.247, 60, 8222.833984
62.247, 60, 8223.279297
62.247, 60, 8223.724609
62.247, 60, 8224.168945
62.247, 60, 8224.614258
62.247, 60, 8225.059570
62.247, 60, 8225.504883
62.247, 60, 8225.949219
62.247, 60, 8226.394531
62.247, 60, 8226.839844
62.247, 60, 8227.284180
62.247, 60, 8227.729492
62.247, 60, 8228.174805
62.247, 60, 8228.620117
62.247, 60, 8229.064453
62.247, 60, 8229.509766
62.247, 60, 8229.955078
62.247, 60, 8230.399414
62.247, 60, 8230.844727
62.247, 60, 8231.290039
62.247, 60, 8231.735352
62.247, 60, 8232.179688
62.247, 60, 8232.625000
62.247, 60, 8233.070312
62.247, 60, 8233.514648
62.247, 60, 8233.959961
62.247, 60, 8234.405273
62.247, 60, 8234.849609
62.247, 60, 8235.294922
62.247, 60, 8235.740234
62.247, 60, 8236.185547
62.247, 60, 8236.629883
62.247, 60, 8237.075195
62.247, 60, 8237.520508
62.247, 60, 8237.964844
62.247, 60, 8238.410156
62.247, 60, 8238.855469
62.247, 60, 8239.300781
62.247, 60, 8239.745117
62.247, 60, 8240.190430
62.247, 60, 8240.635742
62.247, 60, 8241.080078
62.247, 60, 8241.525391
62.247, 60, 8241.970703
62.247, 60, 8242.416016
62.247, 60, 8242.860352
62.247, 60, 8243.305664
62.247, 60, 8243.750977
62.247, 60, 8244.195312
62.247, 60, 8244.640625
62.247, 60, 8245.085938
62.247, 60, 8245.531250
62.247, 60, 8245.975586
62.247, 60, 8246.420898
62.247, 60, 8246.866211
62.247, 60, 8247.310547
62.247, 60, 8247.755859
62.247, 60, 8248.201172
62.247, 60, 8248.646484
62.247, 60, 8249.090820
62.247, 60, 8249.536133
62.247, 60, 8249.981445
62.247, 60, 8250.425781
62.247, 60, 8250.871094
62.247, 60, 8251.316406
62.247, 60, 8251.761719
62.247, 60, 8252.206055
62.247, 60, 8252.651367
62.247, 60, 8253.096680
62.247, 60, 8253.541016
62.247, 60, 8253.986328
62.247, 60, 8254.431641
62.247, 60, 8254.876953
62.247, 60, 8255.321289
62.247, 60, 8255.766602
62.247, 60, 8256.211914
62.247, 60, 8256.656250
62.247, 60, 8257.101562
62.247, 60, 8257.546875
62.247, 60, 8257.991211
62.247, 60, 8258.436523
62.247, 60, 8258.881836
62.247, 60, 8259.327148
62.247, 60, 8259.771484
62.247, 60, 8260.216797
62.247, 60, 8260.662109
62.247, 60, 8261.106445
62.247, 60, 8261.551758
62.247, 60, 8261.997070
62.247, 60, 8262.442383
62.247, 60, 8262.886719
62.247, 60, 8263.332031
62.247, 60, 8263.777344
62.247, 60, 8264.221680
62.247, 60, 8264.666992
62.247, 60, 8265.112305
62.247, 60, 8265.557617
62.247, 60, 8266.001953
62.247, 60, 8266.447266
62.247, 60, 8266.892578
62.247, 60, 8267.336914
62.247, 60, 8267.782227
62.247, 60, 8268.227539
62.247, 60, 8268.672852
62.247, 60, 8269.117188
62.247, 60, 8269.562500
62.247, 60, 8270.007812
62.247, 60, 8270.452148
62.247, 60, 8270.897461
62.247, 60, 8271.342773
62.247, 60, 8271.788086
62.247, 60, 8272.232422
62.247, 60, 8272.677734
62.247, 60, 8273.123047
62.247, 60, 8273.567383
62.247, 60, 8274.012695
62.247, 60, 8274.458008
62.247, 60, 8274.903320
62.247, 60, 8275.347656
62.247, 60, 8275.792969
62.247, 60, 8276.238281
62.247, 60, 8276.682617
62.247, 60, 8277.127930
62.247, 60, 8277.573242
62.247, 60, 8278.018555
62.247, 60, 8278.462891
62.247, 60, 8278.908203
62.247, 60, 8279.353516
62.247, 60, 8279.797852
62.247, 60, 8280.243164
62.247, 60, 8280.688477
62.247, 60, 8281.132812
62.247, 60, 8281.578125
62.247, 60, 8282.023438
62.247, 60, 8282.468750
62.247, 60, 8282.913086
62.247, 60, 8283.358398
62.247, 60, 8283.803711
62.247, 60, 8284.248047
62.247, 60, 8284.693359
62.247, 60, 8285.138672
62.247, 60, 8285.583984
62.247, 60, 8286.028320
62.247, 60, 8286.473633
62.247, 60, 8286.918945
62.247, 60, 8287.363281
62.247, 60, 8287.808594
62.247, 60, 8288.253906
62.247, 60, 8288.699219
62.247, 60, 8289.143555
62.247, 60, 8289.588867
62.247, 60, 8290.034180
62.247, 60, 8290.478516
62.247, 60, 8290.923828
62.247, 60, 8291.369141
62.247, 60, 8291.814453
62.247, 60, 8292.258789
62.247, 60, 8292.704102
62.247, 60, 8293.149414
62.247, 60, 8293.593750
62.247, 60, 8294.039062
62.247, 60, 8294.484375
62.247, 60, 8294.929688
62.247, 60, 8295.374023
62.247, 60, 8295.819336
62.247, 60, 8296.264648
62.247, 60, 8296.708984
62.247, 60, 8297.154297
62.247, 60, 8297.599609
62.247, 60, 8298.044922
62.247, 60, 8298.489258
62.247, 60, 8298.934570
62.247, 60, 8299.379883
62.247, 60, 8299.824219
62.247, 60, 8300.269531
62.247, 60, 8300.714844
62.247, 60, 8301.160156
62.247, 60, 8301.604492
62.247, 60, 8302.049805
62.247, 60, 8302.495117
62.247, 60, 8302.939453
62.247, 60, 8303.384766
62.247, 60, 8303.830078
62.247, 60, 8304.274414
62.247, 60, 8304.719727
62.247, 60, 8305.165039
62.247, 60, 8305.610352
62.247, 60, 8306.054688
62.247, 60, 8306.500000
62.247, 60, 8306.945312
62.247, 60, 8307.389648
62.247, 60, 8307.834961
62.247, 60, 8308.280273
62.247, 60, 8308.725586
62.247, 60, 8309.169922
62.247, 60, 8309.615234
62.247, 60, 8310.060547
62.247, 60, 8310.504883
62.247, 60, 8310.950195
62.247, 60, 8311.395508
62.247, 60, 8311.840820
62.247, 60, 8312.285156
62.247, 60, 8312.730469
62.247, 60, 8313.175781
62.247, 60, 8313.620117
62.247, 60, 8314.065430
62.247, 60, 8314.510742
62.247, 60, 8314.956055
62.247, 60, 8315.400391
62.247, 60, 8315.845703
62.247, 60, 8316.291016
62.247, 60, 8316.735352
62.247, 60, 8317.180664
62.247, 60, 8317.625977
62.247, 60, 8318.071289
62.247, 60, 8318.515625
62.247, 60, 8318.960938
62.247, 60, 8319.406250
62.247, 60, 8319.850586
62.247, 60, 8320.295898
62.247, 60, 8320.741211
62.247, 60, 8321.186523
62.247, 60, 8321.630859
62.247, 60, 8322.076172
62.247, 60, 8322.521484
62.247, 60, 8322.965820
62.247, 60, 8323.411133
62.247, 60, 8323.856445
62.247, 60, 8324.301758
62.247, 60, 8324.746094
62.247, 60, 8325.191406
62.247, 60, 8325.636719
62.247, 60, 8326.081055
62.247, 60, 8326.526367
62.247, 60, 8326.971680
62.247, 60, 8327.416016
62.247, 60, 8327.861328
62.342, 60, 8328.306641
62.342, 60, 8328.751953
62.342, 60, 8329.196289
62.342, 60, 8329.641602
62.342, 60, 8330.086914
62.342, 60, 8330.531250
62.342, 60, 8330.976562
62.342, 60, 8331.421875
62.342, 60, 8331.867188
62.342, 60, 8332.311523
62.342, 60, 8332.756836
62.342, 60, 8333.202148
62.342, 60, 8333.646484
62.342, 60, 8334.091797
62.342, 60, 8334.537109
62.342, 60, 8334.982422
62.342, 60, 8335.426758
62.342, 60, 8335.872070
62.342, 60, 8336.317383
62.342, 60, 8336.761719
62.342, 60, 8337.207031
62.342, 60, 8337.652344
62.342, 60, 8338.097656
62.342, 60, 8338.541992
62.342, 60, 8338.987305
62.342, 60, 8339.432617
62.342, 60, 8339.876953
62.342, 60, 8340.322266
62.342, 60, 8340.767578
62.342, 60, 8341.212891
62.342, 60, 8341.657227
62.342, 60, 8342.102539
62.342, 60, 8342.547852
62.342, 60, 8342.992188
62.342, 60, 8343.437500
62.342, 60, 8343.882812
62.342, 60, 8344.328125
62.342, 60, 8344.772461
62.342, 60, 8345.217773
62.342, 60, 8345.663086
62.342, 60, 8346.107422
62.342, 60, 8346.552734
62.342, 60, 8346.998047
62.342, 60, 8347.443359
62.342, 60, 8347.887695
62.342, 60, 8348.333008
62.342, 60, 8348.778320
62.342, 60, 8349.222656
62.342, 60, 8349.667969
62.342, 60, 8350.113281
62.342, 60, 8350.557617
62.342, 60, 8351.002930
62.342, 60, 8351.448242
62.342, 60, 8351.893555
62.342, 60, 8352.337891
62.342, 60, 8352.783203
62.342, 60, 8353.228516
62.342, 60, 8353.672852
62.342, 60, 8354.118164
62.342, 60, 8354.563477
62.342, 60, 8355.008789
62.342, 60, 8355.453125
62.342, 60, 8355.898438
62.342, 60, 8356.343750
62.342, 60, 8356.788086
62.342, 60, 8357.233398
62.342, 60, 8357.678711
62.342, 60, 8358.124023
62.342, 60, 8358.568359
62.342, 60, 8359.013672
62.342, 60, 8359.458984
62.342, 60, 8359.903320
62.342, 60, 8360.348633
62.342, 60, 8360.793945
62.342, 60, 8361.239258
62.342, 60, 8361.683594
62.342, 60, 8362.128906
62.342, 60, 8362.574219
62.342, 60, 8363.018555
62.342, 60, 8363.463867
62.342, 60, 8363.909180
62.342, 60, 8364.354492
62.342, 60, 8364.798828
62.342, 60, 8365.244141
62.342, 60, 8365.689453
62.342, 60, 8366.133789
62.342, 60, 8366.579102
62.342, 60, 8367.024414
62.342, 60, 8367.469727
62.342, 60, 8367.914062
62.342, 60, 8368.359375
62.342, 60, 8368.804688
62.342, 60, 8369.249023
62.342, 60, 8369.694336
62.342, 60, 8370.139648
62.342, 60, 8370.584961
62.342, 60, 8371.029297
62.342, 60, 8371.474609
62.342, 60, 8371.919922
62.342, 60, 8372.364258
62.342, 60, 8372.809570
62.342, 60, 8373.254883
62.436, 60, 8373.699219
62.436, 60, 8374.144531
62.436, 60, 8374.589844
62.436, 60, 8375.035156
62.436, 60, 8375.479492
62.436, 60, 8375.924805
62.436, 60, 8376.370117
62.436, 60, 8376.814453
62.436, 60, 8377.259766
62.436, 60, 8377.705078
62.436, 60, 8378.150391
62.436, 60, 8378.594727
62.436, 60, 8379.040039
62.436, 60, 8379.485352
62.436, 60, 8379.929688
62.436, 60, 8380.375000
62.436, 60, 8380.820312
62.436, 60, 8381.265625
62.436, 60, 8381.709961
62.436, 60, 8382.155273
62.436, 60, 8382.600586
62.436, 60, 8383.044922
62.436, 60, 8383.490234
62.436, 60, 8383.935547
62.436, 60, 8384.380859
62.436, 60, 8384.825195
62.436, 60, 8385.270508
62.436, 60, 8385.715820
62.436, 60, 8386.160156
62.436, 60, 8386.605469
62.436, 60, 8387.050781
62.436, 60, 8387.496094
62.436, 60, 8387.940430
62.436, 60, 8388.385742
62.436, 60, 8388.831055
62.247, 60, 8389.275391
62.247, 60, 8389.720703
62.247, 60, 8390.166016
62.247, 60, 8390.611328
62.247, 60, 8391.055664
62.247, 60, 8391.500977
62.247, 60, 8391.946289
62.247, 60, 8392.390625
62.247, 60, 8392.835938
62.247, 60, 8393.281250
62.247, 60, 8393.726562
62.247, 60, 8394.170898
62.247, 60, 8394.616211
62.247, 60, 8395.061523
62.247, 60, 8395.505859
62.247, 60, 8395.951172
62.247, 60, 8396.396484
62.247, 60, 8396.840820
62.247, 60, 8397.286133
62.247, 60, 8397.731445
62.247, 60, 8398.176758
62.247, 60, 8398.621094
62.247, 60, 8399.066406
62.247, 60, 8399.511719
62.247, 60, 8399.956055
62.247, 60, 8400.401367
62.247, 60, 8400.846680
62.247, 60, 8401.291992
62.247, 60, 8401.736328
62.247, 60, 8402.181641
62.247, 60, 8402.626953
62.247, 60, 8403.071289
62.247, 60, 8403.516602
62.247, 60, 8403.961914
62.151, 60, 8404.407227
62.151, 60, 8404.851562
62.151, 60, 8405.296875
62.151, 60, 8405.742188
62.151, 60, 8406.186523
62.151, 60, 8406.631836
62.151, 60, 8407.077148
62.151, 60, 8407.522461
62.151, 60, 8407.966797
62.151, 60, 8408.412109
62.151, 60, 8408.857422
62.151, 60, 8409.301758
62.151, 60, 8409.747070
62.151, 60, 8410.192383
62.151, 60, 8410.637695
62.151, 60, 8411.082031
62.151, 60, 8411.527344
62.151, 60, 8411.972656
62.151, 60, 8412.416992
62.151, 60, 8412.862305
62.151, 60, 8413.307617
62.151, 60, 8413.752930
62.151, 60, 8414.197266
62.151, 60, 8414.642578
62.151, 60, 8415.087891
62.151, 60, 8415.532227
62.151, 60, 8415.977539
62.151, 60, 8416.422852
62.151, 60, 8416.868164
62.151, 60, 8417.312500
62.151, 60, 8417.757812
62.151, 60, 8418.203125
62.151, 60, 8418.647461
62.151, 60, 8419.092773
62.074, 60, 8419.538086
62.074, 60, 8419.982422
62.074, 60, 8420.427734
62.074, 60, 8420.873047
62.074, 60, 8421.318359
62.074, 60, 8421.762695
62.074, 60, 8422.208008
62.074, 60, 8422.653320
62.074, 60, 8423.097656
62.074, 60, 8423.542969
62.074, 60, 8423.988281
62.074, 60, 8424.433594
62.074, 60, 8424.877930
62.074, 60, 8425.323242
62.074, 60, 8425.768555
62.074, 60, 8426.212891
62.074, 60, 8426.658203
62.074, 60, 8427.103516
62.074, 60, 8427.548828
62.074, 60, 8427.993164
62.074, 60, 8428.438477
62.074, 60, 8428.883789
62.074, 60, 8429.328125
62.074, 60, 8429.773438
62.074, 60, 8430.218750
62.074, 60, 8430.664062
62.074, 60, 8431.108398
62.074, 60, 8431.553711
62.074, 60, 8431.999023
62.074, 60, 8432.443359
62.074, 60, 8432.888672
62.074, 60, 8433.333984
62.074, 60, 8433.779297
62.074, 60, 8434.223633
62.074, 60, 8434.668945
61.979, 60, 8435.114258
61.979, 60, 8435.558594
61.979, 60, 8436.003906
61.979, 60, 8436.449219
61.979, 60, 8436.894531
61.979, 60, 8437.338867
61.979, 60, 8437.784180
61.979, 60, 8438.229492
61.979, 60, 8438.673828
61.979, 60, 8439.119141
61.979, 60, 8439.564453
61.979, 60, 8440.009766
61.979, 60, 8440.454102
61.979, 60, 8440.899414
61.979, 60, 8441.344727
61.979, 60, 8441.789062
61.979, 60, 8442.234375
61.979, 60, 8442.679688
61.979, 60, 8443.124023
61.979, 60, 8443.569336
61.979, 60, 8444.014648
61.979, 60, 8444.459961
61.979, 60, 8444.904297
61.979, 60, 8445.349609
61.979, 60, 8445.794922
61.979, 60, 8446.239258
61.979, 60, 8446.684570
61.979, 60, 8447.129883
61.979, 60, 8447.575195
61.979, 60, 8448.019531
61.979, 60, 8448.464844
61.979, 60, 8448.910156
61.979, 60, 8449.354492
61.979, 60, 8449.799805
61.979, 60, 8450.245117
61.979, 60, 8450.690430
61.979, 60, 8451.134766
61.979, 60, 8451.580078
61.979, 60, 8452.025391
61.979, 60, 8452.469727
61.979, 60, 8452.915039
61.979, 60, 8453.360352
61.979, 60, 8453.805664
61.979, 60, 8454.250000
61.979, 60, 8454.695312
61.979, 60, 8455.140625
61.979, 60, 8455.584961
61.979, 60, 8456.030273
61.979, 60, 8456.475586
61.979, 60, 8456.920898
61.979, 60, 8457.365234
61.979, 60, 8457.810547
61.979, 60, 8458.255859
61.979, 60, 8458.700195
61.979, 60, 8459.145508
61.979, 60, 8459.590820
61.979, 60, 8460.036133
61.979, 60, 8460.480469
61.979, 60, 8460.925781
61.979, 60, 8461.371094
61.979, 60, 8461.815430
61.979, 60, 8462.260742
61.979, 60, 8462.706055
61.979, 60, 8463.151367
61.979, 60, 8463.595703
61.979, 60, 8464.041016
61.979, 60, 8464.486328
61.979, 60, 8464.930664
61.979, 60, 8465.375977
62.074, 60, 8465.821289
62.074, 60, 8466.265625
62.074, 60, 8466.710938
62.074, 60, 8467.156250
62.074, 60, 8467.601562
62.074, 60, 8468.045898
62.074, 60, 8468.491211
62.074, 60, 8468.936523
62.074, 60, 8469.380859
62.074, 60, 8469.826172
62.074, 60, 8470.271484
62.074, 60, 8470.716797
62.074, 60, 8471.161133
62.074, 60, 8471.606445
62.074, 60, 8472.051758
62.074, 60, 8472.496094
62.074, 60, 8472.941406
62.074, 60, 8473.386719
62.074, 60, 8473.832031
62.074, 60, 8474.276367
62.074, 60, 8474.721680
62.074, 60, 8475.166992
62.074, 60, 8475.611328
62.074, 60, 8476.056641
62.074, 60, 8476.501953
62.074, 60, 8476.947266
62.074, 60, 8477.391602
62.074, 60, 8477.836914
62.074, 60, 8478.282227
62.074, 60, 8478.726562
62.074, 60, 8479.171875
62.074, 60, 8479.617188
62.074, 60, 8480.062500
62.074, 60, 8480.506836
62.074, 60, 8480.952148
61.884, 60, 8481.397461
61.884, 60, 8481.841797
61.884, 60, 8482.287109
61.884, 60, 8482.732422
61.884, 60, 8483.177734
61.884, 60, 8483.622070
61.884, 60, 8484.067383
61.884, 60, 8484.512695
61.884, 60, 8484.957031
61.884, 60, 8485.402344
61.884, 60, 8485.847656
61.884, 60, 8486.292969
61.884, 60, 8486.737305
61.884, 60, 8487.182617
61.884, 60, 8487.627930
61.884, 60, 8488.072266
61.884, 60, 8488.517578
61.884, 60, 8488.962891
61.884, 60, 8489.407227
61.884, 60, 8489.852539
61.884, 60, 8490.297852
61.884, 60, 8490.743164
61.884, 60, 8491.187500
61.884, 60, 8491.632812
61.884, 60, 8492.078125
61.884, 60, 8492.522461
61.884, 60, 8492.967773
61.884, 60, 8493.413086
61.884, 60, 8493.858398
61.884, 60, 8494.302734
61.884, 60, 8494.748047
61.884, 60, 8495.193359
61.884, 60, 8495.637695
61.884, 60, 8496.083008
61.884, 60, 8496.528320
61.884, 60, 8496.973633
61.884, 60, 8497.417969
61.884, 60, 8497.863281
61.884, 60, 8498.308594
61.884, 60, 8498.752930
61.884, 60, 8499.198242
61.884, 60, 8499.643555
61.884, 60, 8500.088867
61.884, 60, 8500.533203
61.884, 60, 8500.978516
61.884, 60, 8501.423828
61.884, 60, 8501.868164
61.884, 60, 8502.313477
61.884, 60, 8502.758789
61.884, 60, 8503.204102
61.884, 60, 8503.648438
61.884, 60, 8504.093750
61.884, 60, 8504.539062
61.884, 60, 8504.983398
61.884, 60, 8505.428711
61.884, 60, 8505.874023
61.884, 60, 8506.319336
61.884, 60, 8506.763672
61.884, 60, 8507.208984
61.884, 60, 8507.654297
61.884, 60, 8508.098633
61.884, 60, 8508.543945
61.884, 60, 8508.989258
61.884, 60, 8509.434570
61.884, 60, 8509.878906
61.884, 60, 8510.324219
61.884, 60, 8510.769531
61.884, 60, 8511.213867
61.979, 60, 8511.659180
61.979, 60, 8512.104492
61.979, 60, 8512.548828
61.979, 60, 8512.994141
61.979, 60, 8513.439453
61.979, 60, 8513.884766
61.979, 60, 8514.329102
61.979, 60, 8514.774414
61.979, 60, 8515.219727
61.979, 60, 8515.664062
61.979, 60, 8516.109375
61.979, 60, 8516.554688
61.979, 60, 8517.000000
61.979, 60, 8517.444336
61.979, 60, 8517.889648
61.979, 60, 8518.334961
61.979, 60, 8518.779297
61.979, 60, 8519.224609
61.979, 60, 8519.669922
61.979, 60, 8520.115234
61.979, 60, 8520.559570
61.979, 60, 8521.004883
61.979, 60, 8521.450195
61.979, 60, 8521.894531
61.979, 60, 8522.339844
61.979, 60, 8522.785156
61.979, 60, 8523.230469
61.979, 60, 8523.674805
61.979, 60, 8524.120117
61.979, 60, 8524.565430
61.979, 60, 8525.009766
61.979, 60, 8525.455078
61.979, 60, 8525.900391
61.979, 60, 8526.345703
61.979, 60, 8526.790039
61.979, 60, 8527.235352
61.979, 60, 8527.680664
61.979, 60, 8528.125000
61.979, 60, 8528.570312
61.979, 60, 8529.015625
61.979, 60, 8529.460938
61.979, 60, 8529.905273
61.979, 60, 8530.350586
61.979, 60, 8530.795898
61.979, 60, 8531.240234
61.979, 60, 8531.685547
61.979, 60, 8532.130859
61.979, 60, 8532.576172
61.979, 60, 8533.020508
61.979, 60, 8533.465820
61.979, 60, 8533.911133
61.979, 60, 8534.355469
61.979, 60, 8534.800781
61.979, 60, 8535.246094
61.979, 60, 8535.690430
61.979, 60, 8536.135742
61.979, 60, 8536.581055
61.979, 60, 8537.026367
61.979, 60, 8537.470703
61.979, 60, 8537.916016
61.979, 60, 8538.361328
61.979, 60, 8538.805664
61.979, 60, 8539.250977
61.979, 60, 8539.696289
61.979, 60, 8540.141602
61.979, 60, 8540.585938
61.979, 60, 8541.031250
61.979, 60, 8541.476562
61.979, 60, 8541.920898
62.074, 60, 8542.366211
62.074, 60, 8542.811523
62.074, 60, 8543.256836
62.074, 60, 8543.701172
62.074, 60, 8544.146484
62.074, 60, 8544.591797
62.074, 60, 8545.036133
62.074, 60, 8545.481445
62.074, 60, 8545.926758
62.074, 60, 8546.372070
62.074, 60, 8546.816406
62.074, 60, 8547.261719
62.074, 60, 8547.707031
62.074, 60, 8548.151367
62.074, 60, 8548.596680
62.074, 60, 8549.041992
62.074, 60, 8549.487305
62.074, 60, 8549.931641
62.074, 60, 8550.376953
62.074, 60, 8550.822266
62.074, 60, 8551.266602
62.074, 60, 8551.711914
62.074, 60, 8552.157227
62.074, 60, 8552.602539
62.074, 60, 8553.046875
62.074, 60, 8553.492188
62.074, 60, 8553.937500
62.074, 60, 8554.381836
62.074, 60, 8554.827148
62.074, 60, 8555.272461
62.074, 60, 8555.717773
62.074, 60, 8556.162109
62.074, 60, 8556.607422
62.074, 60, 8557.052734
62.074, 60, 8557.497070
62.074, 60, 8557.942383
62.074, 60, 8558.387695
62.074, 60, 8558.832031
62.074, 60, 8559.277344
62.074, 60, 8559.722656
62.074, 60, 8560.167969
62.074, 60, 8560.612305
62.074, 60, 8561.057617
62.074, 60, 8561.502930
62.074, 60, 8561.947266
62.074, 60, 8562.392578
62.074, 60, 8562.837891
62.074, 60, 8563.283203
62.074, 60, 8563.727539
62.074, 60, 8564.172852
62.074, 60, 8564.618164
62.074, 60, 8565.062500
62.074, 60, 8565.507812
62.074, 60, 8565.953125
62.074, 60, 8566.398438
62.074, 60, 8566.842773
62.074, 60, 8567.288086
62.074, 60, 8567.733398
62.074, 60, 8568.177734
62.074, 60, 8568.623047
62.074, 60, 8569.068359
62.074, 60, 8569.513672
62.074, 60, 8569.958008
62.074, 60, 8570.403320
62.074, 60, 8570.848633
62.074, 60, 8571.292969
62.074, 60, 8571.738281
61.979, 60, 8572.183594
61.979, 60, 8572.628906
61.979, 60, 8573.073242
61.979, 60, 8573.518555
61.979, 60, 8573.963867
61.979, 60, 8574.408203
61.979, 60, 8574.853516
61.979, 60, 8575.298828
61.979, 60, 8575.744141
61.979, 60, 8576.188477
61.979, 60, 8576.633789
61.979, 60, 8577.079102
61.979, 60, 8577.523438
61.979, 60, 8577.968750
61.979, 60, 8578.414062
61.979, 60, 8578.859375
61.979, 60, 8579.303711
61.979, 60, 8579.749023
61.979, 60, 8580.194336
61.979, 60, 8580.638672
61.979, 60, 8581.083984
61.979, 60, 8581.529297
61.979, 60, 8581.973633
61.979, 60, 8582.418945
61.979, 60, 8582.864258
61.979, 60, 8583.309570
61.979, 60, 8583.753906
61.979, 60, 8584.199219
61.979, 60, 8584.644531
61.979, 60, 8585.088867
61.979, 60, 8585.534180
61.979, 60, 8585.979492
61.979, 60, 8586.424805
61.979, 60, 8586.869141
61.979, 60, 8587.314453
61.979, 60, 8587.759766
61.979, 60, 8588.204102
61.979, 60, 8588.649414
61.979, 60, 8589.094727
61.979, 60, 8589.540039
61.979, 60, 8589.984375
61.979, 60, 8590.429688
61.979, 60, 8590.875000
61.979, 60, 8591.319336
61.979, 60, 8591.764648
61.979, 60, 8592.209961
61.979, 60, 8592.655273
61.979, 60, 8593.099609
61.979, 60, 8593.544922
61.979, 60, 8593.990234
61.979, 60, 8594.434570
61.979, 60, 8594.879883
61.979, 60, 8595.325195
61.979, 60, 8595.770508
61.979, 60, 8596.214844
61.979, 60, 8596.660156
61.979, 60, 8597.105469
61.979, 60, 8597.549805
61.979, 60, 8597.995117
61.979, 60, 8598.440430
61.979, 60, 8598.885742
61.979, 60, 8599.330078
61.979, 60, 8599.775391
61.979, 60, 8600.220703
61.979, 60, 8600.665039
61.979, 60, 8601.110352
61.979, 60, 8601.555664
61.979, 60, 8602.000977
61.979, 60, 8602.445312
61.979, 60, 8602.890625
61.979, 60, 8603.335938
61.979, 60, 8603.780273
61.979, 60, 8604.225586
61.979, 60, 8604.670898
61.979, 60, 8605.115234
61.979, 60, 8605.560547
61.979, 60, 8606.005859
61.979, 60, 8606.451172
61.979, 60, 8606.895508
61.979, 60, 8607.340820
61.979, 60, 8607.786133
61.979, 60, 8608.230469
61.979, 60, 8608.675781
61.979, 60, 8609.121094
61.979, 60, 8609.566406
61.979, 60, 8610.010742
61.979, 60, 8610.456055
61.979, 60, 8610.901367
61.979, 60, 8611.345703
61.979, 60, 8611.791016
61.979, 60, 8612.236328
61.979, 60, 8612.681641
61.979, 60, 8613.125977
61.979, 60, 8613.571289
61.979, 60, 8614.016602
61.979, 60, 8614.460938
61.979, 60, 8614.906250
61.979, 60, 8615.351562
61.979, 60, 8615.796875
61.979, 60, 8616.241211
61.979, 60, 8616.686523
61.979, 60, 8617.131836
61.979, 60, 8617.576172
61.979, 60, 8618.021484
61.979, 60, 8618.466797
62.074, 60, 8618.912109
62.074, 60, 8619.356445
62.074, 60, 8619.801758
62.074, 60, 8620.247070
62.074, 60, 8620.691406
62.074, 60, 8621.136719
62.074, 60, 8621.582031
62.074, 60, 8622.027344
62.074, 60, 8622.471680
62.074, 60, 8622.916992
62.074, 60, 8623.362305
62.074, 60, 8623.806641
62.074, 60, 8624.251953
62.074, 60, 8624.697266
62.074, 60, 8625.142578
62.074, 60, 8625.586914
62.074, 60, 8626.032227
62.074, 60, 8626.477539
62.074, 60, 8626.921875
62.074, 60, 8627.367188
62.074, 60, 8627.812500
62.074, 60, 8628.256836
62.074, 60, 8628.702148
62.074, 60, 8629.147461
62.074, 60, 8629.592773
62.074, 60, 8630.037109
62.074, 60, 8630.482422
62.074, 60, 8630.927734
62.074, 60, 8631.372070
62.074, 60, 8631.817383
62.074, 60, 8632.262695
62.074, 60, 8632.708008
62.074, 60, 8633.152344
62.074, 60, 8633.597656
62.074, 60, 8634.042969
62.169, 60, 8634.487305
62.169, 60, 8634.932617
62.169, 60, 8635.377930
62.169, 60, 8635.823242
62.169, 60, 8636.267578
62.169, 60, 8636.712891
62.169, 60, 8637.158203
62.169, 60, 8637.602539
62.169, 60, 8638.047852
62.169, 60, 8638.493164
62.169, 60, 8638.938477
62.169, 60, 8639.382812
62.169, 60, 8639.828125
62.169, 60, 8640.273438
62.169, 60, 8640.717773
62.169, 60, 8641.163086
62.169, 60, 8641.608398
62.169, 60, 8642.053711
62.169, 60, 8642.498047
62.169, 60, 8642.943359
62.169, 60, 8643.388672
62.169, 60, 8643.833008
62.169, 60, 8644.278320
62.169, 60, 8644.723633
62.169, 60, 8645.168945
62.169, 60, 8645.613281
62.169, 60, 8646.058594
62.169, 60, 8646.503906
62.169, 60, 8646.948242
62.169, 60, 8647.393555
62.169, 60, 8647.838867
62.169, 60, 8648.284180
62.169, 60, 8648.728516
62.169, 60, 8649.173828
62.169, 60, 8649.619141
62.169, 60, 8650.063477
62.169, 60, 8650.508789
62.169, 60, 8650.954102
62.169, 60, 8651.398438
62.169, 60, 8651.843750
62.169, 60, 8652.289062
62.169, 60, 8652.734375
62.169, 60, 8653.178711
62.169, 60, 8653.624023
62.169, 60, 8654.069336
62.169, 60, 8654.513672
62.169, 60, 8654.958984
62.169, 60, 8655.404297
62.169, 60, 8655.849609
62.169, 60, 8656.293945
62.169, 60, 8656.739258
62.169, 60, 8657.184570
62.169, 60, 8657.628906
62.169, 60, 8658.074219
62.169, 60, 8658.519531
62.169, 60, 8658.964844
62.169, 60, 8659.409180
62.169, 60, 8659.854492
62.169, 60, 8660.299805
62.169, 60, 8660.744141
62.169, 60, 8661.189453
62.169, 60, 8661.634766
62.169, 60, 8662.080078
62.169, 60, 8662.524414
62.169, 60, 8662.969727
62.169, 60, 8663.415039
62.169, 60, 8663.859375
62.169, 60, 8664.304688
62.169, 60, 8664.750000
62.169, 60, 8665.195312
62.169, 60, 8665.639648
62.169, 60, 8666.084961
62.169, 60, 8666.530273
62.169, 60, 8666.974609
62.169, 60, 8667.419922
62.169, 60, 8667.865234
62.169, 60, 8668.310547
62.169, 60, 8668.754883
62.169, 60, 8669.200195
62.169, 60, 8669.645508
62.169, 60, 8670.089844
62.169, 60, 8670.535156
62.169, 60, 8670.980469
62.169, 60, 8671.425781
62.169, 60, 8671.870117
62.169, 60, 8672.315430
62.169, 60, 8672.760742
62.169, 60, 8673.205078
62.169, 60, 8673.650391
62.169, 60, 8674.095703
62.169, 60, 8674.540039
62.169, 60, 8674.985352
62.169, 60, 8675.430664
62.169, 60, 8675.875977
62.169, 60, 8676.320312
62.169, 60, 8676.765625
62.169, 60, 8677.210938
62.169, 60, 8677.655273
62.169, 60, 8678.100586
62.169, 60, 8678.545898
62.169, 60, 8678.991211
62.169, 60, 8679.435547
62.169, 60, 8679.880859
62.151, 60, 8680.326172
62.151, 60, 8680.770508
62.151, 60, 8681.215820
62.151, 60, 8681.661133
62.151, 60, 8682.106445
62.151, 60, 8682.550781
62.151, 60, 8682.996094
62.151, 60, 8683.441406
62.151, 60, 8683.885742
62.151, 60, 8684.331055
62.151, 60, 8684.776367
62.151, 60, 8685.221680
62.151, 60, 8685.666016
62.151, 60, 8686.111328
62.151, 60, 8686.556641
62.151, 60, 8687.000977
62.151, 60, 8687.446289
62.151, 60, 8687.891602
62.151, 60, 8688.336914
62.151, 60, 8688.781250
62.151, 60, 8689.226562
62.151, 60, 8689.671875
62.151, 60, 8690.116211
62.151, 60, 8690.561523
62.151, 60, 8691.006836
62.151, 60, 8691.452148
62.151, 60, 8691.896484
62.151, 60, 8692.341797
62.151, 60, 8692.787109
62.151, 60, 8693.231445
62.151, 60, 8693.676758
62.151, 60, 8694.122070
62.151, 60, 8694.567383
62.151, 60, 8695.011719
62.151, 60, 8695.457031
62.247, 60, 8695.902344
62.247, 60, 8696.346680
62.247, 60, 8696.791992
62.247, 60, 8697.237305
62.247, 60, 8697.681641
62.247, 60, 8698.126953
62.247, 60, 8698.572266
62.247, 60, 8699.017578
62.247, 60, 8699.461914
62.247, 60, 8699.907227
62.247, 60, 8700.352539
62.247, 60, 8700.796875
62.247, 60, 8701.242188
62.247, 60, 8701.687500
62.247, 60, 8702.132812
62.247, 60, 8702.577148
62.247, 60, 8703.022461
62.247, 60, 8703.467773
62.247, 60, 8703.912109
62.247, 60, 8704.357422
62.247, 60, 8704.802734
62.247, 60, 8705.248047
62.247, 60, 8705.692383
62.247, 60, 8706.137695
62.247, 60, 8706.583008
62.247, 60, 8707.027344
62.247, 60, 8707.472656
62.247, 60, 8707.917969
62.247, 60, 8708.363281
62.247, 60, 8708.807617
62.247, 60, 8709.252930
62.247, 60, 8709.698242
62.247, 60, 8710.142578
62.247, 60, 8710.587891
62.247, 60, 8711.033203
62.247, 60, 8711.478516
62.247, 60, 8711.922852
62.247, 60, 8712.368164
62.247, 60, 8712.813477
62.247, 60, 8713.257812
62.247, 60, 8713.703125
62.247, 60, 8714.148438
62.247, 60, 8714.593750
62.247, 60, 8715.038086
62.247, 60, 8715.483398
62.247, 60, 8715.928711
62.247, 60, 8716.373047
62.247, 60, 8716.818359
62.247, 60, 8717.263672
62.247, 60, 8717.708984
62.247, 60, 8718.153320
62.247, 60, 8718.598633
62.247, 60, 8719.043945
62.247, 60, 8719.488281
62.247, 60, 8719.933594
62.247, 60, 8720.378906
62.247, 60, 8720.823242
62.247, 60, 8721.268555
62.247, 60, 8721.713867
62.247, 60, 8722.159180
62.247, 60, 8722.603516
62.247, 60, 8723.048828
62.247, 60, 8723.494141
62.247, 60, 8723.938477
62.247, 60, 8724.383789
62.247, 60, 8724.829102
62.247, 60, 8725.274414
62.247, 60, 8725.718750
62.247, 60, 8726.164062
62.247, 60, 8726.609375
62.247, 60, 8727.053711
62.247, 60, 8727.499023
62.247, 60, 8727.944336
62.247, 60, 8728.389648
62.247, 60, 8728.833984
62.247, 60, 8729.279297
62.247, 60, 8729.724609
62.247, 60, 8730.168945
62.247, 60, 8730.614258
62.247, 60, 8731.059570
62.247, 60, 8731.504883
62.247, 60, 8731.949219
62.247, 60, 8732.394531
62.247, 60, 8732.839844
62.247, 60, 8733.284180
62.247, 60, 8733.729492
62.247, 60, 8734.174805
62.247, 60, 8734.620117
62.247, 60, 8735.064453
62.247, 60, 8735.509766
62.247, 60, 8735.955078
62.247, 60, 8736.399414
62.247, 60, 8736.844727
62.247, 60, 8737.290039
62.247, 60, 8737.735352
62.247, 60, 8738.179688
62.247, 60, 8738.625000
62.247, 60, 8739.070312
62.247, 60, 8739.514648
62.247, 60, 8739.959961
62.247, 60, 8740.405273
62.247, 60, 8740.850586
62.247, 60, 8741.294922
62.247, 60, 8741.740234
62.247, 60, 8742.185547
62.151, 60, 8742.629883
62.151, 60, 8743.075195
62.151, 60, 8743.520508
62.151, 60, 8743.964844
62.151, 60, 8744.410156
62.151, 60, 8744.855469
62.151, 60, 8745.300781
62.151, 60, 8745.745117
62.151, 60, 8746.190430
62.151, 60, 8746.635742
62.151, 60, 8747.080078
62.151, 60, 8747.525391
62.151, 60, 8747.970703
62.151, 60, 8748.416016
62.151, 60, 8748.860352
62.151, 60, 8749.305664
62.151, 60, 8749.750977
62.151, 60, 8750.195312
62.151, 60, 8750.640625
62.151, 60, 8751.085938
62.151, 60, 8751.531250
62.151, 60, 8751.975586
62.151, 60, 8752.420898
62.151, 60, 8752.866211
62.151, 60, 8753.310547
62.151, 60, 8753.755859
62.151, 60, 8754.201172
62.151, 60, 8754.646484
62.151, 60, 8755.090820
62.151, 60, 8755.536133
62.151, 60, 8755.981445
62.151, 60, 8756.425781
62.151, 60, 8756.871094
62.151, 60, 8757.316406
62.151, 60, 8757.761719
62.151, 60, 8758.206055
62.151, 60, 8758.651367
62.151, 60, 8759.096680
62.151, 60, 8759.541016
62.151, 60, 8759.986328
62.151, 60, 8760.431641
62.151, 60, 8760.876953
62.151, 60, 8761.321289
62.151, 60, 8761.766602
62.151, 60, 8762.211914
62.151, 60, 8762.656250
62.151, 60, 8763.101562
62.151, 60, 8763.546875
62.151, 60, 8763.992188
62.151, 60, 8764.436523
62.151, 60, 8764.881836
62.151, 60, 8765.327148
62.151, 60, 8765.771484
62.151, 60, 8766.216797
62.151, 60, 8766.662109
62.151, 60, 8767.106445
62.151, 60, 8767.551758
62.151, 60, 8767.997070
62.151, 60, 8768.442383
62.151, 60, 8768.886719
62.151, 60, 8769.332031
62.151, 60, 8769.777344
62.151, 60, 8770.221680
62.151, 60, 8770.666992
62.151, 60, 8771.112305
62.151, 60, 8771.557617
62.151, 60, 8772.001953
62.151, 60, 8772.447266
62.151, 60, 8772.892578
62.151, 60, 8773.336914
62.151, 60, 8773.782227
62.151, 60, 8774.227539
62.151, 60, 8774.672852
62.151, 60, 8775.117188
62.151, 60, 8775.562500
62.151, 60, 8776.007812
62.151, 60, 8776.452148
62.151, 60, 8776.897461
62.151, 60, 8777.342773
62.151, 60, 8777.788086
62.151, 60, 8778.232422
62.151, 60, 8778.677734
62.151, 60, 8779.123047
62.151, 60, 8779.567383
62.151, 60, 8780.012695
62.151, 60, 8780.458008
62.151, 60, 8780.903320
62.151, 60, 8781.347656
62.151, 60, 8781.792969
62.151, 60, 8782.238281
62.151, 60, 8782.682617
62.151, 60, 8783.127930
62.151, 60, 8783.573242
62.151, 60, 8784.018555
62.151, 60, 8784.462891
62.151, 60, 8784.908203
62.151, 60, 8785.353516
62.151, 60, 8785.797852
62.151, 60, 8786.243164
62.151, 60, 8786.688477
62.151, 60, 8787.133789
62.151, 60, 8787.578125
62.151, 60, 8788.023438
62.151, 60, 8788.468750
62.151, 60, 8788.913086
62.151, 60, 8789.358398
62.151, 60, 8789.803711
62.151, 60, 8790.248047
62.151, 60, 8790.693359
62.151, 60, 8791.138672
62.151, 60, 8791.583984
62.151, 60, 8792.028320
62.151, 60, 8792.473633
62.151, 60, 8792.918945
62.151, 60, 8793.363281
62.151, 60, 8793.808594
62.151, 60, 8794.253906
62.151, 60, 8794.699219
62.151, 60, 8795.143555
62.151, 60, 8795.588867
62.151, 60, 8796.034180
62.151, 60, 8796.478516
62.151, 60, 8796.923828
62.151, 60, 8797.369141
62.151, 60, 8797.814453
62.151, 60, 8798.258789
62.151, 60, 8798.704102
62.151, 60, 8799.149414
62.151, 60, 8799.593750
62.151, 60, 8800.039062
62.151, 60, 8800.484375
62.151, 60, 8800.929688
62.151, 60, 8801.374023
62.151, 60, 8801.819336
62.151, 60, 8802.264648
62.151, 60, 8802.708984
62.151, 60, 8803.154297
62.151, 60, 8803.599609
62.151, 60, 8804.044922
62.151, 60, 8804.489258
62.151, 60, 8804.934570
62.151, 60, 8805.379883
62.151, 60, 8805.824219
62.151, 60, 8806.269531
62.151, 60, 8806.714844
62.151, 60, 8807.160156
62.151, 60, 8807.604492
62.151, 60, 8808.049805
62.151, 60, 8808.495117
62.151, 60, 8808.939453
62.151, 60, 8809.384766
62.151, 60, 8809.830078
62.151, 60, 8810.275391
62.151, 60, 8810.719727
62.151, 60, 8811.165039
62.151, 60, 8811.610352
62.151, 60, 8812.054688
62.151, 60, 8812.500000
62.151, 60, 8812.945312
62.151, 60, 8813.389648
62.151, 60, 8813.834961
62.151, 60, 8814.280273
62.151, 60, 8814.725586
62.151, 60, 8815.169922
62.151, 60, 8815.615234
62.151, 60, 8816.060547
62.151, 60, 8816.504883
62.151, 60, 8816.950195
62.151, 60, 8817.395508
62.151, 60, 8817.840820
62.151, 60, 8818.285156
62.151, 60, 8818.730469
62.169, 60, 8819.175781
62.169, 60, 8819.620117
62.169, 60, 8820.065430
62.169, 60, 8820.510742
62.169, 60, 8820.956055
62.169, 60, 8821.400391
62.169, 60, 8821.845703
62.169, 60, 8822.291016
62.169, 60, 8822.735352
62.169, 60, 8823.180664
62.169, 60, 8823.625977
62.169, 60, 8824.071289
62.169, 60, 8824.515625
62.169, 60, 8824.960938
62.169, 60, 8825.406250
62.169, 60, 8825.850586
62.169, 60, 8826.295898
62.169, 60, 8826.741211
62.169, 60, 8827.186523
62.169, 60, 8827.630859
62.169, 60, 8828.076172
62.169, 60, 8828.521484
62.169, 60, 8828.965820
62.169, 60, 8829.411133
62.169, 60, 8829.856445
62.169, 60, 8830.301758
62.169, 60, 8830.746094
62.169, 60, 8831.191406
62.169, 60, 8831.636719
62.169, 60, 8832.081055
62.169, 60, 8832.526367
62.169, 60, 8832.971680
62.169, 60, 8833.416992
62.169, 60, 8833.861328
62.169, 60, 8834.306641
62.169, 60, 8834.751953
62.169, 60, 8835.196289
62.169, 60, 8835.641602
62.169, 60, 8836.086914
62.169, 60, 8836.531250
62.169, 60, 8836.976562
62.169, 60, 8837.421875
62.169, 60, 8837.867188
62.169, 60, 8838.311523
62.169, 60, 8838.756836
62.169, 60, 8839.202148
62.169, 60, 8839.646484
62.169, 60, 8840.091797
62.169, 60, 8840.537109
62.169, 60, 8840.982422
62.169, 60, 8841.426758
62.169, 60, 8841.872070
62.169, 60, 8842.317383
62.169, 60, 8842.761719
62.169, 60, 8843.207031
62.169, 60, 8843.652344
62.169, 60, 8844.097656
62.169, 60, 8844.541992
62.169, 60, 8844.987305
62.169, 60, 8845.432617
62.169, 60, 8845.876953
62.169, 60, 8846.322266
62.169, 60, 8846.767578
62.169, 60, 8847.212891
62.169, 60, 8847.657227
62.169, 60, 8848.102539
62.169, 60, 8848.547852
62.169, 60, 8848.992188
62.169, 60, 8849.437500
62.169, 60, 8849.882812
62.169, 60, 8850.328125
62.169, 60, 8850.772461
62.169, 60, 8851.217773
62.169, 60, 8851.663086
62.169, 60, 8852.107422
62.169, 60, 8852.552734
62.169, 60, 8852.998047
62.169, 60, 8853.443359
62.169, 60, 8853.887695
62.169, 60, 8854.333008
62.169, 60, 8854.778320
62.169, 60, 8855.222656
62.169, 60, 8855.667969
62.169, 60, 8856.113281
62.169, 60, 8856.558594
62.169, 60, 8857.002930
62.169, 60, 8857.448242
62.169, 60, 8857.893555
62.169, 60, 8858.337891
62.169, 60, 8858.783203
62.169, 60, 8859.228516
62.169, 60, 8859.672852
62.169, 60, 8860.118164
62.169, 60, 8860.563477
62.169, 60, 8861.008789
62.169, 60, 8861.453125
62.169, 60, 8861.898438
62.169, 60, 8862.343750
62.169, 60, 8862.788086
62.169, 60, 8863.233398
62.169, 60, 8863.678711
62.247, 60, 8864.124023
62.247, 60, 8864.568359
62.247, 60, 8865.013672
62.247, 60, 8865.458984
62.247, 60, 8865.903320
62.247, 60, 8866.348633
62.247, 60, 8866.793945
62.247, 60, 8867.239258
62.247, 60, 8867.683594
62.247, 60, 8868.128906
62.247, 60, 8868.574219
62.247, 60, 8869.018555
62.247, 60, 8869.463867
62.247, 60, 8869.909180
62.247, 60, 8870.354492
62.247, 60, 8870.798828
62.247, 60, 8871.244141
62.247, 60, 8871.689453
62.247, 60, 8872.133789
62.247, 60, 8872.579102
62.247, 60, 8873.024414
62.247, 60, 8873.469727
62.247, 60, 8873.914062
62.247, 60, 8874.359375
62.247, 60, 8874.804688
62.247, 60, 8875.249023
62.247, 60, 8875.694336
62.247, 60, 8876.139648
62.247, 60, 8876.584961
62.247, 60, 8877.029297
62.247, 60, 8877.474609
62.247, 60, 8877.919922
62.247, 60, 8878.364258
62.247, 60, 8878.809570
62.247, 60, 8879.254883
62.247, 60, 8879.700195
62.247, 60, 8880.144531
62.247, 60, 8880.589844
62.247, 60, 8881.035156
62.247, 60, 8881.479492
62.247, 60, 8881.924805
62.247, 60, 8882.370117
62.247, 60, 8882.814453
62.247, 60, 8883.259766
62.247, 60, 8883.705078
62.247, 60, 8884.150391
62.247, 60, 8884.594727
62.247, 60, 8885.040039
62.247, 60, 8885.485352
62.247, 60, 8885.929688
62.247, 60, 8886.375000
62.247, 60, 8886.820312
62.247, 60, 8887.265625
62.247, 60, 8887.709961
62.247, 60, 8888.155273
62.247, 60, 8888.600586
62.247, 60, 8889.044922
62.247, 60, 8889.490234
62.247, 60, 8889.935547
62.247, 60, 8890.380859
62.247, 60, 8890.825195
62.247, 60, 8891.270508
62.247, 60, 8891.715820
62.247, 60, 8892.160156
62.247, 60, 8892.605469
62.247, 60, 8893.050781
62.247, 60, 8893.496094
62.247, 60, 8893.940430
62.247, 60, 8894.385742
62.247, 60, 8894.831055
62.247, 60, 8895.275391
62.247, 60, 8895.720703
62.247, 60, 8896.166016
62.247, 60, 8896.611328
62.247, 60, 8897.055664
62.247, 60, 8897.500977
62.247, 60, 8897.946289
62.247, 60, 8898.390625
62.247, 60, 8898.835938
62.247, 60, 8899.281250
62.247, 60, 8899.726562
62.247, 60, 8900.170898
62.247, 60, 8900.616211
62.247, 60, 8901.061523
62.247, 60, 8901.505859
62.247, 60, 8901.951172
62.247, 60, 8902.396484
62.247, 60, 8902.841797
62.247, 60, 8903.286133
62.247, 60, 8903.731445
62.247, 60, 8904.176758
62.247, 60, 8904.621094
62.247, 60, 8905.066406
62.247, 60, 8905.511719
62.247, 60, 8905.956055
62.247, 60, 8906.401367
62.247, 60, 8906.846680
62.247, 60, 8907.291992
62.247, 60, 8907.736328
62.247, 60, 8908.181641
62.247, 60, 8908.626953
62.247, 60, 8909.071289
62.247, 60, 8909.516602
62.247, 60, 8909.961914
62.247, 60, 8910.407227
62.247, 60, 8910.851562
62.247, 60, 8911.296875
62.247, 60, 8911.742188
62.247, 60, 8912.186523
62.247, 60, 8912.631836
62.247, 60, 8913.077148
62.247, 60, 8913.522461
62.247, 60, 8913.966797
62.247, 60, 8914.412109
62.247, 60, 8914.857422
62.247, 60, 8915.301758
62.247, 60, 8915.747070
62.247, 60, 8916.192383
62.247, 60, 8916.637695
62.247, 60, 8917.082031
62.247, 60, 8917.527344
62.247, 60, 8917.972656
62.247, 60, 8918.416992
62.247, 60, 8918.862305
62.247, 60, 8919.307617
62.247, 60, 8919.752930
62.247, 60, 8920.197266
62.247, 60, 8920.642578
62.247, 60, 8921.087891
62.247, 60, 8921.532227
62.247, 60, 8921.977539
62.247, 60, 8922.422852
62.247, 60, 8922.868164
62.247, 60, 8923.312500
62.247, 60, 8923.757812
62.247, 60, 8924.203125
62.247, 60, 8924.647461
62.247, 60, 8925.092773
62.247, 60, 8925.538086
62.247, 60, 8925.983398
62.247, 60, 8926.427734
62.247, 60, 8926.873047
62.247, 60, 8927.318359
62.247, 60, 8927.762695
62.247, 60, 8928.208008
62.247, 60, 8928.653320
62.247, 60, 8929.097656
62.247, 60, 8929.542969
62.247, 60, 8929.988281
62.247, 60, 8930.433594
62.247, 60, 8930.877930
62.247, 60, 8931.323242
62.247, 60, 8931.768555
62.247, 60, 8932.212891
62.247, 60, 8932.658203
62.247, 60, 8933.103516
62.247, 60, 8933.548828
62.247, 60, 8933.993164
62.247, 60, 8934.438477
62.247, 60, 8934.883789
62.247, 60, 8935.328125
62.247, 60, 8935.773438
62.247, 60, 8936.218750
62.247, 60, 8936.664062
62.247, 60, 8937.108398
62.247, 60, 8937.553711
62.247, 60, 8937.999023
62.247, 60, 8938.443359
62.247, 60, 8938.888672
62.247, 60, 8939.333984
62.247, 60, 8939.779297
62.247, 60, 8940.223633
62.247, 60, 8940.668945
62.247, 60, 8941.114258
62.247, 60, 8941.558594
62.247, 60, 8942.003906
62.247, 60, 8942.449219
62.247, 60, 8942.894531
62.247, 60, 8943.338867
62.247, 60, 8943.784180
62.247, 60, 8944.229492
62.247, 60, 8944.673828
62.247, 60, 8945.119141
62.247, 60, 8945.564453
62.247, 60, 8946.009766
62.247, 60, 8946.454102
62.247, 60, 8946.899414
62.247, 60, 8947.344727
62.247, 60, 8947.789062
62.247, 60, 8948.234375
62.247, 60, 8948.679688
62.247, 60, 8949.125000
62.247, 60, 8949.569336
62.247, 60, 8950.014648
62.247, 60, 8950.459961
62.247, 60, 8950.904297
62.247, 60, 8951.349609
62.247, 60, 8951.794922
62.247, 60, 8952.239258
62.247, 60, 8952.684570
62.247, 60, 8953.129883
62.247, 60, 8953.575195
62.247, 60, 8954.019531
62.247, 60, 8954.464844
62.247, 60, 8954.910156
62.247, 60, 8955.354492
62.247, 60, 8955.799805
62.247, 60, 8956.245117
62.247, 60, 8956.690430
62.247, 60, 8957.134766
62.247, 60, 8957.580078
62.247, 60, 8958.025391
62.247, 60, 8958.469727
62.247, 60, 8958.915039
62.247, 60, 8959.360352
62.247, 60, 8959.805664
62.247, 60, 8960.250000
62.247, 60, 8960.695312
62.247, 60, 8961.140625
62.247, 60, 8961.584961
62.247, 60, 8962.030273
62.247, 60, 8962.475586
62.247, 60, 8962.920898
62.247, 60, 8963.365234
62.247, 60, 8963.810547
62.247, 60, 8964.255859
62.247, 60, 8964.700195
62.247, 60, 8965.145508
62.247, 60, 8965.590820
62.247, 60, 8966.036133
62.247, 60, 8966.480469
62.247, 60, 8966.925781
62.247, 60, 8967.371094
62.247, 60, 8967.815430
62.247, 60, 8968.260742
62.247, 60, 8968.706055
62.247, 60, 8969.151367
62.247, 60, 8969.595703
62.247, 60, 8970.041016
62.247, 60, 8970.486328
62.247, 60, 8970.930664
62.342, 60, 8971.375977
62.342, 60, 8971.821289
62.342, 60, 8972.266602
62.342, 60, 8972.710938
62.342, 60, 8973.156250
62.342, 60, 8973.601562
62.342, 60, 8974.045898
62.342, 60, 8974.491211
62.342, 60, 8974.936523
62.342, 60, 8975.380859
62.342, 60, 8975.826172
62.342, 60, 8976.271484
62.342, 60, 8976.716797
62.342, 60, 8977.161133
62.342, 60, 8977.606445
62.342, 60, 8978.051758
62.342, 60, 8978.496094
62.342, 60, 8978.941406
62.342, 60, 8979.386719
62.342, 60, 8979.832031
62.342, 60, 8980.276367
62.342, 60, 8980.721680
62.342, 60, 8981.166992
62.342, 60, 8981.611328
62.342, 60, 8982.056641
62.342, 60, 8982.501953
62.342, 60, 8982.947266
62.342, 60, 8983.391602
62.342, 60, 8983.836914
62.342, 60, 8984.282227
62.342, 60, 8984.726562
62.342, 60, 8985.171875
62.342, 60, 8985.617188
62.342, 60, 8986.062500
62.342, 60, 8986.506836
62.342, 60, 8986.952148
62.342, 60, 8987.397461
62.342, 60, 8987.841797
62.342, 60, 8988.287109
62.342, 60, 8988.732422
62.342, 60, 8989.177734
62.342, 60, 8989.622070
62.342, 60, 8990.067383
62.342, 60, 8990.512695
62.342, 60, 8990.957031
62.342, 60, 8991.402344
62.342, 60, 8991.847656
62.342, 60, 8992.292969
62.342, 60, 8992.737305
62.342, 60, 8993.182617
62.342, 60, 8993.627930
62.342, 60, 8994.072266
62.342, 60, 8994.517578
62.342, 60, 8994.962891
62.342, 60, 8995.408203
62.342, 60, 8995.852539
62.342, 60, 8996.297852
62.342, 60, 8996.743164
62.342, 60, 8997.187500
62.342, 60, 8997.632812
62.342, 60, 8998.078125
62.342, 60, 8998.522461
62.342, 60, 8998.967773
62.342, 60, 8999.413086
62.342, 60, 8999.858398
62.342, 60, 9000.302734
62.342, 60, 9000.748047
62.342, 60, 9001.193359
62.342, 60, 9001.637695
62.342, 60, 9002.083008
62.342, 60, 9002.528320
62.342, 60, 9002.973633
62.342, 60, 9003.417969
62.342, 60, 9003.863281
62.342, 60, 9004.308594
62.342, 60, 9004.752930
62.342, 60, 9005.198242
62.342, 60, 9005.643555
62.342, 60, 9006.088867
62.342, 60, 9006.533203
62.342, 60, 9006.978516
62.342, 60, 9007.423828
62.342, 60, 9007.868164
62.342, 60, 9008.313477
62.342, 60, 9008.758789
62.342, 60, 9009.204102
62.342, 60, 9009.648438
62.342, 60, 9010.093750
62.342, 60, 9010.539062
62.342, 60, 9010.983398
62.342, 60, 9011.428711
62.342, 60, 9011.874023
62.342, 60, 9012.319336
62.342, 60, 9012.763672
62.342, 60, 9013.208984
62.342, 60, 9013.654297
62.342, 60, 9014.098633
62.342, 60, 9014.543945
62.342, 60, 9014.989258
62.342, 60, 9015.434570
62.342, 60, 9015.878906
62.342, 60, 9016.324219
62.342, 60, 9016.769531
62.342, 60, 9017.213867
62.342, 60, 9017.659180
62.342, 60, 9018.104492
62.342, 60, 9018.549805
62.342, 60, 9018.994141
62.342, 60, 9019.439453
62.342, 60, 9019.884766
62.342, 60, 9020.329102
62.342, 60, 9020.774414
62.342, 60, 9021.219727
62.342, 60, 9021.664062
62.342, 60, 9022.109375
62.342, 60, 9022.554688
62.342, 60, 9023.000000
62.342, 60, 9023.444336
62.342, 60, 9023.889648
62.342, 60, 9024.334961
62.342, 60, 9024.779297
62.342, 60, 9025.224609
62.342, 60, 9025.669922
62.342, 60, 9026.115234
62.342, 60, 9026.559570
62.342, 60, 9027.004883
62.342, 60, 9027.450195
62.342, 60, 9027.894531
62.342, 60, 9028.339844
62.342, 60, 9028.785156
62.342, 60, 9029.230469
62.342, 60, 9029.674805
62.342, 60, 9030.120117
62.342, 60, 9030.565430
62.342, 60, 9031.009766
62.342, 60, 9031.455078
62.342, 60, 9031.900391
62.342, 60, 9032.345703
62.342, 60, 9032.790039
62.247, 60, 9033.235352
62.247, 60, 9033.680664
62.247, 60, 9034.125000
62.247, 60, 9034.570312
62.247, 60, 9035.015625
62.247, 60, 9035.460938
62.247, 60, 9035.905273
62.247, 60, 9036.350586
62.247, 60, 9036.795898
62.247, 60, 9037.240234
62.247, 60, 9037.685547
62.247, 60, 9038.130859
62.247, 60, 9038.576172
62.247, 60, 9039.020508
62.247, 60, 9039.465820
62.247, 60, 9039.911133
62.247, 60, 9040.355469
62.247, 60, 9040.800781
62.247, 60, 9041.246094
62.247, 60, 9041.691406
62.247, 60, 9042.135742
62.247, 60, 9042.581055
62.247, 60, 9043.026367
62.247, 60, 9043.470703
62.247, 60, 9043.916016
62.247, 60, 9044.361328
62.247, 60, 9044.805664
62.247, 60, 9045.250977
62.247, 60, 9045.696289
62.247, 60, 9046.141602
62.247, 60, 9046.585938
62.247, 60, 9047.031250
62.247, 60, 9047.476562
62.247, 60, 9047.920898
62.247, 60, 9048.366211
62.151, 60, 9048.811523
62.151, 60, 9049.256836
62.151, 60, 9049.701172
62.151, 60, 9050.146484
62.151, 60, 9050.591797
62.151, 60, 9051.036133
62.151, 60, 9051.481445
62.151, 60, 9051.926758
62.151, 60, 9052.372070
62.151, 60, 9052.816406
62.151, 60, 9053.261719
62.151, 60, 9053.707031
62.151, 60, 9054.151367
62.151, 60, 9054.596680
62.151, 60, 9055.041992
62.151, 60, 9055.487305
62.151, 60, 9055.931641
62.151, 60, 9056.376953
62.151, 60, 9056.822266
62.151, 60, 9057.266602
62.151, 60, 9057.711914
62.151, 60, 9058.157227
62.151, 60, 9058.602539
62.151, 60, 9059.046875
62.151, 60, 9059.492188
62.151, 60, 9059.937500
62.151, 60, 9060.381836
62.151, 60, 9060.827148
62.151, 60, 9061.272461
62.151, 60, 9061.717773
62.151, 60, 9062.162109
62.151, 60, 9062.607422
62.151, 60, 9063.052734
62.151, 60, 9063.497070
62.151, 60, 9063.942383
62.074, 60, 9064.387695
62.074, 60, 9064.833008
62.074, 60, 9065.277344
62.074, 60, 9065.722656
62.074, 60, 9066.167969
62.074, 60, 9066.612305
62.074, 60, 9067.057617
62.074, 60, 9067.502930
62.074, 60, 9067.947266
62.074, 60, 9068.392578
62.074, 60, 9068.837891
62.074, 60, 9069.283203
62.074, 60, 9069.727539
62.074, 60, 9070.172852
62.074, 60, 9070.618164
62.074, 60, 9071.062500
62.074, 60, 9071.507812
62.074, 60, 9071.953125
62.074, 60, 9072.398438
62.074, 60, 9072.842773
62.074, 60, 9073.288086
62.074, 60, 9073.733398
62.074, 60, 9074.177734
62.074, 60, 9074.623047
62.074, 60, 9075.068359
62.074, 60, 9075.513672
62.074, 60, 9075.958008
62.074, 60, 9076.403320
62.074, 60, 9076.848633
62.074, 60, 9077.292969
62.074, 60, 9077.738281
62.074, 60, 9078.183594
62.074, 60, 9078.628906
62.074, 60, 9079.073242
62.074, 60, 9079.518555
61.979, 60, 9079.963867
61.979, 60, 9080.408203
61.979, 60, 9080.853516
61.979, 60, 9081.298828
61.979, 60, 9081.744141
61.979, 60, 9082.188477
61.979, 60, 9082.633789
61.979, 60, 9083.079102
61.979, 60, 9083.523438
61.979, 60, 9083.968750
61.979, 60, 9084.414062
61.979, 60, 9084.859375
61.979, 60, 9085.303711
61.979, 60, 9085.749023
61.979, 60, 9086.194336
61.979, 60, 9086.638672
61.979, 60, 9087.083984
61.979, 60, 9087.529297
61.979, 60, 9087.974609
61.979, 60, 9088.418945
61.979, 60, 9088.864258
61.979, 60, 9089.309570
61.979, 60, 9089.753906
61.979, 60, 9090.199219
61.979, 60, 9090.644531
61.979, 60, 9091.088867
61.979, 60, 9091.534180
61.979, 60, 9091.979492
61.979, 60, 9092.424805
61.979, 60, 9092.869141
61.979, 60, 9093.314453
61.979, 60, 9093.759766
61.979, 60, 9094.204102
61.979, 60, 9094.649414
61.979, 60, 9095.094727
61.961, 60, 9095.540039
61.961, 60, 9095.984375
61.961, 60, 9096.429688
61.961, 60, 9096.875000
61.961, 60, 9097.319336
61.961, 60, 9097.764648
61.961, 60, 9098.209961
61.961, 60, 9098.655273
61.961, 60, 9099.099609
61.961, 60, 9099.544922
61.961, 60, 9099.990234
61.961, 60, 9100.434570
61.961, 60, 9100.879883
61.961, 60, 9101.325195
61.961, 60, 9101.770508
61.961, 60, 9102.214844
61.961, 60, 9102.660156
61.961, 60, 9103.105469
61.961, 60, 9103.549805
61.961, 60, 9103.995117
61.961, 60, 9104.440430
61.961, 60, 9104.885742
61.961, 60, 9105.330078
61.961, 60, 9105.775391
61.961, 60, 9106.220703
61.961, 60, 9106.665039
61.961, 60, 9107.110352
61.961, 60, 9107.555664
61.961, 60, 9108.000977
61.961, 60, 9108.445312
61.961, 60, 9108.890625
61.961, 60, 9109.335938
61.961, 60, 9109.780273
61.961, 60, 9110.225586
61.961, 60, 9110.670898
61.979, 60, 9111.116211
61.979, 60, 9111.560547
61.979, 60, 9112.005859
61.979, 60, 9112.451172
61.979, 60, 9112.895508
61.979, 60, 9113.340820
61.979, 60, 9113.786133
61.979, 60, 9114.230469
61.979, 60, 9114.675781
61.979, 60, 9115.121094
61.979, 60, 9115.566406
61.979, 60, 9116.010742
61.979, 60, 9116.456055
61.979, 60, 9116.901367
61.979, 60, 9117.345703
61.979, 60, 9117.791016
61.979, 60, 9118.236328
61.979, 60, 9118.681641
61.979, 60, 9119.125977
61.979, 60, 9119.571289
61.979, 60, 9120.016602
61.979, 60, 9120.460938
61.979, 60, 9120.906250
61.979, 60, 9121.351562
61.979, 60, 9121.796875
61.979, 60, 9122.241211
61.979, 60, 9122.686523
61.979, 60, 9123.131836
61.979, 60, 9123.576172
61.979, 60, 9124.021484
61.979, 60, 9124.466797
61.979, 60, 9124.912109
61.979, 60, 9125.356445
61.979, 60, 9125.801758
61.979, 60, 9126.247070
61.979, 60, 9126.691406
61.979, 60, 9127.136719
61.979, 60, 9127.582031
61.979, 60, 9128.027344
61.979, 60, 9128.471680
61.979, 60, 9128.916992
61.979, 60, 9129.362305
61.979, 60, 9129.806641
61.979, 60, 9130.251953
61.979, 60, 9130.697266
61.979, 60, 9131.142578
61.979, 60, 9131.586914
61.979, 60, 9132.032227
61.979, 60, 9132.477539
61.979, 60, 9132.921875
61.979, 60, 9133.367188
61.979, 60, 9133.812500
61.979, 60, 9134.257812
61.979, 60, 9134.702148
61.979, 60, 9135.147461
61.979, 60, 9135.592773
61.979, 60, 9136.037109
61.979, 60, 9136.482422
61.979, 60, 9136.927734
61.979, 60, 9137.373047
61.979, 60, 9137.817383
61.979, 60, 9138.262695
61.979, 60, 9138.708008
61.979, 60, 9139.152344
61.979, 60, 9139.597656
61.979, 60, 9140.042969
61.979, 60, 9140.487305
61.979, 60, 9140.932617
61.979, 60, 9141.377930
61.979, 60, 9141.823242
61.979, 60, 9142.267578
61.979, 60, 9142.712891
61.979, 60, 9143.158203
61.979, 60, 9143.602539
61.979, 60, 9144.047852
61.979, 60, 9144.493164
61.979, 60, 9144.938477
61.979, 60, 9145.382812
61.979, 60, 9145.828125
61.979, 60, 9146.273438
61.979, 60, 9146.717773
61.979, 60, 9147.163086
61.979, 60, 9147.608398
61.979, 60, 9148.053711
61.979, 60, 9148.498047
61.979, 60, 9148.943359
61.979, 60, 9149.388672
61.979, 60, 9149.833008
61.979, 60, 9150.278320
61.979, 60, 9150.723633
61.979, 60, 9151.168945
61.979, 60, 9151.613281
61.979, 60, 9152.058594
61.979, 60, 9152.503906
61.979, 60, 9152.948242
61.979, 60, 9153.393555
61.979, 60, 9153.838867
61.979, 60, 9154.284180
61.979, 60, 9154.728516
61.979, 60, 9155.173828
61.979, 60, 9155.619141
61.979, 60, 9156.063477
61.979, 60, 9156.508789
61.979, 60, 9156.954102
61.979, 60, 9157.399414
61.961, 60, 9157.843750
61.961, 60, 9158.289062
61.961, 60, 9158.734375
61.961, 60, 9159.178711
61.961, 60, 9159.624023
61.961, 60, 9160.069336
61.961, 60, 9160.514648
61.961, 60, 9160.958984
61.961, 60, 9161.404297
61.961, 60, 9161.849609
61.961, 60, 9162.293945
61.961, 60, 9162.739258
61.961, 60, 9163.184570
61.961, 60, 9163.628906
61.961, 60, 9164.074219
61.961, 60, 9164.519531
61.961, 60, 9164.964844
61.961, 60, 9165.409180
61.961, 60, 9165.854492
61.961, 60, 9166.299805
61.961, 60, 9166.744141
61.961, 60, 9167.189453
61.961, 60, 9167.634766
61.961, 60, 9168.080078
61.961, 60, 9168.524414
61.961, 60, 9168.969727
61.961, 60, 9169.415039
61.961, 60, 9169.859375
61.961, 60, 9170.304688
61.961, 60, 9170.750000
61.961, 60, 9171.195312
61.961, 60, 9171.639648
61.961, 60, 9172.084961
61.979, 60, 9172.530273
61.979, 60, 9172.974609
61.979, 60, 9173.419922
61.979, 60, 9173.865234
61.979, 60, 9174.310547
61.979, 60, 9174.754883
61.979, 60, 9175.200195
61.979, 60, 9175.645508
61.979, 60, 9176.089844
61.979, 60, 9176.535156
61.979, 60, 9176.980469
61.979, 60, 9177.425781
61.979, 60, 9177.870117
61.979, 60, 9178.315430
61.979, 60, 9178.760742
61.979, 60, 9179.205078
61.979, 60, 9179.650391
61.979, 60, 9180.095703
61.979, 60, 9180.541016
61.979, 60, 9180.985352
61.979, 60, 9181.430664
61.979, 60, 9181.875977
61.979, 60, 9182.320312
61.979, 60, 9182.765625
61.979, 60, 9183.210938
61.979, 60, 9183.656250
61.979, 60, 9184.100586
61.979, 60, 9184.545898
61.979, 60, 9184.991211
61.979, 60, 9185.435547
61.979, 60, 9185.880859
61.979, 60, 9186.326172
61.979, 60, 9186.770508
61.979, 60, 9187.215820
62.056, 60, 9187.661133
62.056, 60, 9188.106445
62.056, 60, 9188.550781
62.056, 60, 9188.996094
62.056, 60, 9189.441406
62.056, 60, 9189.885742
62.056, 60, 9190.331055
62.056, 60, 9190.776367
62.056, 60, 9191.221680
62.056, 60, 9191.666016
62.056, 60, 9192.111328
62.056, 60, 9192.556641
62.056, 60, 9193.000977
62.056, 60, 9193.446289
62.056, 60, 9193.891602
62.056, 60, 9194.336914
62.056, 60, 9194.781250
62.056, 60, 9195.226562
62.056, 60, 9195.671875
62.056, 60, 9196.116211
62.056, 60, 9196.561523
62.056, 60, 9197.006836
62.056, 60, 9197.452148
62.056, 60, 9197.896484
62.056, 60, 9198.341797
62.056, 60, 9198.787109
62.056, 60, 9199.231445
62.056, 60, 9199.676758
62.056, 60, 9200.122070
62.056, 60, 9200.567383
62.056, 60, 9201.011719
62.056, 60, 9201.457031
62.056, 60, 9201.902344
62.056, 60, 9202.346680
62.056, 60, 9202.791992
62.074, 60, 9203.237305
62.074, 60, 9203.682617
62.074, 60, 9204.126953
62.074, 60, 9204.572266
62.074, 60, 9205.017578
62.074, 60, 9205.461914
62.074, 60, 9205.907227
62.074, 60, 9206.352539
62.074, 60, 9206.797852
62.074, 60, 9207.242188
62.074, 60, 9207.687500
62.074, 60, 9208.132812
62.074, 60, 9208.577148
62.074, 60, 9209.022461
62.074, 60, 9209.467773
62.074, 60, 9209.912109
62.074, 60, 9210.357422
62.074, 60, 9210.802734
62.074, 60, 9211.248047
62.074, 60, 9211.692383
62.074, 60, 9212.137695
62.074, 60, 9212.583008
62.074, 60, 9213.027344
62.074, 60, 9213.472656
62.074, 60, 9213.917969
62.074, 60, 9214.363281
62.074, 60, 9214.807617
62.074, 60, 9215.252930
62.074, 60, 9215.698242
62.074, 60, 9216.142578
62.074, 60, 9216.587891
62.074, 60, 9217.033203
62.074, 60, 9217.478516
62.074, 60, 9217.922852
62.074, 60, 9218.368164
61.979, 60, 9218.813477
61.979, 60, 9219.257812
61.979, 60, 9219.703125
61.979, 60, 9220.148438
61.979, 60, 9220.593750
61.979, 60, 9221.038086
61.979, 60, 9221.483398
61.979, 60, 9221.928711
61.979, 60, 9222.373047
61.979, 60, 9222.818359
61.979, 60, 9223.263672
61.979, 60, 9223.708984
61.979, 60, 9224.153320
61.979, 60, 9224.598633
61.979, 60, 9225.043945
61.979, 60, 9225.488281
61.979, 60, 9225.933594
61.979, 60, 9226.378906
61.979, 60, 9226.824219
61.979, 60, 9227.268555
61.979, 60, 9227.713867
61.979, 60, 9228.159180
61.979, 60, 9228.603516
61.979, 60, 9229.048828
61.979, 60, 9229.494141
61.979, 60, 9229.939453
61.979, 60, 9230.383789
61.979, 60, 9230.829102
61.979, 60, 9231.274414
61.979, 60, 9231.718750
61.979, 60, 9232.164062
61.979, 60, 9232.609375
61.979, 60, 9233.053711
61.979, 60, 9233.499023
61.979, 60, 9233.944336
61.979, 60, 9234.389648
61.979, 60, 9234.833984
61.979, 60, 9235.279297
61.979, 60, 9235.724609
61.979, 60, 9236.168945
61.979, 60, 9236.614258
61.979, 60, 9237.059570
61.979, 60, 9237.504883
61.979, 60, 9237.949219
61.979, 60, 9238.394531
61.979, 60, 9238.839844
61.979, 60, 9239.284180
61.979, 60, 9239.729492
61.979, 60, 9240.174805
61.979, 60, 9240.620117
61.979, 60, 9241.064453
61.979, 60, 9241.509766
61.979, 60, 9241.955078
61.979, 60, 9242.399414
61.979, 60, 9242.844727
61.979, 60, 9243.290039
61.979, 60, 9243.735352
61.979, 60, 9244.179688
61.979, 60, 9244.625000
61.979, 60, 9245.070312
61.979, 60, 9245.514648
61.979, 60, 9245.959961
61.979, 60, 9246.405273
61.979, 60, 9246.850586
61.979, 60, 9247.294922
61.979, 60, 9247.740234
61.979, 60, 9248.185547
61.979, 60, 9248.629883
61.979, 60, 9249.075195
61.979, 60, 9249.520508
61.979, 60, 9249.965820
61.979, 60, 9250.410156
61.979, 60, 9250.855469
61.979, 60, 9251.300781
61.979, 60, 9251.745117
61.979, 60, 9252.190430
61.979, 60, 9252.635742
61.979, 60, 9253.081055
61.979, 60, 9253.525391
61.979, 60, 9253.970703
61.979, 60, 9254.416016
61.979, 60, 9254.860352
61.979, 60, 9255.305664
61.979, 60, 9255.750977
61.979, 60, 9256.195312
61.979, 60, 9256.640625
61.979, 60, 9257.085938
61.979, 60, 9257.531250
61.979, 60, 9257.975586
61.979, 60, 9258.420898
61.979, 60, 9258.866211
61.979, 60, 9259.310547
61.979, 60, 9259.755859
61.979, 60, 9260.201172
61.979, 60, 9260.646484
61.979, 60, 9261.090820
61.979, 60, 9261.536133
61.979, 60, 9261.981445
61.979, 60, 9262.425781
61.979, 60, 9262.871094
61.979, 60, 9263.316406
61.979, 60, 9263.761719
61.979, 60, 9264.206055
61.979, 60, 9264.651367
61.979, 60, 9265.096680
62.074, 60, 9265.541016
62.074, 60, 9265.986328
62.074, 60, 9266.431641
62.074, 60, 9266.876953
62.074, 60, 9267.321289
62.074, 60, 9267.766602
62.074, 60, 9268.211914
62.074, 60, 9268.656250
62.074, 60, 9269.101562
62.074, 60, 9269.546875
62.074, 60, 9269.992188
62.074, 60, 9270.436523
62.074, 60, 9270.881836
62.074, 60, 9271.327148
62.074, 60, 9271.771484
62.074, 60, 9272.216797
62.074, 60, 9272.662109
62.074, 60, 9273.107422
62.074, 60, 9273.551758
62.074, 60, 9273.997070
62.074, 60, 9274.442383
62.074, 60, 9274.886719
62.074, 60, 9275.332031
62.074, 60, 9275.777344
62.074, 60, 9276.222656
62.074, 60, 9276.666992
62.074, 60, 9277.112305
62.074, 60, 9277.557617
62.074, 60, 9278.001953
62.074, 60, 9278.447266
62.074, 60, 9278.892578
62.074, 60, 9279.336914
62.074, 60, 9279.782227
62.074, 60, 9280.227539
62.169, 60, 9280.672852
62.169, 60, 9281.117188
62.169, 60, 9281.562500
62.169, 60, 9282.007812
62.169, 60, 9282.452148
62.169, 60, 9282.897461
62.169, 60, 9283.342773
62.169, 60, 9283.788086
62.169, 60, 9284.232422
62.169, 60, 9284.677734
62.169, 60, 9285.123047
62.169, 60, 9285.567383
62.169, 60, 9286.012695
62.169, 60, 9286.458008
62.169, 60, 9286.903320
62.169, 60, 9287.347656
62.169, 60, 9287.792969
62.169, 60, 9288.238281
62.169, 60, 9288.682617
62.169, 60, 9289.127930
62.169, 60, 9289.573242
62.169, 60, 9290.018555
62.169, 60, 9290.462891
62.169, 60, 9290.908203
62.169, 60, 9291.353516
62.169, 60, 9291.797852
62.169, 60, 9292.243164
62.169, 60, 9292.688477
62.169, 60, 9293.133789
62.169, 60, 9293.578125
62.169, 60, 9294.023438
62.169, 60, 9294.468750
62.169, 60, 9294.913086
62.169, 60, 9295.358398
62.169, 60, 9295.803711
62.169, 60, 9296.249023
62.169, 60, 9296.693359
62.169, 60, 9297.138672
62.169, 60, 9297.583984
62.169, 60, 9298.028320
62.169, 60, 9298.473633
62.169, 60, 9298.918945
62.169, 60, 9299.364258
62.169, 60, 9299.808594
62.169, 60, 9300.253906
62.169, 60, 9300.699219
62.169, 60, 9301.143555
62.169, 60, 9301.588867
62.169, 60, 9302.034180
62.169, 60, 9302.478516
62.169, 60, 9302.923828
62.169, 60, 9303.369141
62.169, 60, 9303.814453
62.169, 60, 9304.258789
62.169, 60, 9304.704102
62.169, 60, 9305.149414
62.169, 60, 9305.593750
62.169, 60, 9306.039062
62.169, 60, 9306.484375
62.169, 60, 9306.929688
62.169, 60, 9307.374023
62.169, 60, 9307.819336
62.169, 60, 9308.264648
62.169, 60, 9308.708984
62.169, 60, 9309.154297
62.169, 60, 9309.599609
62.169, 60, 9310.044922
62.169, 60, 9310.489258
62.169, 60, 9310.934570
62.169, 60, 9311.379883
62.169, 60, 9311.824219
62.169, 60, 9312.269531
62.169, 60, 9312.714844
62.169, 60, 9313.160156
62.169, 60, 9313.604492
62.169, 60, 9314.049805
62.169, 60, 9314.495117
62.169, 60, 9314.939453
62.169, 60, 9315.384766
62.169, 60, 9315.830078
62.169, 60, 9316.275391
62.169, 60, 9316.719727
62.169, 60, 9317.165039
62.169, 60, 9317.610352
62.169, 60, 9318.054688
62.169, 60, 9318.500000
62.169, 60, 9318.945312
62.169, 60, 9319.390625
62.169, 60, 9319.834961
62.169, 60, 9320.280273
62.169, 60, 9320.725586
62.169, 60, 9321.169922
62.169, 60, 9321.615234
62.169, 60, 9322.060547
62.169, 60, 9322.505859
62.169, 60, 9322.950195
62.169, 60, 9323.395508
62.169, 60, 9323.840820
62.169, 60, 9324.285156
62.169, 60, 9324.730469
62.169, 60, 9325.175781
62.169, 60, 9325.620117
62.169, 60, 9326.065430
62.169, 60, 9326.510742
62.169, 60, 9326.956055
62.169, 60, 9327.400391
62.169, 60, 9327.845703
62.169, 60, 9328.291016
62.169, 60, 9328.735352
62.169, 60, 9329.180664
62.169, 60, 9329.625977
62.169, 60, 9330.071289
62.169, 60, 9330.515625
62.169, 60, 9330.960938
62.169, 60, 9331.406250
62.169, 60, 9331.850586
62.169, 60, 9332.295898
62.169, 60, 9332.741211
62.169, 60, 9333.186523
62.169, 60, 9333.630859
62.169, 60, 9334.076172
62.169, 60, 9334.521484
62.169, 60, 9334.965820
62.169, 60, 9335.411133
62.169, 60, 9335.856445
62.169, 60, 9336.301758
62.169, 60, 9336.746094
62.169, 60, 9337.191406
62.169, 60, 9337.636719
62.169, 60, 9338.081055
62.169, 60, 9338.526367
62.169, 60, 9338.971680
62.169, 60, 9339.416992
62.169, 60, 9339.861328
62.169, 60, 9340.306641
62.169, 60, 9340.751953
62.169, 60, 9341.196289
62.169, 60, 9341.641602
62.265, 60, 9342.086914
62.265, 60, 9342.532227
62.265, 60, 9342.976562
62.265, 60, 9343.421875
62.265, 60, 9343.867188
62.265, 60, 9344.311523
62.265, 60, 9344.756836
62.265, 60, 9345.202148
62.265, 60, 9345.647461
62.265, 60, 9346.091797
62.265, 60, 9346.537109
62.265, 60, 9346.982422
62.265, 60, 9347.426758
62.265, 60, 9347.872070
62.265, 60, 9348.317383
62.265, 60, 9348.761719
62.265, 60, 9349.207031
62.265, 60, 9349.652344
62.265, 60, 9350.097656
62.265, 60, 9350.541992
62.265, 60, 9350.987305
62.265, 60, 9351.432617
62.265, 60, 9351.876953
62.265, 60, 9352.322266
62.265, 60, 9352.767578
62.265, 60, 9353.212891
62.265, 60, 9353.657227
62.265, 60, 9354.102539
62.265, 60, 9354.547852
62.265, 60, 9354.992188
62.265, 60, 9355.437500
62.265, 60, 9355.882812
62.265, 60, 9356.328125
62.265, 60, 9356.772461
62.265, 60, 9357.217773
62.265, 60, 9357.663086
62.265, 60, 9358.107422
62.265, 60, 9358.552734
62.265, 60, 9358.998047
62.265, 60, 9359.443359
62.265, 60, 9359.887695
62.265, 60, 9360.333008
62.265, 60, 9360.778320
62.265, 60, 9361.222656
62.265, 60, 9361.667969
62.265, 60, 9362.113281
62.265, 60, 9362.558594
62.265, 60, 9363.002930
62.265, 60, 9363.448242
62.265, 60, 9363.893555
62.265, 60, 9364.337891
62.265, 60, 9364.783203
62.265, 60, 9365.228516
62.265, 60, 9365.673828
62.265, 60, 9366.118164
62.265, 60, 9366.563477
62.265, 60, 9367.008789
62.265, 60, 9367.453125
62.265, 60, 9367.898438
62.265, 60, 9368.343750
62.265, 60, 9368.789062
62.265, 60, 9369.233398
62.265, 60, 9369.678711
62.265, 60, 9370.124023
62.265, 60, 9370.568359
62.265, 60, 9371.013672
62.265, 60, 9371.458984
62.265, 60, 9371.903320
62.247, 60, 9372.348633
62.247, 60, 9372.793945
62.247, 60, 9373.239258
62.247, 60, 9373.683594
62.247, 60, 9374.128906
62.247, 60, 9374.574219
62.247, 60, 9375.018555
62.247, 60, 9375.463867
62.247, 60, 9375.909180
62.247, 60, 9376.354492
62.247, 60, 9376.798828
62.247, 60, 9377.244141
62.247, 60, 9377.689453
62.247, 60, 9378.133789
62.247, 60, 9378.579102
62.247, 60, 9379.024414
62.247, 60, 9379.469727
62.247, 60, 9379.914062
62.247, 60, 9380.359375
62.247, 60, 9380.804688
62.247, 60, 9381.249023
62.247, 60, 9381.694336
62.247, 60, 9382.139648
62.247, 60, 9382.584961
62.247, 60, 9383.029297
62.247, 60, 9383.474609
62.247, 60, 9383.919922
62.247, 60, 9384.364258
62.247, 60, 9384.809570
62.247, 60, 9385.254883
62.247, 60, 9385.700195
62.247, 60, 9386.144531
62.247, 60, 9386.589844
62.247, 60, 9387.035156
62.247, 60, 9387.479492
62.151, 60, 9387.924805
62.151, 60, 9388.370117
62.151, 60, 9388.815430
62.151, 60, 9389.259766
62.151, 60, 9389.705078
62.151, 60, 9390.150391
62.151, 60, 9390.594727
62.151, 60, 9391.040039
62.151, 60, 9391.485352
62.151, 60, 9391.930664
62.151, 60, 9392.375000
62.151, 60, 9392.820312
62.151, 60, 9393.265625
62.151, 60, 9393.709961
62.151, 60, 9394.155273
62.151, 60, 9394.600586
62.151, 60, 9395.044922
62.151, 60, 9395.490234
62.151, 60, 9395.935547
62.151, 60, 9396.380859
62.151, 60, 9396.825195
62.151, 60, 9397.270508
62.151, 60, 9397.715820
62.151, 60, 9398.160156
62.151, 60, 9398.605469
62.151, 60, 9399.050781
62.151, 60, 9399.496094
62.151, 60, 9399.940430
62.151, 60, 9400.385742
62.151, 60, 9400.831055
62.151, 60, 9401.275391
62.151, 60, 9401.720703
62.151, 60, 9402.166016
62.151, 60, 9402.611328
62.151, 60, 9403.055664
62.169, 60, 9403.500977
62.169, 60, 9403.946289
62.169, 60, 9404.390625
62.169, 60, 9404.835938
62.169, 60, 9405.281250
62.169, 60, 9405.726562
62.169, 60, 9406.170898
62.169, 60, 9406.616211
62.169, 60, 9407.061523
62.169, 60, 9407.505859
62.169, 60, 9407.951172
62.169, 60, 9408.396484
62.169, 60, 9408.841797
62.169, 60, 9409.286133
62.169, 60, 9409.731445
62.169, 60, 9410.176758
62.169, 60, 9410.621094
62.169, 60, 9411.066406
62.169, 60, 9411.511719
62.169, 60, 9411.957031
62.169, 60, 9412.401367
62.169, 60, 9412.846680
62.169, 60, 9413.291992
62.169, 60, 9413.736328
62.169, 60, 9414.181641
62.169, 60, 9414.626953
62.169, 60, 9415.072266
62.169, 60, 9415.516602
62.169, 60, 9415.961914
62.169, 60, 9416.407227
62.169, 60, 9416.851562
62.169, 60, 9417.296875
62.169, 60, 9417.742188
62.169, 60, 9418.186523
62.169, 60, 9418.631836
62.169, 60, 9419.077148
62.169, 60, 9419.522461
62.169, 60, 9419.966797
62.169, 60, 9420.412109
62.169, 60, 9420.857422
62.169, 60, 9421.301758
62.169, 60, 9421.747070
62.169, 60, 9422.192383
62.169, 60, 9422.637695
62.169, 60, 9423.082031
62.169, 60, 9423.527344
62.169, 60, 9423.972656
62.169, 60, 9424.416992
62.169, 60, 9424.862305
62.169, 60, 9425.307617
62.169, 60, 9425.752930
62.169, 60, 9426.197266
62.169, 60, 9426.642578
62.169, 60, 9427.087891
62.169, 60, 9427.532227
62.169, 60, 9427.977539
62.169, 60, 9428.422852
62.169, 60, 9428.868164
62.169, 60, 9429.312500
62.169, 60, 9429.757812
62.169, 60, 9430.203125
62.169, 60, 9430.647461
62.169, 60, 9431.092773
62.169, 60, 9431.538086
62.169, 60, 9431.983398
62.169, 60, 9432.427734
62.169, 60, 9432.873047
62.169, 60, 9433.318359
62.169, 60, 9433.762695
62.169, 60, 9434.208008
62.169, 60, 9434.653320
62.169, 60, 9435.098633
62.169, 60, 9435.542969
62.169, 60, 9435.988281
62.169, 60, 9436.433594
62.169, 60, 9436.877930
62.169, 60, 9437.323242
62.169, 60, 9437.768555
62.169, 60, 9438.213867
62.169, 60, 9438.658203
62.169, 60, 9439.103516
62.169, 60, 9439.548828
62.169, 60, 9439.993164
62.169, 60, 9440.438477
62.169, 60, 9440.883789
62.169, 60, 9441.328125
62.169, 60, 9441.773438
62.169, 60, 9442.218750
62.169, 60, 9442.664062
62.169, 60, 9443.108398
62.169, 60, 9443.553711
62.169, 60, 9443.999023
62.169, 60, 9444.443359
62.169, 60, 9444.888672
62.169, 60, 9445.333984
62.169, 60, 9445.779297
62.169, 60, 9446.223633
62.169, 60, 9446.668945
62.169, 60, 9447.114258
62.169, 60, 9447.558594
62.169, 60, 9448.003906
62.169, 60, 9448.449219
62.169, 60, 9448.894531
62.169, 60, 9449.338867
62.169, 60, 9449.784180
62.247, 60, 9450.229492
62.247, 60, 9450.673828
62.247, 60, 9451.119141
62.247, 60, 9451.564453
62.247, 60, 9452.009766
62.247, 60, 9452.454102
62.247, 60, 9452.899414
62.247, 60, 9453.344727
62.247, 60, 9453.789062
62.247, 60, 9454.234375
62.247, 60, 9454.679688
62.247, 60, 9455.125000
62.247, 60, 9455.569336
62.247, 60, 9456.014648
62.247, 60, 9456.459961
62.247, 60, 9456.904297
62.247, 60, 9457.349609
62.247, 60, 9457.794922
62.247, 60, 9458.240234
62.247, 60, 9458.684570
62.247, 60, 9459.129883
62.247, 60, 9459.575195
62.247, 60, 9460.019531
62.247, 60, 9460.464844
62.247, 60, 9460.910156
62.247, 60, 9461.355469
62.247, 60, 9461.799805
62.247, 60, 9462.245117
62.247, 60, 9462.690430
62.247, 60, 9463.134766
62.247, 60, 9463.580078
62.247, 60, 9464.025391
62.247, 60, 9464.469727
62.247, 60, 9464.915039
62.169, 60, 9465.360352
62.169, 60, 9465.805664
62.169, 60, 9466.250000
62.169, 60, 9466.695312
62.169, 60, 9467.140625
62.169, 60, 9467.584961
62.169, 60, 9468.030273
62.169, 60, 9468.475586
62.169, 60, 9468.920898
62.169, 60, 9469.365234
62.169, 60, 9469.810547
62.169, 60, 9470.255859
62.169, 60, 9470.700195
62.169, 60, 9471.145508
62.169, 60, 9471.590820
62.169, 60, 9472.036133
62.169, 60, 9472.480469
62.169, 60, 9472.925781
62.169, 60, 9473.371094
62.169, 60, 9473.815430
62.169, 60, 9474.260742
62.169, 60, 9474.706055
62.169, 60, 9475.151367
62.169, 60, 9475.595703
62.169, 60, 9476.041016
62.169, 60, 9476.486328
62.169, 60, 9476.930664
62.169, 60, 9477.375977
62.169, 60, 9477.821289
62.169, 60, 9478.266602
62.169, 60, 9478.710938
62.169, 60, 9479.156250
62.169, 60, 9479.601562
62.169, 60, 9480.045898
62.151, 60, 9480.491211
62.151, 60, 9480.936523
62.151, 60, 9481.381836
62.151, 60, 9481.826172
62.151, 60, 9482.271484
62.151, 60, 9482.716797
62.151, 60, 9483.161133
62.151, 60, 9483.606445
62.151, 60, 9484.051758
62.151, 60, 9484.497070
62.151, 60, 9484.941406
62.151, 60, 9485.386719
62.151, 60, 9485.832031
62.151, 60, 9486.276367
62.151, 60, 9486.721680
62.151, 60, 9487.166992
62.151, 60, 9487.611328
62.151, 60, 9488.056641
62.151, 60, 9488.501953
62.151, 60, 9488.947266
62.151, 60, 9489.391602
62.151, 60, 9489.836914
62.151, 60, 9490.282227
62.151, 60, 9490.726562
62.151, 60, 9491.171875
62.151, 60, 9491.617188
62.151, 60, 9492.062500
62.151, 60, 9492.506836
62.151, 60, 9492.952148
62.151, 60, 9493.397461
62.151, 60, 9493.841797
62.151, 60, 9494.287109
62.151, 60, 9494.732422
62.151, 60, 9495.177734
62.151, 60, 9495.622070
62.265, 60, 9496.067383
62.265, 60, 9496.512695
62.265, 60, 9496.957031
62.265, 60, 9497.402344
62.265, 60, 9497.847656
62.265, 60, 9498.292969
62.265, 60, 9498.737305
62.265, 60, 9499.182617
62.265, 60, 9499.627930
62.265, 60, 9500.072266
62.265, 60, 9500.517578
62.265, 60, 9500.962891
62.265, 60, 9501.408203
62.265, 60, 9501.852539
62.265, 60, 9502.297852
62.265, 60, 9502.743164
62.265, 60, 9503.187500
62.265, 60, 9503.632812
62.265, 60, 9504.078125
62.265, 60, 9504.523438
62.265, 60, 9504.967773
62.265, 60, 9505.413086
62.265, 60, 9505.858398
62.265, 60, 9506.302734
62.265, 60, 9506.748047
62.265, 60, 9507.193359
62.265, 60, 9507.638672
62.265, 60, 9508.083008
62.265, 60, 9508.528320
62.265, 60, 9508.973633
62.265, 60, 9509.417969
62.265, 60, 9509.863281
62.265, 60, 9510.308594
62.265, 60, 9510.752930
62.265, 60, 9511.198242
62.265, 60, 9511.643555
62.265, 60, 9512.088867
62.265, 60, 9512.533203
62.265, 60, 9512.978516
62.265, 60, 9513.423828
62.265, 60, 9513.868164
62.265, 60, 9514.313477
62.265, 60, 9514.758789
62.265, 60, 9515.204102
62.265, 60, 9515.648438
62.265, 60, 9516.093750
62.265, 60, 9516.539062
62.265, 60, 9516.983398
62.265, 60, 9517.428711
62.265, 60, 9517.874023
62.265, 60, 9518.319336
62.265, 60, 9518.763672
62.265, 60, 9519.208984
62.265, 60, 9519.654297
62.265, 60, 9520.098633
62.265, 60, 9520.543945
62.265, 60, 9520.989258
62.265, 60, 9521.434570
62.265, 60, 9521.878906
62.265, 60, 9522.324219
62.265, 60, 9522.769531
62.265, 60, 9523.213867
62.265, 60, 9523.659180
62.265, 60, 9524.104492
62.265, 60, 9524.549805
62.265, 60, 9524.994141
62.265, 60, 9525.439453
62.265, 60, 9525.884766
62.265, 60, 9526.329102
62.265, 60, 9526.774414
62.265, 60, 9527.219727
62.265, 60, 9527.665039
62.265, 60, 9528.109375
62.265, 60, 9528.554688
62.265, 60, 9529.000000
62.265, 60, 9529.444336
62.265, 60, 9529.889648
62.265, 60, 9530.334961
62.265, 60, 9530.780273
62.265, 60, 9531.224609
62.265, 60, 9531.669922
62.265, 60, 9532.115234
62.265, 60, 9532.559570
62.265, 60, 9533.004883
62.265, 60, 9533.450195
62.265, 60, 9533.894531
62.265, 60, 9534.339844
62.265, 60, 9534.785156
62.265, 60, 9535.230469
62.265, 60, 9535.674805
62.265, 60, 9536.120117
62.265, 60, 9536.565430
62.265, 60, 9537.009766
62.265, 60, 9537.455078
62.265, 60, 9537.900391
62.265, 60, 9538.345703
62.265, 60, 9538.790039
62.265, 60, 9539.235352
62.265, 60, 9539.680664
62.265, 60, 9540.125000
62.265, 60, 9540.570312
62.265, 60, 9541.015625
62.265, 60, 9541.460938
62.265, 60, 9541.905273
62.265, 60, 9542.350586
62.265, 60, 9542.795898
62.265, 60, 9543.240234
62.265, 60, 9543.685547
62.265, 60, 9544.130859
62.265, 60, 9544.576172
62.265, 60, 9545.020508
62.265, 60, 9545.465820
62.265, 60, 9545.911133
62.265, 60, 9546.355469
62.265, 60, 9546.800781
62.265, 60, 9547.246094
62.265, 60, 9547.691406
62.265, 60, 9548.135742
62.265, 60, 9548.581055
62.265, 60, 9549.026367
62.265, 60, 9549.470703
62.265, 60, 9549.916016
62.265, 60, 9550.361328
62.265, 60, 9550.806641
62.265, 60, 9551.250977
62.265, 60, 9551.696289
62.265, 60, 9552.141602
62.265, 60, 9552.585938
62.265, 60, 9553.031250
62.265, 60, 9553.476562
62.265, 60, 9553.921875
62.265, 60, 9554.366211
62.265, 60, 9554.811523
62.265, 60, 9555.256836
62.265, 60, 9555.701172
62.265, 60, 9556.146484
62.265, 60, 9556.591797
62.265, 60, 9557.036133
62.265, 60, 9557.481445
62.265, 60, 9557.926758
62.265, 60, 9558.372070
62.265, 60, 9558.816406
62.265, 60, 9559.261719
62.265, 60, 9559.707031
62.265, 60, 9560.151367
62.265, 60, 9560.596680
62.265, 60, 9561.041992
62.265, 60, 9561.487305
62.265, 60, 9561.931641
62.265, 60, 9562.376953
62.265, 60, 9562.822266
62.265, 60, 9563.266602
62.265, 60, 9563.711914
62.265, 60, 9564.157227
62.265, 60, 9564.602539
62.265, 60, 9565.046875
62.265, 60, 9565.492188
62.265, 60, 9565.937500
62.265, 60, 9566.381836
62.265, 60, 9566.827148
62.265, 60, 9567.272461
62.265, 60, 9567.717773
62.265, 60, 9568.162109
62.265, 60, 9568.607422
62.265, 60, 9569.052734
62.265, 60, 9569.497070
62.265, 60, 9569.942383
62.265, 60, 9570.387695
62.265, 60, 9570.833008
62.265, 60, 9571.277344
62.265, 60, 9571.722656
62.265, 60, 9572.167969
62.265, 60, 9572.612305
62.265, 60, 9573.057617
62.265, 60, 9573.502930
62.265, 60, 9573.948242
62.265, 60, 9574.392578
62.265, 60, 9574.837891
62.265, 60, 9575.283203
62.265, 60, 9575.727539
62.265, 60, 9576.172852
62.265, 60, 9576.618164
62.265, 60, 9577.063477
62.265, 60, 9577.507812
62.265, 60, 9577.953125
62.265, 60, 9578.398438
62.265, 60, 9578.842773
62.265, 60, 9579.288086
62.265, 60, 9579.733398
62.265, 60, 9580.177734
62.265, 60, 9580.623047
62.265, 60, 9581.068359
62.265, 60, 9581.513672
62.265, 60, 9581.958008
62.265, 60, 9582.403320
62.265, 60, 9582.848633
62.265, 60, 9583.292969
62.265, 60, 9583.738281
62.265, 60, 9584.183594
62.265, 60, 9584.628906
62.265, 60, 9585.073242
62.265, 60, 9585.518555
62.265, 60, 9585.963867
62.265, 60, 9586.408203
62.265, 60, 9586.853516
62.265, 60, 9587.298828
62.265, 60, 9587.744141
62.265, 60, 9588.188477
62.265, 60, 9588.633789
62.265, 60, 9589.079102
62.265, 60, 9589.523438
62.265, 60, 9589.968750
62.265, 60, 9590.414062
62.265, 60, 9590.859375
62.265, 60, 9591.303711
62.265, 60, 9591.749023
62.265, 60, 9592.194336
62.265, 60, 9592.638672
62.265, 60, 9593.083984
62.265, 60, 9593.529297
62.265, 60, 9593.974609
62.265, 60, 9594.418945
62.265, 60, 9594.864258
62.265, 60, 9595.309570
62.265, 60, 9595.753906
62.265, 60, 9596.199219
62.265, 60, 9596.644531
62.265, 60, 9597.089844
62.265, 60, 9597.534180
62.265, 60, 9597.979492
62.265, 60, 9598.424805
62.265, 60, 9598.869141
62.265, 60, 9599.314453
62.265, 60, 9599.759766
62.265, 60, 9600.205078
62.265, 60, 9600.649414
62.265, 60, 9601.094727
62.265, 60, 9601.540039
62.265, 60, 9601.984375
62.265, 60, 9602.429688
62.360, 60, 9602.875000
62.360, 60, 9603.319336
62.360, 60, 9603.764648
62.360, 60, 9604.209961
62.360, 60, 9604.655273
62.360, 60, 9605.099609
62.360, 60, 9605.544922
62.360, 60, 9605.990234
62.360, 60, 9606.434570
62.360, 60, 9606.879883
62.360, 60, 9607.325195
62.360, 60, 9607.770508
62.360, 60, 9608.214844
62.360, 60, 9608.660156
62.360, 60, 9609.105469
62.360, 60, 9609.549805
62.360, 60, 9609.995117
62.360, 60, 9610.440430
62.360, 60, 9610.885742
62.360, 60, 9611.330078
62.360, 60, 9611.775391
62.360, 60, 9612.220703
62.360, 60, 9612.665039
62.360, 60, 9613.110352
62.360, 60, 9613.555664
62.360, 60, 9614.000977
62.360, 60, 9614.445312
62.360, 60, 9614.890625
62.360, 60, 9615.335938
62.360, 60, 9615.780273
62.360, 60, 9616.225586
62.360, 60, 9616.670898
62.360, 60, 9617.116211
62.360, 60, 9617.560547
62.360, 60, 9618.005859
62.360, 60, 9618.451172
62.360, 60, 9618.895508
62.360, 60, 9619.340820
62.360, 60, 9619.786133
62.360, 60, 9620.231445
62.360, 60, 9620.675781
62.360, 60, 9621.121094
62.360, 60, 9621.566406
62.360, 60, 9622.010742
62.360, 60, 9622.456055
62.360, 60, 9622.901367
62.360, 60, 9623.346680
62.360, 60, 9623.791016
62.360, 60, 9624.236328
62.360, 60, 9624.681641
62.360, 60, 9625.125977
62.360, 60, 9625.571289
62.360, 60, 9626.016602
62.360, 60, 9626.460938
62.360, 60, 9626.906250
62.360, 60, 9627.351562
62.360, 60, 9627.796875
62.360, 60, 9628.241211
62.360, 60, 9628.686523
62.360, 60, 9629.131836
62.360, 60, 9629.576172
62.360, 60, 9630.021484
62.360, 60, 9630.466797
62.360, 60, 9630.912109
62.360, 60, 9631.356445
62.360, 60, 9631.801758
62.360, 60, 9632.247070
62.360, 60, 9632.691406
62.360, 60, 9633.136719
62.360, 60, 9633.582031
62.360, 60, 9634.027344
62.360, 60, 9634.471680
62.360, 60, 9634.916992
62.360, 60, 9635.362305
62.360, 60, 9635.806641
62.360, 60, 9636.251953
62.360, 60, 9636.697266
62.360, 60, 9637.142578
62.360, 60, 9637.586914
62.360, 60, 9638.032227
62.360, 60, 9638.477539
62.360, 60, 9638.921875
62.360, 60, 9639.367188
62.360, 60, 9639.812500
62.360, 60, 9640.257812
62.360, 60, 9640.702148
62.360, 60, 9641.147461
62.360, 60, 9641.592773
62.360, 60, 9642.037109
62.360, 60, 9642.482422
62.360, 60, 9642.927734
62.360, 60, 9643.373047
62.360, 60, 9643.817383
62.360, 60, 9644.262695
62.360, 60, 9644.708008
62.360, 60, 9645.152344
62.360, 60, 9645.597656
62.360, 60, 9646.042969
62.360, 60, 9646.488281
62.360, 60, 9646.932617
62.360, 60, 9647.377930
62.360, 60, 9647.823242
62.360, 60, 9648.267578
62.360, 60, 9648.712891
62.360, 60, 9649.158203
62.360, 60, 9649.602539
62.360, 60, 9650.047852
62.360, 60, 9650.493164
62.360, 60, 9650.938477
62.360, 60, 9651.382812
62.360, 60, 9651.828125
62.360, 60, 9652.273438
62.360, 60, 9652.717773
62.360, 60, 9653.163086
62.360, 60, 9653.608398
62.360, 60, 9654.053711
62.360, 60, 9654.498047
62.360, 60, 9654.943359
62.360, 60, 9655.388672
62.360, 60, 9655.833008
62.360, 60, 9656.278320
62.360, 60, 9656.723633
62.360, 60, 9657.168945
62.360, 60, 9657.613281
62.360, 60, 9658.058594
62.360, 60, 9658.503906
62.360, 60, 9658.948242
62.360, 60, 9659.393555
62.360, 60, 9659.838867
62.360, 60, 9660.284180
62.360, 60, 9660.728516
62.360, 60, 9661.173828
62.360, 60, 9661.619141
62.360, 60, 9662.063477
62.360, 60, 9662.508789
62.360, 60, 9662.954102
62.360, 60, 9663.399414
62.360, 60, 9663.843750
62.455, 60, 9664.289062
62.455, 60, 9664.734375
62.455, 60, 9665.178711
62.455, 60, 9665.624023
62.455, 60, 9666.069336
62.455, 60, 9666.514648
62.455, 60, 9666.958984
62.455, 60, 9667.404297
62.455, 60, 9667.849609
62.455, 60, 9668.293945
62.455, 60, 9668.739258
62.455, 60, 9669.184570
62.455, 60, 9669.629883
62.455, 60, 9670.074219
62.455, 60, 9670.519531
62.455, 60, 9670.964844
62.455, 60, 9671.409180
62.455, 60, 9671.854492
62.455, 60, 9672.299805
62.455, 60, 9672.744141
62.455, 60, 9673.189453
62.455, 60, 9673.634766
62.455, 60, 9674.080078
62.455, 60, 9674.524414
62.455, 60, 9674.969727
62.455, 60, 9675.415039
62.455, 60, 9675.859375
62.455, 60, 9676.304688
62.455, 60, 9676.750000
62.455, 60, 9677.195312
62.455, 60, 9677.639648
62.455, 60, 9678.084961
62.455, 60, 9678.530273
62.455, 60, 9678.974609
62.265, 60, 9679.419922
62.265, 60, 9679.865234
62.265, 60, 9680.310547
62.265, 60, 9680.754883
62.265, 60, 9681.200195
62.265, 60, 9681.645508
62.265, 60, 9682.089844
62.265, 60, 9682.535156
62.265, 60, 9682.980469
62.265, 60, 9683.425781
62.265, 60, 9683.870117
62.265, 60, 9684.315430
62.265, 60, 9684.760742
62.265, 60, 9685.205078
62.265, 60, 9685.650391
62.265, 60, 9686.095703
62.265, 60, 9686.541016
62.265, 60, 9686.985352
62.265, 60, 9687.430664
62.265, 60, 9687.875977
62.265, 60, 9688.320312
62.265, 60, 9688.765625
62.265, 60, 9689.210938
62.265, 60, 9689.656250
62.265, 60, 9690.100586
62.265, 60, 9690.545898
62.265, 60, 9690.991211
62.265, 60, 9691.435547
62.265, 60, 9691.880859
62.265, 60, 9692.326172
62.265, 60, 9692.771484
62.265, 60, 9693.215820
62.265, 60, 9693.661133
62.265, 60, 9694.106445
62.169, 60, 9694.550781
62.169, 60, 9694.996094
62.169, 60, 9695.441406
62.169, 60, 9695.885742
62.169, 60, 9696.331055
62.169, 60, 9696.776367
62.169, 60, 9697.221680
62.169, 60, 9697.666016
62.169, 60, 9698.111328
62.169, 60, 9698.556641
62.169, 60, 9699.000977
62.169, 60, 9699.446289
62.169, 60, 9699.891602
62.169, 60, 9700.336914
62.169, 60, 9700.781250
62.169, 60, 9701.226562
62.169, 60, 9701.671875
62.169, 60, 9702.116211
62.169, 60, 9702.561523
62.169, 60, 9703.006836
62.169, 60, 9703.452148
62.169, 60, 9703.896484
62.169, 60, 9704.341797
62.169, 60, 9704.787109
62.169, 60, 9705.231445
62.169, 60, 9705.676758
62.169, 60, 9706.122070
62.169, 60, 9706.567383
62.169, 60, 9707.011719
62.169, 60, 9707.457031
62.169, 60, 9707.902344
62.169, 60, 9708.346680
62.169, 60, 9708.791992
62.169, 60, 9709.237305
62.169, 60, 9709.682617
61.979, 60, 9710.126953
61.979, 60, 9710.572266
61.979, 60, 9711.017578
61.979, 60, 9711.461914
61.979, 60, 9711.907227
61.979, 60, 9712.352539
61.979, 60, 9712.797852
61.979, 60, 9713.242188
61.979, 60, 9713.687500
61.979, 60, 9714.132812
61.979, 60, 9714.577148
61.979, 60, 9715.022461
61.979, 60, 9715.467773
61.979, 60, 9715.913086
61.979, 60, 9716.357422
61.979, 60, 9716.802734
61.979, 60, 9717.248047
61.979, 60, 9717.692383
61.979, 60, 9718.137695
61.979, 60, 9718.583008
61.979, 60, 9719.027344
61.979, 60, 9719.472656
61.979, 60, 9719.917969
61.979, 60, 9720.363281
61.979, 60, 9720.807617
61.979, 60, 9721.252930
61.979, 60, 9721.698242
61.979, 60, 9722.142578
61.979, 60, 9722.587891
61.979, 60, 9723.033203
61.979, 60, 9723.478516
61.979, 60, 9723.922852
61.979, 60, 9724.368164
61.979, 60, 9724.813477
61.979, 60, 9725.257812
61.979, 60, 9725.703125
61.979, 60, 9726.148438
61.979, 60, 9726.593750
61.979, 60, 9727.038086
61.979, 60, 9727.483398
61.979, 60, 9727.928711
61.979, 60, 9728.373047
61.979, 60, 9728.818359
61.979, 60, 9729.263672
61.979, 60, 9729.708984
61.979, 60, 9730.153320
61.979, 60, 9730.598633
61.979, 60, 9731.043945
61.979, 60, 9731.488281
61.979, 60, 9731.933594
61.979, 60, 9732.378906
61.979, 60, 9732.824219
61.979, 60, 9733.268555
61.979, 60, 9733.713867
61.979, 60, 9734.159180
61.979, 60, 9734.603516
61.979, 60, 9735.048828
61.979, 60, 9735.494141
61.979, 60, 9735.939453
61.979, 60, 9736.383789
61.979, 60, 9736.829102
61.979, 60, 9737.274414
61.979, 60, 9737.718750
61.979, 60, 9738.164062
61.979, 60, 9738.609375
61.979, 60, 9739.054688
61.979, 60, 9739.499023
61.979, 60, 9739.944336
61.979, 60, 9740.389648
61.979, 60, 9740.833984
61.979, 60, 9741.279297
61.979, 60, 9741.724609
61.979, 60, 9742.168945
61.979, 60, 9742.614258
61.979, 60, 9743.059570
61.979, 60, 9743.504883
61.979, 60, 9743.949219
61.979, 60, 9744.394531
61.979, 60, 9744.839844
61.979, 60, 9745.284180
61.979, 60, 9745.729492
61.979, 60, 9746.174805
61.979, 60, 9746.620117
61.979, 60, 9747.064453
61.979, 60, 9747.509766
61.979, 60, 9747.955078
61.979, 60, 9748.399414
61.979, 60, 9748.844727
61.979, 60, 9749.290039
61.979, 60, 9749.735352
61.979, 60, 9750.179688
61.979, 60, 9750.625000
61.979, 60, 9751.070312
61.979, 60, 9751.514648
61.979, 60, 9751.959961
61.979, 60, 9752.405273
61.979, 60, 9752.850586
61.979, 60, 9753.294922
61.979, 60, 9753.740234
61.979, 60, 9754.185547
61.979, 60, 9754.629883
61.979, 60, 9755.075195
61.961, 60, 9755.520508
61.961, 60, 9755.965820
61.961, 60, 9756.410156
61.961, 60, 9756.855469
61.961, 60, 9757.300781
61.961, 60, 9757.745117
61.961, 60, 9758.190430
61.961, 60, 9758.635742
61.961, 60, 9759.081055
61.961, 60, 9759.525391
61.961, 60, 9759.970703
61.961, 60, 9760.416016
61.961, 60, 9760.860352
61.961, 60, 9761.305664
61.961, 60, 9761.750977
61.961, 60, 9762.196289
61.961, 60, 9762.640625
61.961, 60, 9763.085938
61.961, 60, 9763.531250
61.961, 60, 9763.975586
61.961, 60, 9764.420898
61.961, 60, 9764.866211
61.961, 60, 9765.310547
61.961, 60, 9765.755859
61.961, 60, 9766.201172
61.961, 60, 9766.646484
61.961, 60, 9767.090820
61.961, 60, 9767.536133
61.961, 60, 9767.981445
61.961, 60, 9768.425781
61.961, 60, 9768.871094
61.961, 60, 9769.316406
61.961, 60, 9769.761719
61.961, 60, 9770.206055
61.961, 60, 9770.651367
61.961, 60, 9771.096680
61.961, 60, 9771.541016
61.961, 60, 9771.986328
61.961, 60, 9772.431641
61.961, 60, 9772.876953
61.961, 60, 9773.321289
61.961, 60, 9773.766602
61.961, 60, 9774.211914
61.961, 60, 9774.656250
61.961, 60, 9775.101562
61.961, 60, 9775.546875
61.961, 60, 9775.992188
61.961, 60, 9776.436523
61.961, 60, 9776.881836
61.961, 60, 9777.327148
61.961, 60, 9777.771484
61.961, 60, 9778.216797
61.961, 60, 9778.662109
61.961, 60, 9779.107422
61.961, 60, 9779.551758
61.961, 60, 9779.997070
61.961, 60, 9780.442383
61.961, 60, 9780.886719
61.961, 60, 9781.332031
61.961, 60, 9781.777344
61.961, 60, 9782.222656
61.961, 60, 9782.666992
61.961, 60, 9783.112305
61.961, 60, 9783.557617
61.961, 60, 9784.001953
61.961, 60, 9784.447266
61.961, 60, 9784.892578
61.961, 60, 9785.337891
61.961, 60, 9785.782227
61.961, 60, 9786.227539
61.961, 60, 9786.672852
61.961, 60, 9787.117188
61.961, 60, 9787.562500
61.961, 60, 9788.007812
61.961, 60, 9788.452148
61.961, 60, 9788.897461
61.961, 60, 9789.342773
61.961, 60, 9789.788086
61.961, 60, 9790.232422
61.961, 60, 9790.677734
61.961, 60, 9791.123047
61.961, 60, 9791.567383
61.961, 60, 9792.012695
61.961, 60, 9792.458008
61.961, 60, 9792.903320
61.961, 60, 9793.347656
61.961, 60, 9793.792969
61.961, 60, 9794.238281
61.961, 60, 9794.682617
61.961, 60, 9795.127930
61.961, 60, 9795.573242
61.961, 60, 9796.018555
61.961, 60, 9796.462891
61.961, 60, 9796.908203
61.961, 60, 9797.353516
61.961, 60, 9797.797852
61.961, 60, 9798.243164
61.961, 60, 9798.688477
61.961, 60, 9799.133789
61.961, 60, 9799.578125
61.961, 60, 9800.023438
61.961, 60, 9800.468750
61.961, 60, 9800.913086
61.961, 60, 9801.358398
61.961, 60, 9801.803711
61.961, 60, 9802.249023
61.961, 60, 9802.693359
61.961, 60, 9803.138672
61.961, 60, 9803.583984
61.961, 60, 9804.028320
61.961, 60, 9804.473633
61.961, 60, 9804.918945
61.961, 60, 9805.364258
61.961, 60, 9805.808594
61.961, 60, 9806.253906
61.961, 60, 9806.699219
61.961, 60, 9807.143555
61.961, 60, 9807.588867
61.961, 60, 9808.034180
61.961, 60, 9808.479492
61.961, 60, 9808.923828
61.961, 60, 9809.369141
61.961, 60, 9809.814453
61.961, 60, 9810.258789
61.961, 60, 9810.704102
61.961, 60, 9811.149414
61.961, 60, 9811.593750
61.961, 60, 9812.039062
61.961, 60, 9812.484375
61.961, 60, 9812.929688
61.961, 60, 9813.374023
61.961, 60, 9813.819336
61.961, 60, 9814.264648
61.961, 60, 9814.708984
61.961, 60, 9815.154297
61.961, 60, 9815.599609
61.961, 60, 9816.044922
61.961, 60, 9816.489258
61.961, 60, 9816.934570
61.961, 60, 9817.379883
61.961, 60, 9817.824219
61.961, 60, 9818.269531
61.961, 60, 9818.714844
61.961, 60, 9819.160156
61.961, 60, 9819.604492
61.961, 60, 9820.049805
61.961, 60, 9820.495117
61.961, 60, 9820.939453
61.961, 60, 9821.384766
61.961, 60, 9821.830078
61.961, 60, 9822.275391
61.961, 60, 9822.719727
61.961, 60, 9823.165039
61.961, 60, 9823.610352
61.961, 60, 9824.054688
61.961, 60, 9824.500000
61.961, 60, 9824.945312
61.961, 60, 9825.390625
61.961, 60, 9825.834961
61.961, 60, 9826.280273
61.961, 60, 9826.725586
61.961, 60, 9827.169922
61.961, 60, 9827.615234
61.961, 60, 9828.060547
61.961, 60, 9828.505859
61.961, 60, 9828.950195
61.961, 60, 9829.395508
61.961, 60, 9829.840820
61.961, 60, 9830.285156
61.961, 60, 9830.730469
61.961, 60, 9831.175781
61.961, 60, 9831.621094
62.151, 60, 9832.065430
62.151, 60, 9832.510742
62.151, 60, 9832.956055
62.151, 60, 9833.400391
62.151, 60, 9833.845703
62.151, 60, 9834.291016
62.151, 60, 9834.735352
62.151, 60, 9835.180664
62.151, 60, 9835.625977
62.151, 60, 9836.071289
62.151, 60, 9836.515625
62.151, 60, 9836.960938
62.151, 60, 9837.406250
62.151, 60, 9837.850586
62.151, 60, 9838.295898
62.151, 60, 9838.741211
62.151, 60, 9839.186523
62.151, 60, 9839.630859
62.151, 60, 9840.076172
62.151, 60, 9840.521484
62.151, 60, 9840.965820
62.151, 60, 9841.411133
62.151, 60, 9841.856445
62.151, 60, 9842.301758
62.151, 60, 9842.746094
62.151, 60, 9843.191406
62.151, 60, 9843.636719
62.151, 60, 9844.081055
62.151, 60, 9844.526367
62.151, 60, 9844.971680
62.151, 60, 9845.416992
62.151, 60, 9845.861328
62.151, 60, 9846.306641
62.151, 60, 9846.751953
62.151, 60, 9847.196289
62.151, 60, 9847.641602
62.151, 60, 9848.086914
62.151, 60, 9848.532227
62.151, 60, 9848.976562
62.151, 60, 9849.421875
62.151, 60, 9849.867188
62.151, 60, 9850.311523
62.151, 60, 9850.756836
62.151, 60, 9851.202148
62.151, 60, 9851.647461
62.151, 60, 9852.091797
62.151, 60, 9852.537109
62.151, 60, 9852.982422
62.151, 60, 9853.426758
62.151, 60, 9853.872070
62.151, 60, 9854.317383
62.151, 60, 9854.762695
62.151, 60, 9855.207031
62.151, 60, 9855.652344
62.151, 60, 9856.097656
62.151, 60, 9856.541992
62.151, 60, 9856.987305
62.151, 60, 9857.432617
62.151, 60, 9857.876953
62.151, 60, 9858.322266
62.151, 60, 9858.767578
62.151, 60, 9859.212891
62.151, 60, 9859.657227
62.151, 60, 9860.102539
62.151, 60, 9860.547852
62.151, 60, 9860.992188
62.151, 60, 9861.437500
62.151, 60, 9861.882812
62.151, 60, 9862.328125
62.151, 60, 9862.772461
61.961, 60, 9863.217773
61.961, 60, 9863.663086
61.961, 60, 9864.107422
61.961, 60, 9864.552734
61.961, 60, 9864.998047
61.961, 60, 9865.443359
61.961, 60, 9865.887695
61.961, 60, 9866.333008
61.961, 60, 9866.778320
61.961, 60, 9867.222656
61.961, 60, 9867.667969
61.961, 60, 9868.113281
61.961, 60, 9868.558594
61.961, 60, 9869.002930
61.961, 60, 9869.448242
61.961, 60, 9869.893555
61.961, 60, 9870.337891
61.961, 60, 9870.783203
61.961, 60, 9871.228516
61.961, 60, 9871.673828
61.961, 60, 9872.118164
61.961, 60, 9872.563477
61.961, 60, 9873.008789
61.961, 60, 9873.453125
61.961, 60, 9873.898438
61.961, 60, 9874.343750
61.961, 60, 9874.789062
61.961, 60, 9875.233398
61.961, 60, 9875.678711
61.961, 60, 9876.124023
61.961, 60, 9876.568359
61.961, 60, 9877.013672
61.961, 60, 9877.458984
61.961, 60, 9877.904297
61.961, 60, 9878.348633
61.961, 60, 9878.793945
61.961, 60, 9879.239258
61.961, 60, 9879.683594
61.961, 60, 9880.128906
61.961, 60, 9880.574219
61.961, 60, 9881.018555
61.961, 60, 9881.463867
61.961, 60, 9881.909180
61.961, 60, 9882.354492
61.961, 60, 9882.798828
61.961, 60, 9883.244141
61.961, 60, 9883.689453
61.961, 60, 9884.133789
61.961, 60, 9884.579102
61.961, 60, 9885.024414
61.961, 60, 9885.469727
61.961, 60, 9885.914062
61.961, 60, 9886.359375
61.961, 60, 9886.804688
61.961, 60, 9887.249023
61.961, 60, 9887.694336
61.961, 60, 9888.139648
61.961, 60, 9888.584961
61.961, 60, 9889.029297
61.961, 60, 9889.474609
61.961, 60, 9889.919922
61.961, 60, 9890.364258
61.961, 60, 9890.809570
61.961, 60, 9891.254883
61.961, 60, 9891.700195
61.961, 60, 9892.144531
61.961, 60, 9892.589844
61.961, 60, 9893.035156
61.961, 60, 9893.479492
61.961, 60, 9893.924805
61.961, 60, 9894.370117
61.961, 60, 9894.815430
61.961, 60, 9895.259766
61.961, 60, 9895.705078
61.961, 60, 9896.150391
61.961, 60, 9896.594727
61.961, 60, 9897.040039
61.961, 60, 9897.485352
61.961, 60, 9897.930664
61.961, 60, 9898.375000
61.961, 60, 9898.820312
61.961, 60, 9899.265625
61.961, 60, 9899.709961
61.961, 60, 9900.155273
61.961, 60, 9900.600586
61.961, 60, 9901.045898
61.961, 60, 9901.490234
61.961, 60, 9901.935547
61.961, 60, 9902.380859
61.961, 60, 9902.825195
61.961, 60, 9903.270508
61.961, 60, 9903.715820
61.961, 60, 9904.160156
61.961, 60, 9904.605469
61.961, 60, 9905.050781
61.961, 60, 9905.496094
61.961, 60, 9905.940430
61.961, 60, 9906.385742
61.961, 60, 9906.831055
61.961, 60, 9907.275391
61.961, 60, 9907.720703
61.961, 60, 9908.166016
62.151, 60, 9908.611328
62.151, 60, 9909.055664
62.151, 60, 9909.500977
62.151, 60, 9909.946289
62.151, 60, 9910.390625
62.151, 60, 9910.835938
62.151, 60, 9911.281250
62.151, 60, 9911.726562
62.151, 60, 9912.170898
62.151, 60, 9912.616211
62.151, 60, 9913.061523
62.151, 60, 9913.505859
62.151, 60, 9913.951172
62.151, 60, 9914.396484
62.151, 60, 9914.841797
62.151, 60, 9915.286133
62.151, 60, 9915.731445
62.151, 60, 9916.176758
62.151, 60, 9916.621094
62.151, 60, 9917.066406
62.151, 60, 9917.511719
62.151, 60, 9917.957031
62.151, 60, 9918.401367
62.151, 60, 9918.846680
62.151, 60, 9919.291992
62.151, 60, 9919.736328
62.151, 60, 9920.181641
62.151, 60, 9920.626953
62.151, 60, 9921.072266
62.151, 60, 9921.516602
62.151, 60, 9921.961914
62.151, 60, 9922.407227
62.151, 60, 9922.851562
62.151, 60, 9923.296875
62.151, 60, 9923.742188
62.151, 60, 9924.187500
62.151, 60, 9924.631836
62.151, 60, 9925.077148
62.151, 60, 9925.522461
62.151, 60, 9925.966797
62.151, 60, 9926.412109
62.151, 60, 9926.857422
62.151, 60, 9927.301758
62.151, 60, 9927.747070
62.151, 60, 9928.192383
62.151, 60, 9928.637695
62.151, 60, 9929.082031
62.151, 60, 9929.527344
62.151, 60, 9929.972656
62.151, 60, 9930.416992
62.151, 60, 9930.862305
62.151, 60, 9931.307617
62.151, 60, 9931.752930
62.151, 60, 9932.197266
62.151, 60, 9932.642578
62.151, 60, 9933.087891
62.151, 60, 9933.532227
62.151, 60, 9933.977539
62.151, 60, 9934.422852
62.151, 60, 9934.868164
62.151, 60, 9935.312500
62.151, 60, 9935.757812
62.151, 60, 9936.203125
62.151, 60, 9936.647461
62.151, 60, 9937.092773
62.151, 60, 9937.538086
62.151, 60, 9937.983398
62.151, 60, 9938.427734
62.151, 60, 9938.873047
62.151, 60, 9939.318359
62.151, 60, 9939.762695
62.151, 60, 9940.208008
62.151, 60, 9940.653320
62.151, 60, 9941.098633
62.151, 60, 9941.542969
62.151, 60, 9941.988281
62.151, 60, 9942.433594
62.151, 60, 9942.877930
62.151, 60, 9943.323242
62.151, 60, 9943.768555
62.151, 60, 9944.213867
62.151, 60, 9944.658203
62.151, 60, 9945.103516
62.151, 60, 9945.548828
62.151, 60, 9945.993164
62.151, 60, 9946.438477
62.151, 60, 9946.883789
62.151, 60, 9947.329102
62.151, 60, 9947.773438
62.151, 60, 9948.218750
62.151, 60, 9948.664062
62.151, 60, 9949.108398
62.151, 60, 9949.553711
62.151, 60, 9949.999023
62.151, 60, 9950.443359
62.151, 60, 9950.888672
62.151, 60, 9951.333984
62.151, 60, 9951.779297
62.151, 60, 9952.223633
62.151, 60, 9952.668945
62.151, 60, 9953.114258
62.151, 60, 9953.558594
62.151, 60, 9954.003906
62.151, 60, 9954.449219
62.151, 60, 9954.894531
62.151, 60, 9955.338867
62.151, 60, 9955.784180
62.151, 60, 9956.229492
62.151, 60, 9956.673828
62.151, 60, 9957.119141
62.151, 60, 9957.564453
62.151, 60, 9958.009766
62.151, 60, 9958.454102
62.151, 60, 9958.899414
62.151, 60, 9959.344727
62.151, 60, 9959.789062
62.151, 60, 9960.234375
62.151, 60, 9960.679688
62.151, 60, 9961.125000
62.151, 60, 9961.569336
62.151, 60, 9962.014648
62.151, 60, 9962.459961
62.151, 60, 9962.904297
62.151, 60, 9963.349609
62.151, 60, 9963.794922
62.151, 60, 9964.240234
62.151, 60, 9964.684570
62.151, 60, 9965.129883
62.151, 60, 9965.575195
62.151, 60, 9966.019531
62.151, 60, 9966.464844
62.151, 60, 9966.910156
62.151, 60, 9967.355469
62.151, 60, 9967.799805
62.151, 60, 9968.245117
62.151, 60, 9968.690430
62.151, 60, 9969.134766
62.151, 60, 9969.580078
62.151, 60, 9970.025391
62.151, 60, 9970.470703
62.151, 60, 9970.915039
62.151, 60, 9971.360352
62.151, 60, 9971.805664
62.151, 60, 9972.250000
62.151, 60, 9972.695312
62.151, 60, 9973.140625
62.151, 60, 9973.584961
62.151, 60, 9974.030273
62.151, 60, 9974.475586
62.151, 60, 9974.920898
62.151, 60, 9975.365234
62.151, 60, 9975.810547
62.151, 60, 9976.255859
62.151, 60, 9976.700195
62.151, 60, 9977.145508
62.151, 60, 9977.590820
62.151, 60, 9978.036133
62.151, 60, 9978.480469
62.151, 60, 9978.925781
62.151, 60, 9979.371094
62.151, 60, 9979.815430
62.151, 60, 9980.260742
62.151, 60, 9980.706055
62.151, 60, 9981.151367
62.151, 60, 9981.595703
62.151, 60, 9982.041016
62.151, 60, 9982.486328
62.151, 60, 9982.930664
62.151, 60, 9983.375977
62.151, 60, 9983.821289
62.151, 60, 9984.266602
62.151, 60, 9984.710938
62.247, 60, 9985.156250
62.247, 60, 9985.601562
62.247, 60, 9986.045898
62.247, 60, 9986.491211
62.247, 60, 9986.936523
62.247, 60, 9987.381836
62.247, 60, 9987.826172
62.247, 60, 9988.271484
62.247, 60, 9988.716797
62.247, 60, 9989.161133
62.247, 60, 9989.606445
62.247, 60, 9990.051758
62.247, 60, 9990.497070
62.247, 60, 9990.941406
62.247, 60, 9991.386719
62.247, 60, 9991.832031
62.247, 60, 9992.276367
62.247, 60, 9992.721680
62.247, 60, 9993.166992
62.247, 60, 9993.612305
62.247, 60, 9994.056641
62.247, 60, 9994.501953
62.247, 60, 9994.947266
62.247, 60, 9995.391602
62.247, 60, 9995.836914
62.247, 60, 9996.282227
62.247, 60, 9996.726562
62.247, 60, 9997.171875
62.247, 60, 9997.617188
62.247, 60, 9998.062500
62.247, 60, 9998.506836
62.247, 60, 9998.952148
62.247, 60, 9999.397461
62.247, 60, 9999.841797
62.247, 60, 10000.287109
62.247, 60, 10000.732422
62.247, 60, 10001.177734
62.247, 60, 10001.622070
62.247, 60, 10002.067383
62.247, 60, 10002.512695
62.247, 60, 10002.957031
62.247, 60, 10003.402344
62.247, 60, 10003.847656
62.247, 60, 10004.292969
62.247, 60, 10004.737305
62.247, 60, 10005.182617
62.247, 60, 10005.627930
62.247, 60, 10006.072266
62.247, 60, 10006.517578
62.247, 60, 10006.962891
62.247, 60, 10007.408203
62.247, 60, 10007.852539
62.247, 60, 10008.297852
62.247, 60, 10008.743164
62.247, 60, 10009.187500
62.247, 60, 10009.632812
62.247, 60, 10010.078125
62.247, 60, 10010.523438
62.247, 60, 10010.967773
62.247, 60, 10011.413086
62.247, 60, 10011.858398
62.247, 60, 10012.302734
62.247, 60, 10012.748047
62.247, 60, 10013.193359
62.247, 60, 10013.638672
62.247, 60, 10014.083008
62.247, 60, 10014.528320
62.247, 60, 10014.973633
62.247, 60, 10015.417969
62.247, 60, 10015.863281
62.247, 60, 10016.308594
62.247, 60, 10016.753906
62.247, 60, 10017.198242
62.247, 60, 10017.643555
62.247, 60, 10018.088867
62.247, 60, 10018.533203
62.247, 60, 10018.978516
62.247, 60, 10019.423828
62.247, 60, 10019.868164
62.247, 60, 10020.313477
62.247, 60, 10020.758789
62.247, 60, 10021.204102
62.247, 60, 10021.648438
62.247, 60, 10022.093750
62.247, 60, 10022.539062
62.247, 60, 10022.983398
62.247, 60, 10023.428711
62.247, 60, 10023.874023
62.247, 60, 10024.319336
62.247, 60, 10024.763672
62.247, 60, 10025.208984
62.247, 60, 10025.654297
62.247, 60, 10026.098633
62.247, 60, 10026.543945
62.247, 60, 10026.989258
62.247, 60, 10027.434570
62.247, 60, 10027.878906
62.247, 60, 10028.324219
62.247, 60, 10028.769531
62.247, 60, 10029.213867
62.247, 60, 10029.659180
62.247, 60, 10030.104492
62.247, 60, 10030.549805
62.247, 60, 10030.994141
62.247, 60, 10031.439453
62.151, 60, 10031.884766
62.151, 60, 10032.329102
62.151, 60, 10032.774414
62.151, 60, 10033.219727
62.151, 60, 10033.665039
62.151, 60, 10034.109375
62.151, 60, 10034.554688
62.151, 60, 10035.000000
62.151, 60, 10035.444336
62.151, 60, 10035.889648
62.151, 60, 10036.334961
62.151, 60, 10036.780273
62.151, 60, 10037.224609
62.151, 60, 10037.669922
62.151, 60, 10038.115234
62.151, 60, 10038.559570
62.151, 60, 10039.004883
62.151, 60, 10039.450195
62.151, 60, 10039.895508
62.151, 60, 10040.339844
62.151, 60, 10040.785156
62.151, 60, 10041.230469
62.151, 60, 10041.674805
62.151, 60, 10042.120117
62.151, 60, 10042.565430
62.151, 60, 10043.010742
62.151, 60, 10043.455078
62.151, 60, 10043.900391
62.151, 60, 10044.345703
62.151, 60, 10044.790039
62.151, 60, 10045.235352
62.151, 60, 10045.680664
62.151, 60, 10046.125000
62.151, 60, 10046.570312
62.151, 60, 10047.015625
62.151, 60, 10047.460938
62.151, 60, 10047.905273
62.151, 60, 10048.350586
62.151, 60, 10048.795898
62.151, 60, 10049.240234
62.151, 60, 10049.685547
62.151, 60, 10050.130859
62.151, 60, 10050.576172
62.151, 60, 10051.020508
62.151, 60, 10051.465820
62.151, 60, 10051.911133
62.151, 60, 10052.355469
62.151, 60, 10052.800781
62.151, 60, 10053.246094
62.151, 60, 10053.691406
62.151, 60, 10054.135742
62.151, 60, 10054.581055
62.151, 60, 10055.026367
62.151, 60, 10055.470703
62.151, 60, 10055.916016
62.151, 60, 10056.361328
62.151, 60, 10056.806641
62.151, 60, 10057.250977
62.151, 60, 10057.696289
62.151, 60, 10058.141602
62.151, 60, 10058.585938
62.151, 60, 10059.031250
62.151, 60, 10059.476562
62.151, 60, 10059.921875
62.151, 60, 10060.366211
62.151, 60, 10060.811523
62.151, 60, 10061.256836
62.151, 60, 10061.701172
62.151, 60, 10062.146484
62.151, 60, 10062.591797
62.151, 60, 10063.037109
62.151, 60, 10063.481445
62.151, 60, 10063.926758
62.151, 60, 10064.372070
62.151, 60, 10064.816406
62.151, 60, 10065.261719
62.151, 60, 10065.707031
62.151, 60, 10066.152344
62.151, 60, 10066.596680
62.151, 60, 10067.041992
62.151, 60, 10067.487305
62.151, 60, 10067.931641
62.151, 60, 10068.376953
62.151, 60, 10068.822266
62.151, 60, 10069.266602
62.151, 60, 10069.711914
62.151, 60, 10070.157227
62.151, 60, 10070.602539
62.151, 60, 10071.046875
62.151, 60, 10071.492188
62.151, 60, 10071.937500
62.151, 60, 10072.381836
62.151, 60, 10072.827148
62.151, 60, 10073.272461
62.151, 60, 10073.717773
62.151, 60, 10074.162109
62.151, 60, 10074.607422
62.151, 60, 10075.052734
62.151, 60, 10075.497070
62.151, 60, 10075.942383
62.151, 60, 10076.387695
62.151, 60, 10076.833008
62.151, 60, 10077.277344
62.151, 60, 10077.722656
62.151, 60, 10078.167969
62.151, 60, 10078.612305
62.151, 60, 10079.057617
62.151, 60, 10079.502930
62.151, 60, 10079.948242
62.151, 60, 10080.392578
62.151, 60, 10080.837891
62.151, 60, 10081.283203
62.151, 60, 10081.727539
62.151, 60, 10082.172852
62.151, 60, 10082.618164
62.151, 60, 10083.063477
62.151, 60, 10083.507812
62.151, 60, 10083.953125
62.151, 60, 10084.398438
62.151, 60, 10084.842773
62.151, 60, 10085.288086
62.151, 60, 10085.733398
62.151, 60, 10086.178711
62.151, 60, 10086.623047
62.151, 60, 10087.068359
62.151, 60, 10087.513672
62.151, 60, 10087.958008
62.151, 60, 10088.403320
62.151, 60, 10088.848633
62.151, 60, 10089.293945
62.151, 60, 10089.738281
62.151, 60, 10090.183594
62.151, 60, 10090.628906
62.151, 60, 10091.073242
62.151, 60, 10091.518555
62.151, 60, 10091.963867
62.151, 60, 10092.408203
62.151, 60, 10092.853516
62.247, 60, 10093.298828
62.247, 60, 10093.744141
62.247, 60, 10094.188477
62.247, 60, 10094.633789
62.247, 60, 10095.079102
62.247, 60, 10095.523438
62.247, 60, 10095.968750
62.247, 60, 10096.414062
62.247, 60, 10096.859375
62.247, 60, 10097.303711
62.247, 60, 10097.749023
62.247, 60, 10098.194336
62.247, 60, 10098.638672
62.247, 60, 10099.083984
62.247, 60, 10099.529297
62.247, 60, 10099.974609
62.247, 60, 10100.418945
62.247, 60, 10100.864258
62.247, 60, 10101.309570
62.247, 60, 10101.753906
62.247, 60, 10102.199219
62.247, 60, 10102.644531
62.247, 60, 10103.089844
62.247, 60, 10103.534180
62.247, 60, 10103.979492
62.247, 60, 10104.424805
62.247, 60, 10104.869141
62.247, 60, 10105.314453
62.247, 60, 10105.759766
62.247, 60, 10106.205078
62.247, 60, 10106.649414
62.247, 60, 10107.094727
62.247, 60, 10107.540039
62.247, 60, 10107.984375
62.247, 60, 10108.429688
62.151, 60, 10108.875000
62.151, 60, 10109.320312
62.151, 60, 10109.764648
62.151, 60, 10110.209961
62.151, 60, 10110.655273
62.151, 60, 10111.099609
62.151, 60, 10111.544922
62.151, 60, 10111.990234
62.151, 60, 10112.435547
62.151, 60, 10112.879883
62.151, 60, 10113.325195
62.151, 60, 10113.770508
62.151, 60, 10114.214844
62.151, 60, 10114.660156
62.151, 60, 10115.105469
62.151, 60, 10115.549805
62.151, 60, 10115.995117
62.151, 60, 10116.440430
62.151, 60, 10116.885742
62.151, 60, 10117.330078
62.151, 60, 10117.775391
62.151, 60, 10118.220703
62.151, 60, 10118.665039
62.151, 60, 10119.110352
62.151, 60, 10119.555664
62.151, 60, 10120.000977
62.151, 60, 10120.445312
62.151, 60, 10120.890625
62.151, 60, 10121.335938
62.151, 60, 10121.780273
62.151, 60, 10122.225586
62.151, 60, 10122.670898
62.151, 60, 10123.116211
62.151, 60, 10123.560547
62.151, 60, 10124.005859
62.151, 60, 10124.451172
62.151, 60, 10124.895508
62.151, 60, 10125.340820
62.151, 60, 10125.786133
62.151, 60, 10126.231445
62.151, 60, 10126.675781
62.151, 60, 10127.121094
62.151, 60, 10127.566406
62.151, 60, 10128.010742
62.151, 60, 10128.456055
62.151, 60, 10128.901367
62.151, 60, 10129.346680
62.151, 60, 10129.791016
62.151, 60, 10130.236328
62.151, 60, 10130.681641
62.151, 60, 10131.125977
62.151, 60, 10131.571289
62.151, 60, 10132.016602
62.151, 60, 10132.461914
62.151, 60, 10132.906250
62.151, 60, 10133.351562
62.151, 60, 10133.796875
62.151, 60, 10134.241211
62.151, 60, 10134.686523
62.151, 60, 10135.131836
62.151, 60, 10135.577148
62.151, 60, 10136.021484
62.151, 60, 10136.466797
62.151, 60, 10136.912109
62.151, 60, 10137.356445
62.151, 60, 10137.801758
62.151, 60, 10138.247070
62.151, 60, 10138.691406
62.151, 60, 10139.136719
62.151, 60, 10139.582031
62.151, 60, 10140.027344
62.151, 60, 10140.471680
62.151, 60, 10140.916992
62.151, 60, 10141.362305
62.151, 60, 10141.806641
62.151, 60, 10142.251953
62.151, 60, 10142.697266
62.151, 60, 10143.142578
62.151, 60, 10143.586914
62.151, 60, 10144.032227
62.151, 60, 10144.477539
62.151, 60, 10144.921875
62.151, 60, 10145.367188
62.151, 60, 10145.812500
62.151, 60, 10146.257812
62.151, 60, 10146.702148
62.151, 60, 10147.147461
62.151, 60, 10147.592773
62.151, 60, 10148.037109
62.151, 60, 10148.482422
62.151, 60, 10148.927734
62.151, 60, 10149.373047
62.151, 60, 10149.817383
62.151, 60, 10150.262695
62.151, 60, 10150.708008
62.151, 60, 10151.152344
62.151, 60, 10151.597656
62.151, 60, 10152.042969
62.151, 60, 10152.488281
62.151, 60, 10152.932617
62.151, 60, 10153.377930
62.151, 60, 10153.823242
62.151, 60, 10154.267578
62.151, 60, 10154.712891
62.247, 60, 10155.158203
62.247, 60, 10155.603516
62.247, 60, 10156.047852
62.247, 60, 10156.493164
62.247, 60, 10156.938477
62.247, 60, 10157.382812
62.247, 60, 10157.828125
62.247, 60, 10158.273438
62.247, 60, 10158.718750
62.247, 60, 10159.163086
62.247, 60, 10159.608398
62.247, 60, 10160.053711
62.247, 60, 10160.498047
62.247, 60, 10160.943359
62.247, 60, 10161.388672
62.247, 60, 10161.833008
62.247, 60, 10162.278320
62.247, 60, 10162.723633
62.247, 60, 10163.168945
62.247, 60, 10163.613281
62.247, 60, 10164.058594
62.247, 60, 10164.503906
62.247, 60, 10164.948242
62.247, 60, 10165.393555
62.247, 60, 10165.838867
62.247, 60, 10166.284180
62.247, 60, 10166.728516
62.247, 60, 10167.173828
62.247, 60, 10167.619141
62.247, 60, 10168.063477
62.247, 60, 10168.508789
62.247, 60, 10168.954102
62.247, 60, 10169.399414
62.247, 60, 10169.843750
62.247, 60, 10170.289062
62.247, 60, 10170.734375
62.247, 60, 10171.178711
62.247, 60, 10171.624023
62.247, 60, 10172.069336
62.247, 60, 10172.514648
62.247, 60, 10172.958984
62.247, 60, 10173.404297
62.247, 60, 10173.849609
62.247, 60, 10174.293945
62.247, 60, 10174.739258
62.247, 60, 10175.184570
62.247, 60, 10175.629883
62.247, 60, 10176.074219
62.247, 60, 10176.519531
62.247, 60, 10176.964844
62.247, 60, 10177.409180
62.247, 60, 10177.854492
62.247, 60, 10178.299805
62.247, 60, 10178.745117
62.247, 60, 10179.189453
62.247, 60, 10179.634766
62.247, 60, 10180.080078
62.247, 60, 10180.524414
62.247, 60, 10180.969727
62.247, 60, 10181.415039
62.247, 60, 10181.860352
62.247, 60, 10182.304688
62.247, 60, 10182.750000
62.247, 60, 10183.195312
62.247, 60, 10183.639648
62.247, 60, 10184.084961
62.247, 60, 10184.530273
62.247, 60, 10184.974609
62.247, 60, 10185.419922
62.247, 60, 10185.865234
62.247, 60, 10186.310547
62.247, 60, 10186.754883
62.247, 60, 10187.200195
62.247, 60, 10187.645508
62.247, 60, 10188.089844
62.247, 60, 10188.535156
62.247, 60, 10188.980469
62.247, 60, 10189.425781
62.247, 60, 10189.870117
62.247, 60, 10190.315430
62.247, 60, 10190.760742
62.247, 60, 10191.205078
62.247, 60, 10191.650391
62.247, 60, 10192.095703
62.247, 60, 10192.541016
62.247, 60, 10192.985352
62.247, 60, 10193.430664
62.247, 60, 10193.875977
62.247, 60, 10194.320312
62.247, 60, 10194.765625
62.247, 60, 10195.210938
62.247, 60, 10195.656250
62.247, 60, 10196.100586
62.247, 60, 10196.545898
62.247, 60, 10196.991211
62.247, 60, 10197.435547
62.247, 60, 10197.880859
62.247, 60, 10198.326172
62.247, 60, 10198.771484
62.247, 60, 10199.215820
62.247, 60, 10199.661133
62.247, 60, 10200.106445
62.247, 60, 10200.550781
62.247, 60, 10200.996094
62.247, 60, 10201.441406
62.247, 60, 10201.886719
62.247, 60, 10202.331055
62.247, 60, 10202.776367
62.247, 60, 10203.221680
62.247, 60, 10203.666016
62.247, 60, 10204.111328
62.247, 60, 10204.556641
62.247, 60, 10205.001953
62.247, 60, 10205.446289
62.247, 60, 10205.891602
62.247, 60, 10206.336914
62.247, 60, 10206.781250
62.247, 60, 10207.226562
62.247, 60, 10207.671875
62.247, 60, 10208.116211
62.247, 60, 10208.561523
62.247, 60, 10209.006836
62.247, 60, 10209.452148
62.247, 60, 10209.896484
62.247, 60, 10210.341797
62.247, 60, 10210.787109
62.247, 60, 10211.231445
62.247, 60, 10211.676758
62.247, 60, 10212.122070
62.247, 60, 10212.567383
62.247, 60, 10213.011719
62.247, 60, 10213.457031
62.247, 60, 10213.902344
62.247, 60, 10214.346680
62.247, 60, 10214.791992
62.247, 60, 10215.237305
62.247, 60, 10215.682617
62.247, 60, 10216.126953
62.247, 60, 10216.572266
62.247, 60, 10217.017578
62.247, 60, 10217.461914
62.247, 60, 10217.907227
62.247, 60, 10218.352539
62.247, 60, 10218.797852
62.247, 60, 10219.242188
62.247, 60, 10219.687500
62.247, 60, 10220.132812
62.247, 60, 10220.577148
62.247, 60, 10221.022461
62.247, 60, 10221.467773
62.247, 60, 10221.913086
62.247, 60, 10222.357422
62.247, 60, 10222.802734
62.247, 60, 10223.248047
62.247, 60, 10223.692383
62.247, 60, 10224.137695
62.247, 60, 10224.583008
62.247, 60, 10225.028320
62.247, 60, 10225.472656
62.247, 60, 10225.917969
62.247, 60, 10226.363281
62.247, 60, 10226.807617
62.247, 60, 10227.252930
62.247, 60, 10227.698242
62.247, 60, 10228.143555
62.247, 60, 10228.587891
62.247, 60, 10229.033203
62.247, 60, 10229.478516
62.247, 60, 10229.922852
62.247, 60, 10230.368164
62.247, 60, 10230.813477
62.247, 60, 10231.257812
62.247, 60, 10231.703125
62.247, 60, 10232.148438
62.247, 60, 10232.593750
62.247, 60, 10233.038086
62.247, 60, 10233.483398
62.247, 60, 10233.928711
62.247, 60, 10234.373047
62.247, 60, 10234.818359
62.247, 60, 10235.263672
62.247, 60, 10235.708984
62.247, 60, 10236.153320
62.247, 60, 10236.598633
62.247, 60, 10237.043945
62.247, 60, 10237.488281
62.247, 60, 10237.933594
62.247, 60, 10238.378906
62.247, 60, 10238.824219
62.247, 60, 10239.268555
62.247, 60, 10239.713867
62.247, 60, 10240.159180
62.247, 60, 10240.603516
62.247, 60, 10241.048828
62.247, 60, 10241.494141
62.247, 60, 10241.939453
62.247, 60, 10242.383789
62.247, 60, 10242.829102
62.247, 60, 10243.274414
62.247, 60, 10243.718750
62.247, 60, 10244.164062
62.247, 60, 10244.609375
62.247, 60, 10245.054688
62.247, 60, 10245.499023
62.247, 60, 10245.944336
62.247, 60, 10246.389648
62.247, 60, 10246.833984
62.247, 60, 10247.279297
62.342, 60, 10247.724609
62.342, 60, 10248.169922
62.342, 60, 10248.614258
62.342, 60, 10249.059570
62.342, 60, 10249.504883
62.342, 60, 10249.949219
62.342, 60, 10250.394531
62.342, 60, 10250.839844
62.342, 60, 10251.285156
62.342, 60, 10251.729492
62.342, 60, 10252.174805
62.342, 60, 10252.620117
62.342, 60, 10253.064453
62.342, 60, 10253.509766
62.342, 60, 10253.955078
62.342, 60, 10254.399414
62.342, 60, 10254.844727
62.342, 60, 10255.290039
62.342, 60, 10255.735352
62.342, 60, 10256.179688
62.342, 60, 10256.625000
62.342, 60, 10257.070312
62.342, 60, 10257.514648
62.342, 60, 10257.959961
62.342, 60, 10258.405273
62.342, 60, 10258.850586
62.342, 60, 10259.294922
62.342, 60, 10259.740234
62.342, 60, 10260.185547
62.342, 60, 10260.629883
62.342, 60, 10261.075195
62.342, 60, 10261.520508
62.342, 60, 10261.965820
62.342, 60, 10262.410156
62.342, 60, 10262.855469
62.342, 60, 10263.300781
62.342, 60, 10263.745117
62.342, 60, 10264.190430
62.342, 60, 10264.635742
62.342, 60, 10265.081055
62.342, 60, 10265.525391
62.342, 60, 10265.970703
62.342, 60, 10266.416016
62.342, 60, 10266.860352
62.342, 60, 10267.305664
62.342, 60, 10267.750977
62.342, 60, 10268.196289
62.342, 60, 10268.640625
62.342, 60, 10269.085938
62.342, 60, 10269.531250
62.342, 60, 10269.975586
62.342, 60, 10270.420898
62.342, 60, 10270.866211
62.342, 60, 10271.311523
62.342, 60, 10271.755859
62.342, 60, 10272.201172
62.342, 60, 10272.646484
62.342, 60, 10273.090820
62.342, 60, 10273.536133
62.342, 60, 10273.981445
62.342, 60, 10274.426758
62.342, 60, 10274.871094
62.342, 60, 10275.316406
62.342, 60, 10275.761719
62.342, 60, 10276.206055
62.342, 60, 10276.651367
62.342, 60, 10277.096680
62.342, 60, 10277.541016
62.342, 60, 10277.986328
62.342, 60, 10278.431641
62.342, 60, 10278.876953
62.342, 60, 10279.321289
62.342, 60, 10279.766602
62.342, 60, 10280.211914
62.342, 60, 10280.656250
62.342, 60, 10281.101562
62.342, 60, 10281.546875
62.342, 60, 10281.992188
62.342, 60, 10282.436523
62.342, 60, 10282.881836
62.342, 60, 10283.327148
62.342, 60, 10283.771484
62.342, 60, 10284.216797
62.342, 60, 10284.662109
62.342, 60, 10285.107422
62.342, 60, 10285.551758
62.342, 60, 10285.997070
62.342, 60, 10286.442383
62.342, 60, 10286.886719
62.342, 60, 10287.332031
62.342, 60, 10287.777344
62.342, 60, 10288.222656
62.342, 60, 10288.666992
62.342, 60, 10289.112305
62.342, 60, 10289.557617
62.342, 60, 10290.001953
62.342, 60, 10290.447266
62.342, 60, 10290.892578
62.342, 60, 10291.337891
62.342, 60, 10291.782227
62.342, 60, 10292.227539
62.342, 60, 10292.672852
62.342, 60, 10293.117188
62.342, 60, 10293.562500
62.342, 60, 10294.007812
62.342, 60, 10294.453125
62.342, 60, 10294.897461
62.342, 60, 10295.342773
62.342, 60, 10295.788086
62.342, 60, 10296.232422
62.342, 60, 10296.677734
62.342, 60, 10297.123047
62.342, 60, 10297.568359
62.342, 60, 10298.012695
62.342, 60, 10298.458008
62.342, 60, 10298.903320
62.342, 60, 10299.347656
62.342, 60, 10299.792969
62.342, 60, 10300.238281
62.342, 60, 10300.682617
62.342, 60, 10301.127930
62.342, 60, 10301.573242
62.342, 60, 10302.018555
62.342, 60, 10302.462891
62.342, 60, 10302.908203
62.342, 60, 10303.353516
62.342, 60, 10303.797852
62.342, 60, 10304.243164
62.342, 60, 10304.688477
62.342, 60, 10305.133789
62.342, 60, 10305.578125
62.342, 60, 10306.023438
62.342, 60, 10306.468750
62.342, 60, 10306.913086
62.342, 60, 10307.358398
62.342, 60, 10307.803711
62.342, 60, 10308.249023
62.342, 60, 10308.693359
62.342, 60, 10309.138672
62.342, 60, 10309.583984
62.342, 60, 10310.028320
62.342, 60, 10310.473633
62.342, 60, 10310.918945
62.342, 60, 10311.364258
62.342, 60, 10311.808594
62.342, 60, 10312.253906
62.342, 60, 10312.699219
62.342, 60, 10313.143555
62.342, 60, 10313.588867
62.342, 60, 10314.034180
62.342, 60, 10314.479492
62.342, 60, 10314.923828
62.342, 60, 10315.369141
62.342, 60, 10315.814453
62.342, 60, 10316.258789
62.342, 60, 10316.704102
62.342, 60, 10317.149414
62.342, 60, 10317.594727
62.342, 60, 10318.039062
62.342, 60, 10318.484375
62.342, 60, 10318.929688
62.342, 60, 10319.374023
62.342, 60, 10319.819336
62.342, 60, 10320.264648
62.342, 60, 10320.709961
62.342, 60, 10321.154297
62.342, 60, 10321.599609
62.342, 60, 10322.044922
62.342, 60, 10322.489258
62.342, 60, 10322.934570
62.342, 60, 10323.379883
62.342, 60, 10323.824219
62.342, 60, 10324.269531
62.342, 60, 10324.714844
62.342, 60, 10325.160156
62.247, 60, 10325.604492
62.247, 60, 10326.049805
62.247, 60, 10326.495117
62.247, 60, 10326.939453
62.247, 60, 10327.384766
62.247, 60, 10327.830078
62.247, 60, 10328.275391
62.247, 60, 10328.719727
62.247, 60, 10329.165039
62.247, 60, 10329.610352
62.247, 60, 10330.054688
62.247, 60, 10330.500000
62.247, 60, 10330.945312
62.247, 60, 10331.390625
62.247, 60, 10331.834961
62.247, 60, 10332.280273
62.247, 60, 10332.725586
62.247, 60, 10333.169922
62.247, 60, 10333.615234
62.247, 60, 10334.060547
62.247, 60, 10334.505859
62.247, 60, 10334.950195
62.247, 60, 10335.395508
62.247, 60, 10335.840820
62.247, 60, 10336.285156
62.247, 60, 10336.730469
62.247, 60, 10337.175781
62.247, 60, 10337.621094
62.247, 60, 10338.065430
62.247, 60, 10338.510742
62.247, 60, 10338.956055
62.247, 60, 10339.400391
62.247, 60, 10339.845703
62.247, 60, 10340.291016
62.151, 60, 10340.736328
62.151, 60, 10341.180664
62.151, 60, 10341.625977
62.151, 60, 10342.071289
62.151, 60, 10342.515625
62.151, 60, 10342.960938
62.151, 60, 10343.406250
62.151, 60, 10343.851562
62.151, 60, 10344.295898
62.151, 60, 10344.741211
62.151, 60, 10345.186523
62.151, 60, 10345.630859
62.151, 60, 10346.076172
62.151, 60, 10346.521484
62.151, 60, 10346.965820
62.151, 60, 10347.411133
62.151, 60, 10347.856445
62.151, 60, 10348.301758
62.151, 60, 10348.746094
62.151, 60, 10349.191406
62.151, 60, 10349.636719
62.151, 60, 10350.081055
62.151, 60, 10350.526367
62.151, 60, 10350.971680
62.151, 60, 10351.416992
62.151, 60, 10351.861328
62.151, 60, 10352.306641
62.151, 60, 10352.751953
62.151, 60, 10353.196289
62.151, 60, 10353.641602
62.151, 60, 10354.086914
62.151, 60, 10354.532227
62.151, 60, 10354.976562
62.151, 60, 10355.421875
61.961, 60, 10355.867188
61.961, 60, 10356.311523
61.961, 60, 10356.756836
61.961, 60, 10357.202148
61.961, 60, 10357.647461
61.961, 60, 10358.091797
61.961, 60, 10358.537109
61.961, 60, 10358.982422
61.961, 60, 10359.426758
61.961, 60, 10359.872070
61.961, 60, 10360.317383
61.961, 60, 10360.762695
61.961, 60, 10361.207031
61.961, 60, 10361.652344
61.961, 60, 10362.097656
61.961, 60, 10362.541992
61.961, 60, 10362.987305
61.961, 60, 10363.432617
61.961, 60, 10363.877930
61.961, 60, 10364.322266
61.961, 60, 10364.767578
61.961, 60, 10365.212891
61.961, 60, 10365.657227
61.961, 60, 10366.102539
61.961, 60, 10366.547852
61.961, 60, 10366.993164
61.961, 60, 10367.437500
61.961, 60, 10367.882812
61.961, 60, 10368.328125
61.961, 60, 10368.772461
61.961, 60, 10369.217773
61.961, 60, 10369.663086
61.961, 60, 10370.107422
61.961, 60, 10370.552734
61.961, 60, 10370.998047
61.961, 60, 10371.443359
61.961, 60, 10371.887695
61.961, 60, 10372.333008
61.961, 60, 10372.778320
61.961, 60, 10373.222656
61.961, 60, 10373.667969
61.961, 60, 10374.113281
61.961, 60, 10374.558594
61.961, 60, 10375.002930
61.961, 60, 10375.448242
61.961, 60, 10375.893555
61.961, 60, 10376.337891
61.961, 60, 10376.783203
61.961, 60, 10377.228516
61.961, 60, 10377.673828
61.961, 60, 10378.118164
61.961, 60, 10378.563477
61.961, 60, 10379.008789
61.961, 60, 10379.453125
61.961, 60, 10379.898438
61.961, 60, 10380.343750
61.961, 60, 10380.789062
61.961, 60, 10381.233398
61.961, 60, 10381.678711
61.961, 60, 10382.124023
61.961, 60, 10382.568359
61.961, 60, 10383.013672
61.961, 60, 10383.458984
61.961, 60, 10383.904297
61.961, 60, 10384.348633
61.961, 60, 10384.793945
61.961, 60, 10385.239258
61.961, 60, 10385.683594
61.961, 60, 10386.128906
61.961, 60, 10386.574219
61.961, 60, 10387.019531
61.961, 60, 10387.463867
61.961, 60, 10387.909180
61.961, 60, 10388.354492
61.961, 60, 10388.798828
61.961, 60, 10389.244141
61.961, 60, 10389.689453
61.961, 60, 10390.134766
61.961, 60, 10390.579102
61.961, 60, 10391.024414
61.961, 60, 10391.469727
61.961, 60, 10391.914062
61.961, 60, 10392.359375
61.961, 60, 10392.804688
61.961, 60, 10393.249023
61.961, 60, 10393.694336
61.961, 60, 10394.139648
61.961, 60, 10394.584961
61.961, 60, 10395.029297
61.961, 60, 10395.474609
61.961, 60, 10395.919922
61.961, 60, 10396.364258
61.961, 60, 10396.809570
61.961, 60, 10397.254883
61.961, 60, 10397.700195
61.961, 60, 10398.144531
61.961, 60, 10398.589844
61.961, 60, 10399.035156
61.961, 60, 10399.479492
61.961, 60, 10399.924805
61.961, 60, 10400.370117
61.961, 60, 10400.815430
61.961, 60, 10401.259766
62.056, 60, 10401.705078
62.056, 60, 10402.150391
62.056, 60, 10402.594727
62.056, 60, 10403.040039
62.056, 60, 10403.485352
62.056, 60, 10403.930664
62.056, 60, 10404.375000
62.056, 60, 10404.820312
62.056, 60, 10405.265625
62.056, 60, 10405.709961
62.056, 60, 10406.155273
62.056, 60, 10406.600586
62.056, 60, 10407.045898
62.056, 60, 10407.490234
62.056, 60, 10407.935547
62.056, 60, 10408.380859
62.056, 60, 10408.825195
62.056, 60, 10409.270508
62.056, 60, 10409.715820
62.056, 60, 10410.161133
62.056, 60, 10410.605469
62.056, 60, 10411.050781
62.056, 60, 10411.496094
62.056, 60, 10411.940430
62.056, 60, 10412.385742
62.056, 60, 10412.831055
62.056, 60, 10413.276367
62.056, 60, 10413.720703
62.056, 60, 10414.166016
62.056, 60, 10414.611328
62.056, 60, 10415.055664
62.056, 60, 10415.500977
62.056, 60, 10415.946289
62.056, 60, 10416.390625
62.056, 60, 10416.835938
61.961, 60, 10417.281250
61.961, 60, 10417.726562
61.961, 60, 10418.170898
61.961, 60, 10418.616211
61.961, 60, 10419.061523
61.961, 60, 10419.505859
61.961, 60, 10419.951172
61.961, 60, 10420.396484
61.961, 60, 10420.841797
61.961, 60, 10421.286133
61.961, 60, 10421.731445
61.961, 60, 10422.176758
61.961, 60, 10422.621094
61.961, 60, 10423.066406
61.961, 60, 10423.511719
61.961, 60, 10423.957031
61.961, 60, 10424.401367
61.961, 60, 10424.846680
61.961, 60, 10425.291992
61.961, 60, 10425.736328
61.961, 60, 10426.181641
61.961, 60, 10426.626953
61.961, 60, 10427.072266
61.961, 60, 10427.516602
61.961, 60, 10427.961914
61.961, 60, 10428.407227
61.961, 60, 10428.851562
61.961, 60, 10429.296875
61.961, 60, 10429.742188
61.961, 60, 10430.187500
61.961, 60, 10430.631836
61.961, 60, 10431.077148
61.961, 60, 10431.522461
61.961, 60, 10431.966797
61.961, 60, 10432.412109
61.961, 60, 10432.857422
61.961, 60, 10433.302734
61.961, 60, 10433.747070
61.961, 60, 10434.192383
61.961, 60, 10434.637695
61.961, 60, 10435.082031
61.961, 60, 10435.527344
61.961, 60, 10435.972656
61.961, 60, 10436.417969
61.961, 60, 10436.862305
61.961, 60, 10437.307617
61.961, 60, 10437.752930
61.961, 60, 10438.197266
61.961, 60, 10438.642578
61.961, 60, 10439.087891
61.961, 60, 10439.532227
61.961, 60, 10439.977539
61.961, 60, 10440.422852
61.961, 60, 10440.868164
61.961, 60, 10441.312500
61.961, 60, 10441.757812
61.961, 60, 10442.203125
61.961, 60, 10442.647461
61.961, 60, 10443.092773
61.961, 60, 10443.538086
61.961, 60, 10443.983398
61.961, 60, 10444.427734
61.961, 60, 10444.873047
61.961, 60, 10445.318359
61.961, 60, 10445.762695
61.961, 60, 10446.208008
61.961, 60, 10446.653320
61.961, 60, 10447.098633
61.961, 60, 10447.542969
61.961, 60, 10447.988281
61.961, 60, 10448.433594
61.961, 60, 10448.877930
61.961, 60, 10449.323242
61.961, 60, 10449.768555
61.961, 60, 10450.213867
61.961, 60, 10450.658203
61.961, 60, 10451.103516
61.961, 60, 10451.548828
61.961, 60, 10451.993164
61.961, 60, 10452.438477
61.961, 60, 10452.883789
61.961, 60, 10453.329102
61.961, 60, 10453.773438
61.961, 60, 10454.218750
61.961, 60, 10454.664062
61.961, 60, 10455.108398
61.961, 60, 10455.553711
61.961, 60, 10455.999023
61.961, 60, 10456.444336
61.961, 60, 10456.888672
61.961, 60, 10457.333984
61.961, 60, 10457.779297
61.961, 60, 10458.223633
61.961, 60, 10458.668945
61.961, 60, 10459.114258
61.961, 60, 10459.559570
61.961, 60, 10460.003906
61.961, 60, 10460.449219
61.961, 60, 10460.894531
61.961, 60, 10461.338867
61.961, 60, 10461.784180
61.961, 60, 10462.229492
61.961, 60, 10462.673828
61.961, 60, 10463.119141
61.961, 60, 10463.564453
61.961, 60, 10464.009766
61.961, 60, 10464.454102
61.961, 60, 10464.899414
61.961, 60, 10465.344727
61.961, 60, 10465.789062
61.961, 60, 10466.234375
61.961, 60, 10466.679688
61.961, 60, 10467.125000
61.961, 60, 10467.569336
61.961, 60, 10468.014648
61.961, 60, 10468.459961
61.961, 60, 10468.904297
61.961, 60, 10469.349609
61.961, 60, 10469.794922
61.961, 60, 10470.240234
61.961, 60, 10470.684570
61.961, 60, 10471.129883
61.961, 60, 10471.575195
61.961, 60, 10472.019531
61.961, 60, 10472.464844
61.961, 60, 10472.910156
61.961, 60, 10473.355469
61.961, 60, 10473.799805
61.961, 60, 10474.245117
61.961, 60, 10474.690430
61.961, 60, 10475.134766
61.961, 60, 10475.580078
61.961, 60, 10476.025391
61.961, 60, 10476.470703
61.961, 60, 10476.915039
61.961, 60, 10477.360352
61.961, 60, 10477.805664
61.961, 60, 10478.250000
61.961, 60, 10478.695312
61.961, 60, 10479.140625
62.151, 60, 10479.585938
62.151, 60, 10480.030273
62.151, 60, 10480.475586
62.151, 60, 10480.920898
62.151, 60, 10481.365234
62.151, 60, 10481.810547
62.151, 60, 10482.255859
62.151, 60, 10482.701172
62.151, 60, 10483.145508
62.151, 60, 10483.590820
62.151, 60, 10484.036133
62.151, 60, 10484.480469
62.151, 60, 10484.925781
62.151, 60, 10485.371094
62.151, 60, 10485.815430
62.151, 60, 10486.260742
62.151, 60, 10486.706055
62.151, 60, 10487.151367
62.151, 60, 10487.595703
62.151, 60, 10488.041016
62.151, 60, 10488.486328
62.151, 60, 10488.930664
62.151, 60, 10489.375977
62.151, 60, 10489.821289
62.151, 60, 10490.266602
62.151, 60, 10490.710938
62.151, 60, 10491.156250
62.151, 60, 10491.601562
62.151, 60, 10492.045898
62.151, 60, 10492.491211
62.151, 60, 10492.936523
62.151, 60, 10493.381836
62.151, 60, 10493.826172
62.151, 60, 10494.271484
62.151, 60, 10494.716797
62.151, 60, 10495.161133
62.151, 60, 10495.606445
62.151, 60, 10496.051758
62.151, 60, 10496.497070
62.151, 60, 10496.941406
62.151, 60, 10497.386719
62.151, 60, 10497.832031
62.151, 60, 10498.276367
62.151, 60, 10498.721680
62.151, 60, 10499.166992
62.151, 60, 10499.612305
62.151, 60, 10500.056641
62.151, 60, 10500.501953
62.151, 60, 10500.947266
62.151, 60, 10501.391602
62.151, 60, 10501.836914
62.151, 60, 10502.282227
62.151, 60, 10502.727539
62.151, 60, 10503.171875
62.151, 60, 10503.617188
62.151, 60, 10504.062500
62.151, 60, 10504.506836
62.151, 60, 10504.952148
62.151, 60, 10505.397461
62.151, 60, 10505.842773
62.151, 60, 10506.287109
62.151, 60, 10506.732422
62.151, 60, 10507.177734
62.151, 60, 10507.622070
62.151, 60, 10508.067383
62.151, 60, 10508.512695
62.151, 60, 10508.957031
62.151, 60, 10509.402344
62.151, 60, 10509.847656
61.979, 60, 10510.292969
61.979, 60, 10510.737305
61.979, 60, 10511.182617
61.979, 60, 10511.627930
61.979, 60, 10512.072266
61.979, 60, 10512.517578
61.979, 60, 10512.962891
61.979, 60, 10513.408203
61.979, 60, 10513.852539
61.979, 60, 10514.297852
61.979, 60, 10514.743164
61.979, 60, 10515.187500
61.979, 60, 10515.632812
61.979, 60, 10516.078125
61.979, 60, 10516.523438
61.979, 60, 10516.967773
61.979, 60, 10517.413086
61.979, 60, 10517.858398
61.979, 60, 10518.302734
61.979, 60, 10518.748047
61.979, 60, 10519.193359
61.979, 60, 10519.638672
61.979, 60, 10520.083008
61.979, 60, 10520.528320
61.979, 60, 10520.973633
61.979, 60, 10521.417969
61.979, 60, 10521.863281
61.979, 60, 10522.308594
61.979, 60, 10522.753906
61.979, 60, 10523.198242
61.979, 60, 10523.643555
61.979, 60, 10524.088867
61.979, 60, 10524.533203
61.979, 60, 10524.978516
61.961, 60, 10525.423828
61.961, 60, 10525.869141
61.961, 60, 10526.313477
61.961, 60, 10526.758789
61.961, 60, 10527.204102
61.961, 60, 10527.648438
61.961, 60, 10528.093750
61.961, 60, 10528.539062
61.961, 60, 10528.984375
61.961, 60, 10529.428711
61.961, 60, 10529.874023
61.961, 60, 10530.319336
61.961, 60, 10530.763672
61.961, 60, 10531.208984
61.961, 60, 10531.654297
61.961, 60, 10532.098633
61.961, 60, 10532.543945
61.961, 60, 10532.989258
61.961, 60, 10533.434570
61.961, 60, 10533.878906
61.961, 60, 10534.324219
61.961, 60, 10534.769531
61.961, 60, 10535.213867
61.961, 60, 10535.659180
61.961, 60, 10536.104492
61.961, 60, 10536.549805
61.961, 60, 10536.994141
61.961, 60, 10537.439453
61.961, 60, 10537.884766
61.961, 60, 10538.329102
61.961, 60, 10538.774414
61.961, 60, 10539.219727
61.961, 60, 10539.665039
61.961, 60, 10540.109375
61.961, 60, 10540.554688
61.961, 60, 10541.000000
61.961, 60, 10541.444336
61.961, 60, 10541.889648
61.961, 60, 10542.334961
61.961, 60, 10542.780273
61.961, 60, 10543.224609
61.961, 60, 10543.669922
61.961, 60, 10544.115234
61.961, 60, 10544.559570
61.961, 60, 10545.004883
61.961, 60, 10545.450195
61.961, 60, 10545.895508
61.961, 60, 10546.339844
61.961, 60, 10546.785156
61.961, 60, 10547.230469
61.961, 60, 10547.674805
61.961, 60, 10548.120117
61.961, 60, 10548.565430
61.961, 60, 10549.010742
61.961, 60, 10549.455078
61.961, 60, 10549.900391
61.961, 60, 10550.345703
61.961, 60, 10550.790039
61.961, 60, 10551.235352
61.961, 60, 10551.680664
61.961, 60, 10552.125977
61.961, 60, 10552.570312
61.961, 60, 10553.015625
61.961, 60, 10553.460938
61.961, 60, 10553.905273
61.961, 60, 10554.350586
61.961, 60, 10554.795898
61.961, 60, 10555.240234
61.961, 60, 10555.685547
61.961, 60, 10556.130859
62.151, 60, 10556.576172
62.151, 60, 10557.020508
62.151, 60, 10557.465820
62.151, 60, 10557.911133
62.151, 60, 10558.355469
62.151, 60, 10558.800781
62.151, 60, 10559.246094
62.151, 60, 10559.691406
62.151, 60, 10560.135742
62.151, 60, 10560.581055
62.151, 60, 10561.026367
62.151, 60, 10561.470703
62.151, 60, 10561.916016
62.151, 60, 10562.361328
62.151, 60, 10562.806641
62.151, 60, 10563.250977
62.151, 60, 10563.696289
62.151, 60, 10564.141602
62.151, 60, 10564.585938
62.151, 60, 10565.031250
62.151, 60, 10565.476562
62.151, 60, 10565.921875
62.151, 60, 10566.366211
62.151, 60, 10566.811523
62.151, 60, 10567.256836
62.151, 60, 10567.701172
62.151, 60, 10568.146484
62.151, 60, 10568.591797
62.151, 60, 10569.037109
62.151, 60, 10569.481445
62.151, 60, 10569.926758
62.151, 60, 10570.372070
62.151, 60, 10570.816406
62.151, 60, 10571.261719
62.151, 60, 10571.707031
62.151, 60, 10572.152344
62.151, 60, 10572.596680
62.151, 60, 10573.041992
62.151, 60, 10573.487305
62.151, 60, 10573.931641
62.151, 60, 10574.376953
62.151, 60, 10574.822266
62.151, 60, 10575.267578
62.151, 60, 10575.711914
62.151, 60, 10576.157227
62.151, 60, 10576.602539
62.151, 60, 10577.046875
62.151, 60, 10577.492188
62.151, 60, 10577.937500
62.151, 60, 10578.381836
62.151, 60, 10578.827148
62.151, 60, 10579.272461
62.151, 60, 10579.717773
62.151, 60, 10580.162109
62.151, 60, 10580.607422
62.151, 60, 10581.052734
62.151, 60, 10581.497070
62.151, 60, 10581.942383
62.151, 60, 10582.387695
62.151, 60, 10582.833008
62.151, 60, 10583.277344
62.151, 60, 10583.722656
62.151, 60, 10584.167969
62.151, 60, 10584.612305
62.151, 60, 10585.057617
62.151, 60, 10585.502930
62.151, 60, 10585.948242
62.151, 60, 10586.392578
62.151, 60, 10586.837891
62.151, 60, 10587.283203
62.151, 60, 10587.727539
62.151, 60, 10588.172852
62.151, 60, 10588.618164
62.151, 60, 10589.063477
62.151, 60, 10589.507812
62.151, 60, 10589.953125
62.151, 60, 10590.398438
62.151, 60, 10590.842773
62.151, 60, 10591.288086
62.151, 60, 10591.733398
62.151, 60, 10592.178711
62.151, 60, 10592.623047
62.151, 60, 10593.068359
62.151, 60, 10593.513672
62.151, 60, 10593.958008
62.151, 60, 10594.403320
62.151, 60, 10594.848633
62.151, 60, 10595.293945
62.151, 60, 10595.738281
62.151, 60, 10596.183594
62.151, 60, 10596.628906
62.151, 60, 10597.073242
62.151, 60, 10597.518555
62.151, 60, 10597.963867
62.151, 60, 10598.409180
62.151, 60, 10598.853516
62.151, 60, 10599.298828
62.151, 60, 10599.744141
62.151, 60, 10600.188477
62.151, 60, 10600.633789
62.151, 60, 10601.079102
62.151, 60, 10601.523438
62.151, 60, 10601.968750
62.151, 60, 10602.414062
62.151, 60, 10602.859375
62.151, 60, 10603.303711
62.151, 60, 10603.749023
62.151, 60, 10604.194336
62.151, 60, 10604.638672
62.151, 60, 10605.083984
62.151, 60, 10605.529297
62.151, 60, 10605.974609
62.151, 60, 10606.418945
62.151, 60, 10606.864258
62.151, 60, 10607.309570
62.151, 60, 10607.753906
62.151, 60, 10608.199219
62.151, 60, 10608.644531
62.151, 60, 10609.089844
62.151, 60, 10609.534180
62.151, 60, 10609.979492
62.151, 60, 10610.424805
62.151, 60, 10610.869141
62.151, 60, 10611.314453
62.151, 60, 10611.759766
62.151, 60, 10612.205078
62.151, 60, 10612.649414
62.151, 60, 10613.094727
62.151, 60, 10613.540039
62.151, 60, 10613.984375
62.151, 60, 10614.429688
62.151, 60, 10614.875000
62.151, 60, 10615.320312
62.151, 60, 10615.764648
62.151, 60, 10616.209961
62.151, 60, 10616.655273
62.151, 60, 10617.099609
62.151, 60, 10617.544922
62.151, 60, 10617.990234
62.151, 60, 10618.435547
62.151, 60, 10618.879883
62.151, 60, 10619.325195
62.151, 60, 10619.770508
62.151, 60, 10620.214844
62.151, 60, 10620.660156
62.151, 60, 10621.105469
62.151, 60, 10621.550781
62.151, 60, 10621.995117
62.151, 60, 10622.440430
62.151, 60, 10622.885742
62.151, 60, 10623.330078
62.151, 60, 10623.775391
62.151, 60, 10624.220703
62.151, 60, 10624.665039
62.151, 60, 10625.110352
62.151, 60, 10625.555664
62.151, 60, 10626.000977
62.151, 60, 10626.445312
62.151, 60, 10626.890625
62.151, 60, 10627.335938
62.151, 60, 10627.780273
62.151, 60, 10628.225586
62.151, 60, 10628.670898
62.151, 60, 10629.116211
62.151, 60, 10629.560547
62.151, 60, 10630.005859
62.151, 60, 10630.451172
62.151, 60, 10630.895508
62.151, 60, 10631.340820
62.151, 60, 10631.786133
62.151, 60, 10632.231445
62.247, 60, 10632.675781
62.247, 60, 10633.121094
62.247, 60, 10633.566406
62.247, 60, 10634.010742
62.247, 60, 10634.456055
62.247, 60, 10634.901367
62.247, 60, 10635.346680
62.247, 60, 10635.791016
62.247, 60, 10636.236328
62.247, 60, 10636.681641
62.247, 60, 10637.125977
62.247, 60, 10637.571289
62.247, 60, 10638.016602
62.247, 60, 10638.461914
62.247, 60, 10638.906250
62.247, 60, 10639.351562
62.247, 60, 10639.796875
62.247, 60, 10640.241211
62.247, 60, 10640.686523
62.247, 60, 10641.131836
62.247, 60, 10641.577148
62.247, 60, 10642.021484
62.247, 60, 10642.466797
62.247, 60, 10642.912109
62.247, 60, 10643.356445
62.247, 60, 10643.801758
62.247, 60, 10644.247070
62.247, 60, 10644.692383
62.247, 60, 10645.136719
62.247, 60, 10645.582031
62.247, 60, 10646.027344
62.247, 60, 10646.471680
62.247, 60, 10646.916992
62.247, 60, 10647.362305
62.247, 60, 10647.806641
62.247, 60, 10648.251953
62.247, 60, 10648.697266
62.247, 60, 10649.142578
62.247, 60, 10649.586914
62.247, 60, 10650.032227
62.247, 60, 10650.477539
62.247, 60, 10650.921875
62.247, 60, 10651.367188
62.247, 60, 10651.812500
62.247, 60, 10652.257812
62.247, 60, 10652.702148
62.247, 60, 10653.147461
62.247, 60, 10653.592773
62.247, 60, 10654.037109
62.247, 60, 10654.482422
62.247, 60, 10654.927734
62.247, 60, 10655.373047
62.247, 60, 10655.817383
62.247, 60, 10656.262695
62.247, 60, 10656.708008
62.247, 60, 10657.152344
62.247, 60, 10657.597656
62.247, 60, 10658.042969
62.247, 60, 10658.488281
62.247, 60, 10658.932617
62.247, 60, 10659.377930
62.247, 60, 10659.823242
62.247, 60, 10660.267578
62.247, 60, 10660.712891
62.247, 60, 10661.158203
62.247, 60, 10661.603516
62.247, 60, 10662.047852
62.247, 60, 10662.493164
62.247, 60, 10662.938477
62.247, 60, 10663.382812
62.247, 60, 10663.828125
62.247, 60, 10664.273438
62.247, 60, 10664.718750
62.247, 60, 10665.163086
62.247, 60, 10665.608398
62.247, 60, 10666.053711
62.247, 60, 10666.498047
62.247, 60, 10666.943359
62.247, 60, 10667.388672
62.247, 60, 10667.833984
62.247, 60, 10668.278320
62.247, 60, 10668.723633
62.247, 60, 10669.168945
62.247, 60, 10669.613281
62.247, 60, 10670.058594
62.247, 60, 10670.503906
62.247, 60, 10670.948242
62.247, 60, 10671.393555
62.247, 60, 10671.838867
62.247, 60, 10672.284180
62.247, 60, 10672.728516
62.247, 60, 10673.173828
62.247, 60, 10673.619141
62.247, 60, 10674.063477
62.247, 60, 10674.508789
62.247, 60, 10674.954102
62.247, 60, 10675.399414
62.247, 60, 10675.843750
62.247, 60, 10676.289062
62.247, 60, 10676.734375
62.247, 60, 10677.178711
62.247, 60, 10677.624023
62.247, 60, 10678.069336
62.247, 60, 10678.514648
62.151, 60, 10678.958984
62.151, 60, 10679.404297
62.151, 60, 10679.849609
62.151, 60, 10680.293945
62.151, 60, 10680.739258
62.151, 60, 10681.184570
62.151, 60, 10681.629883
62.151, 60, 10682.074219
62.151, 60, 10682.519531
62.151, 60, 10682.964844
62.151, 60, 10683.409180
62.151, 60, 10683.854492
62.151, 60, 10684.299805
62.151, 60, 10684.745117
62.151, 60, 10685.189453
62.151, 60, 10685.634766
62.151, 60, 10686.080078
62.151, 60, 10686.524414
62.151, 60, 10686.969727
62.151, 60, 10687.415039
62.151, 60, 10687.860352
62.151, 60, 10688.304688
62.151, 60, 10688.750000
62.151, 60, 10689.195312
62.151, 60, 10689.639648
62.151, 60, 10690.084961
62.151, 60, 10690.530273
62.151, 60, 10690.975586
62.151, 60, 10691.419922
62.151, 60, 10691.865234
62.151, 60, 10692.310547
62.151, 60, 10692.754883
62.151, 60, 10693.200195
62.151, 60, 10693.645508
62.151, 60, 10694.089844
62.151, 60, 10694.535156
62.151, 60, 10694.980469
62.151, 60, 10695.425781
62.151, 60, 10695.870117
62.151, 60, 10696.315430
62.151, 60, 10696.760742
62.151, 60, 10697.205078
62.151, 60, 10697.650391
62.151, 60, 10698.095703
62.151, 60, 10698.541016
62.151, 60, 10698.985352
62.151, 60, 10699.430664
62.151, 60, 10699.875977
62.151, 60, 10700.320312
62.151, 60, 10700.765625
62.151, 60, 10701.210938
62.151, 60, 10701.656250
62.151, 60, 10702.100586
62.151, 60, 10702.545898
62.151, 60, 10702.991211
62.151, 60, 10703.435547
62.151, 60, 10703.880859
62.151, 60, 10704.326172
62.151, 60, 10704.771484
62.151, 60, 10705.215820
62.151, 60, 10705.661133
62.151, 60, 10706.106445
62.151, 60, 10706.550781
62.151, 60, 10706.996094
62.151, 60, 10707.441406
62.151, 60, 10707.886719
62.151, 60, 10708.331055
62.151, 60, 10708.776367
62.151, 60, 10709.221680
62.151, 60, 10709.666016
62.151, 60, 10710.111328
62.151, 60, 10710.556641
62.151, 60, 10711.001953
62.151, 60, 10711.446289
62.151, 60, 10711.891602
62.151, 60, 10712.336914
62.151, 60, 10712.781250
62.151, 60, 10713.226562
62.151, 60, 10713.671875
62.151, 60, 10714.117188
62.151, 60, 10714.561523
62.151, 60, 10715.006836
62.151, 60, 10715.452148
62.151, 60, 10715.896484
62.151, 60, 10716.341797
62.151, 60, 10716.787109
62.151, 60, 10717.231445
62.151, 60, 10717.676758
62.151, 60, 10718.122070
62.151, 60, 10718.567383
62.151, 60, 10719.011719
62.151, 60, 10719.457031
62.151, 60, 10719.902344
62.151, 60, 10720.346680
62.151, 60, 10720.791992
62.151, 60, 10721.237305
62.151, 60, 10721.682617
62.151, 60, 10722.126953
62.151, 60, 10722.572266
62.151, 60, 10723.017578
62.151, 60, 10723.461914
62.151, 60, 10723.907227
62.151, 60, 10724.352539
62.151, 60, 10724.797852
62.151, 60, 10725.242188
62.151, 60, 10725.687500
62.151, 60, 10726.132812
62.151, 60, 10726.577148
62.151, 60, 10727.022461
62.151, 60, 10727.467773
62.151, 60, 10727.913086
62.151, 60, 10728.357422
62.151, 60, 10728.802734
62.151, 60, 10729.248047
62.151, 60, 10729.692383
62.151, 60, 10730.137695
62.151, 60, 10730.583008
62.151, 60, 10731.028320
62.151, 60, 10731.472656
62.151, 60, 10731.917969
62.151, 60, 10732.363281
62.151, 60, 10732.807617
62.151, 60, 10733.252930
62.151, 60, 10733.698242
62.151, 60, 10734.143555
62.151, 60, 10734.587891
62.151, 60, 10735.033203
62.151, 60, 10735.478516
62.151, 60, 10735.922852
62.151, 60, 10736.368164
62.151, 60, 10736.813477
62.151, 60, 10737.258789
62.151, 60, 10737.703125
62.151, 60, 10738.148438
62.151, 60, 10738.593750
62.151, 60, 10739.038086
62.247, 60, 10739.483398
62.247, 60, 10739.928711
62.247, 60, 10740.373047
62.247, 60, 10740.818359
62.247, 60, 10741.263672
62.247, 60, 10741.708984
62.247, 60, 10742.153320
62.247, 60, 10742.598633
62.247, 60, 10743.043945
62.247, 60, 10743.488281
62.247, 60, 10743.933594
62.247, 60, 10744.378906
62.247, 60, 10744.824219
62.247, 60, 10745.268555
62.247, 60, 10745.713867
62.247, 60, 10746.159180
62.247, 60, 10746.603516
62.247, 60, 10747.048828
62.247, 60, 10747.494141
62.247, 60, 10747.939453
62.247, 60, 10748.383789
62.247, 60, 10748.829102
62.247, 60, 10749.274414
62.247, 60, 10749.718750
62.247, 60, 10750.164062
62.247, 60, 10750.609375
62.247, 60, 10751.054688
62.247, 60, 10751.499023
62.247, 60, 10751.944336
62.247, 60, 10752.389648
62.247, 60, 10752.833984
62.247, 60, 10753.279297
62.247, 60, 10753.724609
62.247, 60, 10754.169922
62.247, 60, 10754.614258
62.151, 60, 10755.059570
62.151, 60, 10755.504883
62.151, 60, 10755.949219
62.151, 60, 10756.394531
62.151, 60, 10756.839844
62.151, 60, 10757.285156
62.151, 60, 10757.729492
62.151, 60, 10758.174805
62.151, 60, 10758.620117
62.151, 60, 10759.064453
62.151, 60, 10759.509766
62.151, 60, 10759.955078
62.151, 60, 10760.400391
62.151, 60, 10760.844727
62.151, 60, 10761.290039
62.151, 60, 10761.735352
62.151, 60, 10762.179688
62.151, 60, 10762.625000
62.151, 60, 10763.070312
62.151, 60, 10763.514648
62.151, 60, 10763.959961
62.151, 60, 10764.405273
62.151, 60, 10764.850586
62.151, 60, 10765.294922
62.151, 60, 10765.740234
62.151, 60, 10766.185547
62.151, 60, 10766.629883
62.151, 60, 10767.075195
62.151, 60, 10767.520508
62.151, 60, 10767.965820
62.151, 60, 10768.410156
62.151, 60, 10768.855469
62.151, 60, 10769.300781
62.151, 60, 10769.745117
62.151, 60, 10770.190430
62.151, 60, 10770.635742
62.151, 60, 10771.081055
62.151, 60, 10771.525391
62.151, 60, 10771.970703
62.151, 60, 10772.416016
62.151, 60, 10772.860352
62.151, 60, 10773.305664
62.151, 60, 10773.750977
62.151, 60, 10774.196289
62.151, 60, 10774.640625
62.151, 60, 10775.085938
62.151, 60, 10775.531250
62.151, 60, 10775.975586
62.151, 60, 10776.420898
62.151, 60, 10776.866211
62.151, 60, 10777.311523
62.151, 60, 10777.755859
62.151, 60, 10778.201172
62.151, 60, 10778.646484
62.151, 60, 10779.090820
62.151, 60, 10779.536133
62.151, 60, 10779.981445
62.151, 60, 10780.426758
62.151, 60, 10780.871094
62.151, 60, 10781.316406
62.151, 60, 10781.761719
62.151, 60, 10782.206055
62.151, 60, 10782.651367
62.151, 60, 10783.096680
62.151, 60, 10783.541992
62.151, 60, 10783.986328
62.151, 60, 10784.431641
62.151, 60, 10784.876953
62.151, 60, 10785.321289
62.151, 60, 10785.766602
62.151, 60, 10786.211914
62.151, 60, 10786.656250
62.151, 60, 10787.101562
62.151, 60, 10787.546875
62.151, 60, 10787.992188
62.151, 60, 10788.436523
62.151, 60, 10788.881836
62.151, 60, 10789.327148
62.151, 60, 10789.771484
62.151, 60, 10790.216797
62.151, 60, 10790.662109
62.151, 60, 10791.107422
62.151, 60, 10791.551758
62.151, 60, 10791.997070
62.151, 60, 10792.442383
62.151, 60, 10792.886719
62.151, 60, 10793.332031
62.151, 60, 10793.777344
62.151, 60, 10794.222656
62.151, 60, 10794.666992
62.151, 60, 10795.112305
62.151, 60, 10795.557617
62.151, 60, 10796.001953
62.151, 60, 10796.447266
62.151, 60, 10796.892578
62.151, 60, 10797.337891
62.151, 60, 10797.782227
62.151, 60, 10798.227539
62.151, 60, 10798.672852
62.151, 60, 10799.117188
62.151, 60, 10799.562500
62.151, 60, 10800.007812
62.151, 60, 10800.453125
62.151, 60, 10800.897461
62.247, 60, 10801.342773
62.247, 60, 10801.788086
62.247, 60, 10802.232422
62.247, 60, 10802.677734
62.247, 60, 10803.123047
62.247, 60, 10803.568359
62.247, 60, 10804.012695
62.247, 60, 10804.458008
62.247, 60, 10804.903320
62.247, 60, 10805.347656
62.247, 60, 10805.792969
62.247, 60, 10806.238281
62.247, 60, 10806.683594
62.247, 60, 10807.127930
62.247, 60, 10807.573242
62.247, 60, 10808.018555
62.247, 60, 10808.462891
62.247, 60, 10808.908203
62.247, 60, 10809.353516
62.247, 60, 10809.797852
62.247, 60, 10810.243164
62.247, 60, 10810.688477
62.247, 60, 10811.133789
62.247, 60, 10811.578125
62.247, 60, 10812.023438
62.247, 60, 10812.468750
62.247, 60, 10812.913086
62.247, 60, 10813.358398
62.247, 60, 10813.803711
62.247, 60, 10814.249023
62.247, 60, 10814.693359
62.247, 60, 10815.138672
62.247, 60, 10815.583984
62.247, 60, 10816.028320
62.247, 60, 10816.473633
62.247, 60, 10816.918945
62.247, 60, 10817.364258
62.247, 60, 10817.808594
62.247, 60, 10818.253906
62.247, 60, 10818.699219
62.247, 60, 10819.143555
62.247, 60, 10819.588867
62.247, 60, 10820.034180
62.247, 60, 10820.479492
62.247, 60, 10820.923828
62.247, 60, 10821.369141
62.247, 60, 10821.814453
62.247, 60, 10822.258789
62.247, 60, 10822.704102
62.247, 60, 10823.149414
62.247, 60, 10823.594727
62.247, 60, 10824.039062
62.247, 60, 10824.484375
62.247, 60, 10824.929688
62.247, 60, 10825.374023
62.247, 60, 10825.819336
62.247, 60, 10826.264648
62.247, 60, 10826.709961
62.247, 60, 10827.154297
62.247, 60, 10827.599609
62.247, 60, 10828.044922
62.247, 60, 10828.489258
62.247, 60, 10828.934570
62.247, 60, 10829.379883
62.247, 60, 10829.825195
62.247, 60, 10830.269531
62.247, 60, 10830.714844
62.247, 60, 10831.160156
62.247, 60, 10831.604492
62.247, 60, 10832.049805
62.247, 60, 10832.495117
62.247, 60, 10832.939453
62.247, 60, 10833.384766
62.247, 60, 10833.830078
62.247, 60, 10834.275391
62.247, 60, 10834.719727
62.247, 60, 10835.165039
62.247, 60, 10835.610352
62.247, 60, 10836.054688
62.247, 60, 10836.500000
62.247, 60, 10836.945312
62.247, 60, 10837.390625
62.247, 60, 10837.834961
62.247, 60, 10838.280273
62.247, 60, 10838.725586
62.247, 60, 10839.169922
62.247, 60, 10839.615234
62.247, 60, 10840.060547
62.247, 60, 10840.505859
62.247, 60, 10840.950195
62.247, 60, 10841.395508
62.247, 60, 10841.840820
62.247, 60, 10842.285156
62.247, 60, 10842.730469
62.247, 60, 10843.175781
62.247, 60, 10843.621094
62.247, 60, 10844.065430
62.247, 60, 10844.510742
62.247, 60, 10844.956055
62.247, 60, 10845.400391
62.247, 60, 10845.845703
62.247, 60, 10846.291016
62.247, 60, 10846.736328
62.247, 60, 10847.180664
62.247, 60, 10847.625977
62.247, 60, 10848.071289
62.247, 60, 10848.515625
62.247, 60, 10848.960938
62.247, 60, 10849.406250
62.247, 60, 10849.851562
62.247, 60, 10850.295898
62.247, 60, 10850.741211
62.247, 60, 10851.186523
62.247, 60, 10851.630859
62.247, 60, 10852.076172
62.247, 60, 10852.521484
62.247, 60, 10852.966797
62.247, 60, 10853.411133
62.247, 60, 10853.856445
62.247, 60, 10854.301758
62.247, 60, 10854.746094
62.247, 60, 10855.191406
62.247, 60, 10855.636719
62.247, 60, 10856.081055
62.247, 60, 10856.526367
62.247, 60, 10856.971680
62.247, 60, 10857.416992
62.247, 60, 10857.861328
62.247, 60, 10858.306641
62.247, 60, 10858.751953
62.247, 60, 10859.196289
62.247, 60, 10859.641602
62.247, 60, 10860.086914
62.247, 60, 10860.532227
62.247, 60, 10860.976562
62.247, 60, 10861.421875
62.247, 60, 10861.867188
62.247, 60, 10862.311523
62.247, 60, 10862.756836
62.247, 60, 10863.202148
62.247, 60, 10863.647461
62.247, 60, 10864.091797
62.247, 60, 10864.537109
62.247, 60, 10864.982422
62.247, 60, 10865.426758
62.247, 60, 10865.872070
62.247, 60, 10866.317383
62.247, 60, 10866.762695
62.247, 60, 10867.207031
62.247, 60, 10867.652344
62.247, 60, 10868.097656
62.247, 60, 10868.541992
62.247, 60, 10868.987305
62.247, 60, 10869.432617
62.247, 60, 10869.877930
62.247, 60, 10870.322266
62.247, 60, 10870.767578
62.247, 60, 10871.212891
62.247, 60, 10871.657227
62.247, 60, 10872.102539
62.247, 60, 10872.547852
62.247, 60, 10872.993164
62.247, 60, 10873.437500
62.247, 60, 10873.882812
62.247, 60, 10874.328125
62.247, 60, 10874.772461
62.247, 60, 10875.217773
62.247, 60, 10875.663086
62.247, 60, 10876.108398
62.247, 60, 10876.552734
62.247, 60, 10876.998047
62.247, 60, 10877.443359
62.247, 60, 10877.887695
62.247, 60, 10878.333008
62.247, 60, 10878.778320
62.247, 60, 10879.222656
62.247, 60, 10879.667969
62.247, 60, 10880.113281
62.247, 60, 10880.558594
62.247, 60, 10881.002930
62.247, 60, 10881.448242
62.247, 60, 10881.893555
62.247, 60, 10882.337891
62.247, 60, 10882.783203
62.247, 60, 10883.228516
62.247, 60, 10883.673828
62.247, 60, 10884.118164
62.247, 60, 10884.563477
62.247, 60, 10885.008789
62.247, 60, 10885.453125
62.247, 60, 10885.898438
62.247, 60, 10886.343750
62.247, 60, 10886.789062
62.247, 60, 10887.233398
62.247, 60, 10887.678711
62.247, 60, 10888.124023
62.247, 60, 10888.568359
62.247, 60, 10889.013672
62.247, 60, 10889.458984
62.247, 60, 10889.904297
62.247, 60, 10890.348633
62.247, 60, 10890.793945
62.247, 60, 10891.239258
62.247, 60, 10891.683594
62.247, 60, 10892.128906
62.247, 60, 10892.574219
62.342, 60, 10893.019531
62.342, 60, 10893.463867
62.342, 60, 10893.909180
62.342, 60, 10894.354492
62.342, 60, 10894.798828
62.342, 60, 10895.244141
62.342, 60, 10895.689453
62.342, 60, 10896.134766
62.342, 60, 10896.579102
62.342, 60, 10897.024414
62.342, 60, 10897.469727
62.342, 60, 10897.914062
62.342, 60, 10898.359375
62.342, 60, 10898.804688
62.342, 60, 10899.250000
62.342, 60, 10899.694336
62.342, 60, 10900.139648
62.342, 60, 10900.584961
62.342, 60, 10901.029297
62.342, 60, 10901.474609
62.342, 60, 10901.919922
62.342, 60, 10902.364258
62.342, 60, 10902.809570
62.342, 60, 10903.254883
62.342, 60, 10903.700195
62.342, 60, 10904.144531
62.342, 60, 10904.589844
62.342, 60, 10905.035156
62.342, 60, 10905.479492
62.342, 60, 10905.924805
62.342, 60, 10906.370117
62.342, 60, 10906.815430
62.342, 60, 10907.259766
62.342, 60, 10907.705078
62.342, 60, 10908.150391
62.342, 60, 10908.594727
62.342, 60, 10909.040039
62.342, 60, 10909.485352
62.342, 60, 10909.930664
62.342, 60, 10910.375000
62.342, 60, 10910.820312
62.342, 60, 10911.265625
62.342, 60, 10911.709961
62.342, 60, 10912.155273
62.342, 60, 10912.600586
62.342, 60, 10913.045898
62.342, 60, 10913.490234
62.342, 60, 10913.935547
62.342, 60, 10914.380859
62.342, 60, 10914.825195
62.342, 60, 10915.270508
62.342, 60, 10915.715820
62.342, 60, 10916.161133
62.342, 60, 10916.605469
62.342, 60, 10917.050781
62.342, 60, 10917.496094
62.342, 60, 10917.940430
62.342, 60, 10918.385742
62.342, 60, 10918.831055
62.342, 60, 10919.276367
62.342, 60, 10919.720703
62.342, 60, 10920.166016
62.342, 60, 10920.611328
62.342, 60, 10921.055664
62.342, 60, 10921.500977
62.342, 60, 10921.946289
62.342, 60, 10922.391602
62.342, 60, 10922.835938
62.342, 60, 10923.281250
62.342, 60, 10923.726562
62.342, 60, 10924.170898
62.342, 60, 10924.616211
62.342, 60, 10925.061523
62.342, 60, 10925.505859
62.342, 60, 10925.951172
62.342, 60, 10926.396484
62.342, 60, 10926.841797
62.342, 60, 10927.286133
62.342, 60, 10927.731445
62.342, 60, 10928.176758
62.342, 60, 10928.621094
62.342, 60, 10929.066406
62.342, 60, 10929.511719
62.342, 60, 10929.957031
62.342, 60, 10930.401367
62.342, 60, 10930.846680
62.342, 60, 10931.291992
62.342, 60, 10931.736328
62.342, 60, 10932.181641
62.342, 60, 10932.626953
62.342, 60, 10933.072266
62.342, 60, 10933.516602
62.342, 60, 10933.961914
62.342, 60, 10934.407227
62.342, 60, 10934.851562
62.342, 60, 10935.296875
62.342, 60, 10935.742188
62.342, 60, 10936.187500
62.342, 60, 10936.631836
62.342, 60, 10937.077148
62.342, 60, 10937.522461
62.342, 60, 10937.966797
62.342, 60, 10938.412109
62.342, 60, 10938.857422
62.342, 60, 10939.302734
62.342, 60, 10939.747070
62.342, 60, 10940.192383
62.342, 60, 10940.637695
62.342, 60, 10941.082031
62.342, 60, 10941.527344
62.342, 60, 10941.972656
62.342, 60, 10942.417969
62.342, 60, 10942.862305
62.342, 60, 10943.307617
62.342, 60, 10943.752930
62.342, 60, 10944.197266
62.342, 60, 10944.642578
62.342, 60, 10945.087891
62.342, 60, 10945.533203
62.342, 60, 10945.977539
62.342, 60, 10946.422852
62.342, 60, 10946.868164
62.342, 60, 10947.312500
62.342, 60, 10947.757812
62.342, 60, 10948.203125
62.342, 60, 10948.648438
62.342, 60, 10949.092773
62.342, 60, 10949.538086
62.342, 60, 10949.983398
62.342, 60, 10950.427734
62.342, 60, 10950.873047
62.342, 60, 10951.318359
62.342, 60, 10951.762695
62.342, 60, 10952.208008
62.342, 60, 10952.653320
62.342, 60, 10953.098633
62.342, 60, 10953.542969
62.342, 60, 10953.988281
62.342, 60, 10954.433594
62.531, 60, 10954.877930
62.531, 60, 10955.323242
62.531, 60, 10955.768555
62.531, 60, 10956.213867
62.531, 60, 10956.658203
62.531, 60, 10957.103516
62.531, 60, 10957.548828
62.531, 60, 10957.993164
62.531, 60, 10958.438477
62.531, 60, 10958.883789
62.531, 60, 10959.329102
62.531, 60, 10959.773438
62.531, 60, 10960.218750
62.531, 60, 10960.664062
62.531, 60, 10961.108398
62.531, 60, 10961.553711
62.531, 60, 10961.999023
62.531, 60, 10962.444336
62.531, 60, 10962.888672
62.531, 60, 10963.333984
62.531, 60, 10963.779297
62.531, 60, 10964.223633
62.531, 60, 10964.668945
62.531, 60, 10965.114258
62.531, 60, 10965.559570
62.531, 60, 10966.003906
62.531, 60, 10966.449219
62.531, 60, 10966.894531
62.531, 60, 10967.338867
62.531, 60, 10967.784180
62.531, 60, 10968.229492
62.531, 60, 10968.674805
62.531, 60, 10969.119141
62.531, 60, 10969.564453
62.247, 60, 10970.009766
62.247, 60, 10970.454102
62.247, 60, 10970.899414
62.247, 60, 10971.344727
62.247, 60, 10971.790039
62.247, 60, 10972.234375
62.247, 60, 10972.679688
62.247, 60, 10973.125000
62.247, 60, 10973.569336
62.247, 60, 10974.014648
62.247, 60, 10974.459961
62.247, 60, 10974.904297
62.247, 60, 10975.349609
62.247, 60, 10975.794922
62.247, 60, 10976.240234
62.247, 60, 10976.684570
62.247, 60, 10977.129883
62.247, 60, 10977.575195
62.247, 60, 10978.019531
62.247, 60, 10978.464844
62.247, 60, 10978.910156
62.247, 60, 10979.355469
62.247, 60, 10979.799805
62.247, 60, 10980.245117
62.247, 60, 10980.690430
62.247, 60, 10981.134766
62.247, 60, 10981.580078
62.247, 60, 10982.025391
62.247, 60, 10982.470703
62.247, 60, 10982.915039
62.247, 60, 10983.360352
62.247, 60, 10983.805664
62.247, 60, 10984.250000
62.247, 60, 10984.695312
62.247, 60, 10985.140625
62.151, 60, 10985.585938
62.151, 60, 10986.030273
62.151, 60, 10986.475586
62.151, 60, 10986.920898
62.151, 60, 10987.365234
62.151, 60, 10987.810547
62.151, 60, 10988.255859
62.151, 60, 10988.701172
62.151, 60, 10989.145508
62.151, 60, 10989.590820
62.151, 60, 10990.036133
62.151, 60, 10990.480469
62.151, 60, 10990.925781
62.151, 60, 10991.371094
62.151, 60, 10991.816406
62.151, 60, 10992.260742
62.151, 60, 10992.706055
62.151, 60, 10993.151367
62.151, 60, 10993.595703
62.151, 60, 10994.041016
62.151, 60, 10994.486328
62.151, 60, 10994.931641
62.151, 60, 10995.375977
62.151, 60, 10995.821289
62.151, 60, 10996.266602
62.151, 60, 10996.710938
62.151, 60, 10997.156250
62.151, 60, 10997.601562
62.151, 60, 10998.045898
62.151, 60, 10998.491211
62.151, 60, 10998.936523
62.151, 60, 10999.381836
62.151, 60, 10999.826172
62.151, 60, 11000.271484
62.056, 60, 11000.716797
62.056, 60, 11001.161133
62.056, 60, 11001.606445
62.056, 60, 11002.051758
62.056, 60, 11002.497070
62.056, 60, 11002.941406
62.056, 60, 11003.386719
62.056, 60, 11003.832031
62.056, 60, 11004.276367
62.056, 60, 11004.721680
62.056, 60, 11005.166992
62.056, 60, 11005.612305
62.056, 60, 11006.056641
62.056, 60, 11006.501953
62.056, 60, 11006.947266
62.056, 60, 11007.391602
62.056, 60, 11007.836914
62.056, 60, 11008.282227
62.056, 60, 11008.727539
62.056, 60, 11009.171875
62.056, 60, 11009.617188
62.056, 60, 11010.062500
62.056, 60, 11010.506836
62.056, 60, 11010.952148
62.056, 60, 11011.397461
62.056, 60, 11011.842773
62.056, 60, 11012.287109
62.056, 60, 11012.732422
62.056, 60, 11013.177734
62.056, 60, 11013.622070
62.056, 60, 11014.067383
62.056, 60, 11014.512695
62.056, 60, 11014.958008
62.056, 60, 11015.402344
61.961, 60, 11015.847656
61.961, 60, 11016.292969
61.961, 60, 11016.737305
61.961, 60, 11017.182617
61.961, 60, 11017.627930
61.961, 60, 11018.073242
61.961, 60, 11018.517578
61.961, 60, 11018.962891
61.961, 60, 11019.408203
61.961, 60, 11019.852539
61.961, 60, 11020.297852
61.961, 60, 11020.743164
61.961, 60, 11021.187500
61.961, 60, 11021.632812
61.961, 60, 11022.078125
61.961, 60, 11022.523438
61.961, 60, 11022.967773
61.961, 60, 11023.413086
61.961, 60, 11023.858398
61.961, 60, 11024.302734
61.961, 60, 11024.748047
61.961, 60, 11025.193359
61.961, 60, 11025.638672
61.961, 60, 11026.083008
61.961, 60, 11026.528320
61.961, 60, 11026.973633
61.961, 60, 11027.417969
61.961, 60, 11027.863281
61.961, 60, 11028.308594
61.961, 60, 11028.753906
61.961, 60, 11029.198242
61.961, 60, 11029.643555
61.961, 60, 11030.088867
61.961, 60, 11030.533203
61.961, 60, 11030.978516
61.961, 60, 11031.423828
61.961, 60, 11031.869141
61.961, 60, 11032.313477
61.961, 60, 11032.758789
61.961, 60, 11033.204102
61.961, 60, 11033.648438
61.961, 60, 11034.093750
61.961, 60, 11034.539062
61.961, 60, 11034.984375
61.961, 60, 11035.428711
61.961, 60, 11035.874023
61.961, 60, 11036.319336
61.961, 60, 11036.763672
61.961, 60, 11037.208984
61.961, 60, 11037.654297
61.961, 60, 11038.099609
61.961, 60, 11038.543945
61.961, 60, 11038.989258
61.961, 60, 11039.434570
61.961, 60, 11039.878906
61.961, 60, 11040.324219
61.961, 60, 11040.769531
61.961, 60, 11041.214844
61.961, 60, 11041.659180
61.961, 60, 11042.104492
61.961, 60, 11042.549805
61.961, 60, 11042.994141
61.961, 60, 11043.439453
61.961, 60, 11043.884766
61.961, 60, 11044.329102
61.961, 60, 11044.774414
61.961, 60, 11045.219727
61.961, 60, 11045.665039
61.961, 60, 11046.109375
62.056, 60, 11046.554688
62.056, 60, 11047.000000
62.056, 60, 11047.444336
62.056, 60, 11047.889648
62.056, 60, 11048.334961
62.056, 60, 11048.780273
62.056, 60, 11049.224609
62.056, 60, 11049.669922
62.056, 60, 11050.115234
62.056, 60, 11050.559570
62.056, 60, 11051.004883
62.056, 60, 11051.450195
62.056, 60, 11051.895508
62.056, 60, 11052.339844
62.056, 60, 11052.785156
62.056, 60, 11053.230469
62.056, 60, 11053.674805
62.056, 60, 11054.120117
62.056, 60, 11054.565430
62.056, 60, 11055.010742
62.056, 60, 11055.455078
62.056, 60, 11055.900391
62.056, 60, 11056.345703
62.056, 60, 11056.790039
62.056, 60, 11057.235352
62.056, 60, 11057.680664
62.056, 60, 11058.125977
62.056, 60, 11058.570312
62.056, 60, 11059.015625
62.056, 60, 11059.460938
62.056, 60, 11059.905273
62.056, 60, 11060.350586
62.056, 60, 11060.795898
62.056, 60, 11061.241211
62.056, 60, 11061.685547
61.979, 60, 11062.130859
61.979, 60, 11062.576172
61.979, 60, 11063.020508
61.979, 60, 11063.465820
61.979, 60, 11063.911133
61.979, 60, 11064.356445
61.979, 60, 11064.800781
61.979, 60, 11065.246094
61.979, 60, 11065.691406
61.979, 60, 11066.135742
61.979, 60, 11066.581055
61.979, 60, 11067.026367
61.979, 60, 11067.470703
61.979, 60, 11067.916016
61.979, 60, 11068.361328
61.979, 60, 11068.806641
61.979, 60, 11069.250977
61.979, 60, 11069.696289
61.979, 60, 11070.141602
61.979, 60, 11070.585938
61.979, 60, 11071.031250
61.979, 60, 11071.476562
61.979, 60, 11071.921875
61.979, 60, 11072.366211
61.979, 60, 11072.811523
61.979, 60, 11073.256836
61.979, 60, 11073.701172
61.979, 60, 11074.146484
61.979, 60, 11074.591797
61.979, 60, 11075.037109
61.979, 60, 11075.481445
61.979, 60, 11075.926758
61.979, 60, 11076.372070
61.979, 60, 11076.816406
61.961, 60, 11077.261719
61.961, 60, 11077.707031
61.961, 60, 11078.152344
61.961, 60, 11078.596680
61.961, 60, 11079.041992
61.961, 60, 11079.487305
61.961, 60, 11079.931641
61.961, 60, 11080.376953
61.961, 60, 11080.822266
61.961, 60, 11081.267578
61.961, 60, 11081.711914
61.961, 60, 11082.157227
61.961, 60, 11082.602539
61.961, 60, 11083.046875
61.961, 60, 11083.492188
61.961, 60, 11083.937500
61.961, 60, 11084.382812
61.961, 60, 11084.827148
61.961, 60, 11085.272461
61.961, 60, 11085.717773
61.961, 60, 11086.162109
61.961, 60, 11086.607422
61.961, 60, 11087.052734
61.961, 60, 11087.498047
61.961, 60, 11087.942383
61.961, 60, 11088.387695
61.961, 60, 11088.833008
61.961, 60, 11089.277344
61.961, 60, 11089.722656
61.961, 60, 11090.167969
61.961, 60, 11090.612305
61.961, 60, 11091.057617
61.961, 60, 11091.502930
61.961, 60, 11091.948242
61.961, 60, 11092.392578
61.961, 60, 11092.837891
61.961, 60, 11093.283203
61.961, 60, 11093.727539
61.961, 60, 11094.172852
61.961, 60, 11094.618164
61.961, 60, 11095.063477
61.961, 60, 11095.507812
61.961, 60, 11095.953125
61.961, 60, 11096.398438
61.961, 60, 11096.842773
61.961, 60, 11097.288086
61.961, 60, 11097.733398
61.961, 60, 11098.178711
61.961, 60, 11098.623047
61.961, 60, 11099.068359
61.961, 60, 11099.513672
61.961, 60, 11099.958008
61.961, 60, 11100.403320
61.961, 60, 11100.848633
61.961, 60, 11101.293945
61.961, 60, 11101.738281
61.961, 60, 11102.183594
61.961, 60, 11102.628906
61.961, 60, 11103.073242
61.961, 60, 11103.518555
61.961, 60, 11103.963867
61.961, 60, 11104.409180
61.961, 60, 11104.853516
61.961, 60, 11105.298828
61.961, 60, 11105.744141
61.961, 60, 11106.188477
61.961, 60, 11106.633789
61.961, 60, 11107.079102
61.961, 60, 11107.524414
61.979, 60, 11107.968750
61.979, 60, 11108.414062
61.979, 60, 11108.859375
61.979, 60, 11109.303711
61.979, 60, 11109.749023
61.979, 60, 11110.194336
61.979, 60, 11110.639648
61.979, 60, 11111.083984
61.979, 60, 11111.529297
61.979, 60, 11111.974609
61.979, 60, 11112.418945
61.979, 60, 11112.864258
61.979, 60, 11113.309570
61.979, 60, 11113.753906
61.979, 60, 11114.199219
61.979, 60, 11114.644531
61.979, 60, 11115.089844
61.979, 60, 11115.534180
61.979, 60, 11115.979492
61.979, 60, 11116.424805
61.979, 60, 11116.869141
61.979, 60, 11117.314453
61.979, 60, 11117.759766
61.979, 60, 11118.205078
61.979, 60, 11118.649414
61.979, 60, 11119.094727
61.979, 60, 11119.540039
61.979, 60, 11119.984375
61.979, 60, 11120.429688
61.979, 60, 11120.875000
61.979, 60, 11121.320312
61.979, 60, 11121.764648
61.979, 60, 11122.209961
61.979, 60, 11122.655273
61.979, 60, 11123.099609
62.151, 60, 11123.544922
62.151, 60, 11123.990234
62.151, 60, 11124.435547
62.151, 60, 11124.879883
62.151, 60, 11125.325195
62.151, 60, 11125.770508
62.151, 60, 11126.214844
62.151, 60, 11126.660156
62.151, 60, 11127.105469
62.151, 60, 11127.550781
62.151, 60, 11127.995117
62.151, 60, 11128.440430
62.151, 60, 11128.885742
62.151, 60, 11129.330078
62.151, 60, 11129.775391
62.151, 60, 11130.220703
62.151, 60, 11130.666016
62.151, 60, 11131.110352
62.151, 60, 11131.555664
62.151, 60, 11132.000977
62.151, 60, 11132.445312
62.151, 60, 11132.890625
62.151, 60, 11133.335938
62.151, 60, 11133.781250
62.151, 60, 11134.225586
62.151, 60, 11134.670898
62.151, 60, 11135.116211
62.151, 60, 11135.560547
62.151, 60, 11136.005859
62.151, 60, 11136.451172
62.151, 60, 11136.895508
62.151, 60, 11137.340820
62.151, 60, 11137.786133
62.151, 60, 11138.231445
62.151, 60, 11138.675781
62.151, 60, 11139.121094
62.151, 60, 11139.566406
62.151, 60, 11140.010742
62.151, 60, 11140.456055
62.151, 60, 11140.901367
62.151, 60, 11141.346680
62.151, 60, 11141.791016
62.151, 60, 11142.236328
62.151, 60, 11142.681641
62.151, 60, 11143.125977
62.151, 60, 11143.571289
62.151, 60, 11144.016602
62.151, 60, 11144.461914
62.151, 60, 11144.906250
62.151, 60, 11145.351562
62.151, 60, 11145.796875
62.151, 60, 11146.241211
62.151, 60, 11146.686523
62.151, 60, 11147.131836
62.151, 60, 11147.577148
62.151, 60, 11148.021484
62.151, 60, 11148.466797
62.151, 60, 11148.912109
62.151, 60, 11149.356445
62.151, 60, 11149.801758
62.151, 60, 11150.247070
62.151, 60, 11150.692383
62.151, 60, 11151.136719
62.151, 60, 11151.582031
62.151, 60, 11152.027344
62.151, 60, 11152.471680
62.151, 60, 11152.916992
62.151, 60, 11153.362305
62.056, 60, 11153.807617
62.056, 60, 11154.251953
62.056, 60, 11154.697266
62.056, 60, 11155.142578
62.056, 60, 11155.586914
62.056, 60, 11156.032227
62.056, 60, 11156.477539
62.056, 60, 11156.922852
62.056, 60, 11157.367188
62.056, 60, 11157.812500
62.056, 60, 11158.257812
62.056, 60, 11158.702148
62.056, 60, 11159.147461
62.056, 60, 11159.592773
62.056, 60, 11160.037109
62.056, 60, 11160.482422
62.056, 60, 11160.927734
62.056, 60, 11161.373047
62.056, 60, 11161.817383
62.056, 60, 11162.262695
62.056, 60, 11162.708008
62.056, 60, 11163.152344
62.056, 60, 11163.597656
62.056, 60, 11164.042969
62.056, 60, 11164.488281
62.056, 60, 11164.932617
62.056, 60, 11165.377930
62.056, 60, 11165.823242
62.056, 60, 11166.267578
62.056, 60, 11166.712891
62.056, 60, 11167.158203
62.056, 60, 11167.603516
62.056, 60, 11168.047852
62.056, 60, 11168.493164
61.961, 60, 11168.938477
61.961, 60, 11169.382812
61.961, 60, 11169.828125
61.961, 60, 11170.273438
61.961, 60, 11170.718750
61.961, 60, 11171.163086
61.961, 60, 11171.608398
61.961, 60, 11172.053711
61.961, 60, 11172.498047
61.961, 60, 11172.943359
61.961, 60, 11173.388672
61.961, 60, 11173.833984
61.961, 60, 11174.278320
61.961, 60, 11174.723633
61.961, 60, 11175.168945
61.961, 60, 11175.613281
61.961, 60, 11176.058594
61.961, 60, 11176.503906
61.961, 60, 11176.949219
61.961, 60, 11177.393555
61.961, 60, 11177.838867
61.961, 60, 11178.284180
61.961, 60, 11178.728516
61.961, 60, 11179.173828
61.961, 60, 11179.619141
61.961, 60, 11180.064453
61.961, 60, 11180.508789
61.961, 60, 11180.954102
61.961, 60, 11181.399414
61.961, 60, 11181.843750
61.961, 60, 11182.289062
61.961, 60, 11182.734375
61.961, 60, 11183.178711
61.961, 60, 11183.624023
62.056, 60, 11184.069336
62.056, 60, 11184.514648
62.056, 60, 11184.958984
62.056, 60, 11185.404297
62.056, 60, 11185.849609
62.056, 60, 11186.293945
62.056, 60, 11186.739258
62.056, 60, 11187.184570
62.056, 60, 11187.629883
62.056, 60, 11188.074219
62.056, 60, 11188.519531
62.056, 60, 11188.964844
62.056, 60, 11189.409180
62.056, 60, 11189.854492
62.056, 60, 11190.299805
62.056, 60, 11190.745117
62.056, 60, 11191.189453
62.056, 60, 11191.634766
62.056, 60, 11192.080078
62.056, 60, 11192.524414
62.056, 60, 11192.969727
62.056, 60, 11193.415039
62.056, 60, 11193.860352
62.056, 60, 11194.304688
62.056, 60, 11194.750000
62.056, 60, 11195.195312
62.056, 60, 11195.639648
62.056, 60, 11196.084961
62.056, 60, 11196.530273
62.056, 60, 11196.975586
62.056, 60, 11197.419922
62.056, 60, 11197.865234
62.056, 60, 11198.310547
62.056, 60, 11198.754883
62.056, 60, 11199.200195
62.151, 60, 11199.645508
62.151, 60, 11200.090820
62.151, 60, 11200.535156
62.151, 60, 11200.980469
62.151, 60, 11201.425781
62.151, 60, 11201.870117
62.151, 60, 11202.315430
62.151, 60, 11202.760742
62.151, 60, 11203.206055
62.151, 60, 11203.650391
62.151, 60, 11204.095703
62.151, 60, 11204.541016
62.151, 60, 11204.985352
62.151, 60, 11205.430664
62.151, 60, 11205.875977
62.151, 60, 11206.320312
62.151, 60, 11206.765625
62.151, 60, 11207.210938
62.151, 60, 11207.656250
62.151, 60, 11208.100586
62.151, 60, 11208.545898
62.151, 60, 11208.991211
62.151, 60, 11209.435547
62.151, 60, 11209.880859
62.151, 60, 11210.326172
62.151, 60, 11210.771484
62.151, 60, 11211.215820
62.151, 60, 11211.661133
62.151, 60, 11212.106445
62.151, 60, 11212.550781
62.151, 60, 11212.996094
62.151, 60, 11213.441406
62.151, 60, 11213.886719
62.151, 60, 11214.331055
62.151, 60, 11214.776367
62.151, 60, 11215.221680
62.151, 60, 11215.666016
62.151, 60, 11216.111328
62.151, 60, 11216.556641
62.151, 60, 11217.001953
62.151, 60, 11217.446289
62.151, 60, 11217.891602
62.151, 60, 11218.336914
62.151, 60, 11218.781250
62.151, 60, 11219.226562
62.151, 60, 11219.671875
62.151, 60, 11220.117188
62.151, 60, 11220.561523
62.151, 60, 11221.006836
62.151, 60, 11221.452148
62.151, 60, 11221.896484
62.151, 60, 11222.341797
62.151, 60, 11222.787109
62.151, 60, 11223.232422
62.151, 60, 11223.676758
62.151, 60, 11224.122070
62.151, 60, 11224.567383
62.151, 60, 11225.011719
62.151, 60, 11225.457031
62.151, 60, 11225.902344
62.151, 60, 11226.347656
62.151, 60, 11226.791992
62.151, 60, 11227.237305
62.151, 60, 11227.682617
62.151, 60, 11228.126953
62.151, 60, 11228.572266
62.151, 60, 11229.017578
62.151, 60, 11229.461914
62.151, 60, 11229.907227
62.151, 60, 11230.352539
62.151, 60, 11230.797852
62.151, 60, 11231.242188
62.151, 60, 11231.687500
62.151, 60, 11232.132812
62.151, 60, 11232.577148
62.151, 60, 11233.022461
62.151, 60, 11233.467773
62.151, 60, 11233.913086
62.151, 60, 11234.357422
62.151, 60, 11234.802734
62.151, 60, 11235.248047
62.151, 60, 11235.692383
62.151, 60, 11236.137695
62.151, 60, 11236.583008
62.151, 60, 11237.028320
62.151, 60, 11237.472656
62.151, 60, 11237.917969
62.151, 60, 11238.363281
62.151, 60, 11238.807617
62.151, 60, 11239.252930
62.151, 60, 11239.698242
62.151, 60, 11240.143555
62.151, 60, 11240.587891
62.151, 60, 11241.033203
62.151, 60, 11241.478516
62.151, 60, 11241.922852
62.151, 60, 11242.368164
62.151, 60, 11242.813477
62.151, 60, 11243.258789
62.151, 60, 11243.703125
62.151, 60, 11244.148438
62.151, 60, 11244.593750
62.151, 60, 11245.038086
62.151, 60, 11245.483398
62.151, 60, 11245.928711
62.151, 60, 11246.374023
62.151, 60, 11246.818359
62.151, 60, 11247.263672
62.151, 60, 11247.708984
62.151, 60, 11248.153320
62.151, 60, 11248.598633
62.151, 60, 11249.043945
62.151, 60, 11249.489258
62.151, 60, 11249.933594
62.151, 60, 11250.378906
62.151, 60, 11250.824219
62.151, 60, 11251.268555
62.151, 60, 11251.713867
62.151, 60, 11252.159180
62.151, 60, 11252.603516
62.151, 60, 11253.048828
62.151, 60, 11253.494141
62.151, 60, 11253.939453
62.151, 60, 11254.383789
62.151, 60, 11254.829102
62.151, 60, 11255.274414
62.151, 60, 11255.718750
62.151, 60, 11256.164062
62.151, 60, 11256.609375
62.151, 60, 11257.054688
62.151, 60, 11257.499023
62.151, 60, 11257.944336
62.151, 60, 11258.389648
62.151, 60, 11258.833984
62.151, 60, 11259.279297
62.151, 60, 11259.724609
62.151, 60, 11260.169922
62.151, 60, 11260.614258
62.151, 60, 11261.059570
62.151, 60, 11261.504883
62.151, 60, 11261.949219
62.151, 60, 11262.394531
62.151, 60, 11262.839844
62.151, 60, 11263.285156
62.151, 60, 11263.729492
62.151, 60, 11264.174805
62.151, 60, 11264.620117
62.151, 60, 11265.064453
62.151, 60, 11265.509766
62.151, 60, 11265.955078
62.151, 60, 11266.400391
62.151, 60, 11266.844727
62.151, 60, 11267.290039
62.151, 60, 11267.735352
62.151, 60, 11268.179688
62.151, 60, 11268.625000
62.151, 60, 11269.070312
62.151, 60, 11269.515625
62.151, 60, 11269.959961
62.151, 60, 11270.405273
62.151, 60, 11270.850586
62.151, 60, 11271.294922
62.151, 60, 11271.740234
62.151, 60, 11272.185547
62.151, 60, 11272.630859
62.151, 60, 11273.075195
62.151, 60, 11273.520508
62.151, 60, 11273.965820
62.151, 60, 11274.410156
62.151, 60, 11274.855469
62.151, 60, 11275.300781
62.151, 60, 11275.745117
62.151, 60, 11276.190430
62.151, 60, 11276.635742
62.151, 60, 11277.081055
62.247, 60, 11277.525391
62.247, 60, 11277.970703
62.247, 60, 11278.416016
62.247, 60, 11278.860352
62.247, 60, 11279.305664
62.247, 60, 11279.750977
62.247, 60, 11280.196289
62.247, 60, 11280.640625
62.247, 60, 11281.085938
62.247, 60, 11281.531250
62.247, 60, 11281.975586
62.247, 60, 11282.420898
62.247, 60, 11282.866211
62.247, 60, 11283.311523
62.247, 60, 11283.755859
62.247, 60, 11284.201172
62.247, 60, 11284.646484
62.247, 60, 11285.090820
62.247, 60, 11285.536133
62.247, 60, 11285.981445
62.247, 60, 11286.426758
62.247, 60, 11286.871094
62.247, 60, 11287.316406
62.247, 60, 11287.761719
62.247, 60, 11288.206055
62.247, 60, 11288.651367
62.247, 60, 11289.096680
62.247, 60, 11289.541992
62.247, 60, 11289.986328
62.247, 60, 11290.431641
62.247, 60, 11290.876953
62.247, 60, 11291.321289
62.247, 60, 11291.766602
62.247, 60, 11292.211914
62.247, 60, 11292.657227
62.247, 60, 11293.101562
62.247, 60, 11293.546875
62.247, 60, 11293.992188
62.247, 60, 11294.436523
62.247, 60, 11294.881836
62.247, 60, 11295.327148
62.247, 60, 11295.772461
62.247, 60, 11296.216797
62.247, 60, 11296.662109
62.247, 60, 11297.107422
62.247, 60, 11297.551758
62.247, 60, 11297.997070
62.247, 60, 11298.442383
62.247, 60, 11298.886719
62.247, 60, 11299.332031
62.247, 60, 11299.777344
62.247, 60, 11300.222656
62.247, 60, 11300.666992
62.247, 60, 11301.112305
62.247, 60, 11301.557617
62.247, 60, 11302.001953
62.247, 60, 11302.447266
62.247, 60, 11302.892578
62.247, 60, 11303.337891
62.247, 60, 11303.782227
62.247, 60, 11304.227539
62.247, 60, 11304.672852
62.247, 60, 11305.117188
62.247, 60, 11305.562500
62.247, 60, 11306.007812
62.247, 60, 11306.453125
62.247, 60, 11306.897461
62.247, 60, 11307.342773
62.247, 60, 11307.788086
62.247, 60, 11308.232422
62.247, 60, 11308.677734
62.247, 60, 11309.123047
62.247, 60, 11309.568359
62.247, 60, 11310.012695
62.247, 60, 11310.458008
62.247, 60, 11310.903320
62.247, 60, 11311.347656
62.247, 60, 11311.792969
62.247, 60, 11312.238281
62.247, 60, 11312.683594
62.247, 60, 11313.127930
62.247, 60, 11313.573242
62.247, 60, 11314.018555
62.247, 60, 11314.462891
62.247, 60, 11314.908203
62.247, 60, 11315.353516
62.247, 60, 11315.798828
62.247, 60, 11316.243164
62.247, 60, 11316.688477
62.247, 60, 11317.133789
62.247, 60, 11317.578125
62.247, 60, 11318.023438
62.247, 60, 11318.468750
62.247, 60, 11318.914062
62.247, 60, 11319.358398
62.247, 60, 11319.803711
62.247, 60, 11320.249023
62.247, 60, 11320.693359
62.247, 60, 11321.138672
62.247, 60, 11321.583984
62.247, 60, 11322.028320
62.247, 60, 11322.473633
62.247, 60, 11322.918945
62.247, 60, 11323.364258
62.247, 60, 11323.808594
62.151, 60, 11324.253906
62.151, 60, 11324.699219
62.151, 60, 11325.143555
62.151, 60, 11325.588867
62.151, 60, 11326.034180
62.151, 60, 11326.479492
62.151, 60, 11326.923828
62.151, 60, 11327.369141
62.151, 60, 11327.814453
62.151, 60, 11328.258789
62.151, 60, 11328.704102
62.151, 60, 11329.149414
62.151, 60, 11329.594727
62.151, 60, 11330.039062
62.151, 60, 11330.484375
62.151, 60, 11330.929688
62.151, 60, 11331.374023
62.151, 60, 11331.819336
62.151, 60, 11332.264648
62.151, 60, 11332.709961
62.151, 60, 11333.154297
62.151, 60, 11333.599609
62.151, 60, 11334.044922
62.151, 60, 11334.489258
62.151, 60, 11334.934570
62.151, 60, 11335.379883
62.151, 60, 11335.825195
62.151, 60, 11336.269531
62.151, 60, 11336.714844
62.151, 60, 11337.160156
62.151, 60, 11337.604492
62.151, 60, 11338.049805
62.151, 60, 11338.495117
62.151, 60, 11338.940430
62.151, 60, 11339.384766
62.151, 60, 11339.830078
62.151, 60, 11340.275391
62.151, 60, 11340.719727
62.151, 60, 11341.165039
62.151, 60, 11341.610352
62.151, 60, 11342.055664
62.151, 60, 11342.500000
62.151, 60, 11342.945312
62.151, 60, 11343.390625
62.151, 60, 11343.834961
62.151, 60, 11344.280273
62.151, 60, 11344.725586
62.151, 60, 11345.169922
62.151, 60, 11345.615234
62.151, 60, 11346.060547
62.151, 60, 11346.505859
62.151, 60, 11346.950195
62.151, 60, 11347.395508
62.151, 60, 11347.840820
62.151, 60, 11348.285156
62.151, 60, 11348.730469
62.151, 60, 11349.175781
62.151, 60, 11349.621094
62.151, 60, 11350.065430
62.151, 60, 11350.510742
62.151, 60, 11350.956055
62.151, 60, 11351.400391
62.151, 60, 11351.845703
62.151, 60, 11352.291016
62.151, 60, 11352.736328
62.151, 60, 11353.180664
62.151, 60, 11353.625977
62.151, 60, 11354.071289
62.151, 60, 11354.515625
62.151, 60, 11354.960938
62.151, 60, 11355.406250
62.151, 60, 11355.851562
62.151, 60, 11356.295898
62.151, 60, 11356.741211
62.151, 60, 11357.186523
62.151, 60, 11357.630859
62.151, 60, 11358.076172
62.151, 60, 11358.521484
62.151, 60, 11358.966797
62.151, 60, 11359.411133
62.151, 60, 11359.856445
62.151, 60, 11360.301758
62.151, 60, 11360.746094
62.151, 60, 11361.191406
62.151, 60, 11361.636719
62.151, 60, 11362.082031
62.151, 60, 11362.526367
62.151, 60, 11362.971680
62.151, 60, 11363.416992
62.151, 60, 11363.861328
62.151, 60, 11364.306641
62.151, 60, 11364.751953
62.151, 60, 11365.197266
62.151, 60, 11365.641602
62.151, 60, 11366.086914
62.151, 60, 11366.532227
62.151, 60, 11366.976562
62.151, 60, 11367.421875
62.151, 60, 11367.867188
62.151, 60, 11368.311523
62.151, 60, 11368.756836
62.151, 60, 11369.202148
62.151, 60, 11369.647461
62.151, 60, 11370.091797
62.151, 60, 11370.537109
62.151, 60, 11370.982422
62.151, 60, 11371.426758
62.151, 60, 11371.872070
62.151, 60, 11372.317383
62.151, 60, 11372.762695
62.151, 60, 11373.207031
62.151, 60, 11373.652344
62.151, 60, 11374.097656
62.151, 60, 11374.541992
62.151, 60, 11374.987305
62.151, 60, 11375.432617
62.151, 60, 11375.877930
62.151, 60, 11376.322266
62.151, 60, 11376.767578
62.151, 60, 11377.212891
62.151, 60, 11377.657227
62.151, 60, 11378.102539
62.151, 60, 11378.547852
62.151, 60, 11378.993164
62.151, 60, 11379.437500
62.151, 60, 11379.882812
62.151, 60, 11380.328125
62.151, 60, 11380.772461
62.151, 60, 11381.217773
62.151, 60, 11381.663086
62.151, 60, 11382.108398
62.151, 60, 11382.552734
62.151, 60, 11382.998047
62.151, 60, 11383.443359
62.151, 60, 11383.887695
62.151, 60, 11384.333008
62.151, 60, 11384.778320
62.151, 60, 11385.223633
62.151, 60, 11385.667969
62.151, 60, 11386.113281
62.151, 60, 11386.558594
62.151, 60, 11387.002930
62.151, 60, 11387.448242
62.151, 60, 11387.893555
62.151, 60, 11388.338867
62.151, 60, 11388.783203
62.151, 60, 11389.228516
62.151, 60, 11389.673828
62.151, 60, 11390.118164
62.151, 60, 11390.563477
62.151, 60, 11391.008789
62.151, 60, 11391.453125
62.151, 60, 11391.898438
62.151, 60, 11392.343750
62.151, 60, 11392.789062
62.151, 60, 11393.233398
62.151, 60, 11393.678711
62.151, 60, 11394.124023
62.151, 60, 11394.568359
62.151, 60, 11395.013672
62.151, 60, 11395.458984
62.151, 60, 11395.904297
62.151, 60, 11396.348633
62.151, 60, 11396.793945
62.151, 60, 11397.239258
62.151, 60, 11397.683594
62.151, 60, 11398.128906
62.151, 60, 11398.574219
62.151, 60, 11399.019531
62.151, 60, 11399.463867
62.151, 60, 11399.909180
62.151, 60, 11400.354492
62.151, 60, 11400.798828
62.151, 60, 11401.244141
62.151, 60, 11401.689453
62.151, 60, 11402.134766
62.151, 60, 11402.579102
62.151, 60, 11403.024414
62.151, 60, 11403.469727
62.151, 60, 11403.914062
62.151, 60, 11404.359375
62.151, 60, 11404.804688
62.151, 60, 11405.250000
62.151, 60, 11405.694336
62.151, 60, 11406.139648
62.151, 60, 11406.584961
62.151, 60, 11407.029297
62.151, 60, 11407.474609
62.151, 60, 11407.919922
62.151, 60, 11408.365234
62.151, 60, 11408.809570
62.151, 60, 11409.254883
62.151, 60, 11409.700195
62.151, 60, 11410.144531
62.151, 60, 11410.589844
62.151, 60, 11411.035156
62.151, 60, 11411.480469
62.151, 60, 11411.924805
62.151, 60, 11412.370117
62.151, 60, 11412.815430
62.151, 60, 11413.259766
62.151, 60, 11413.705078
62.151, 60, 11414.150391
62.151, 60, 11414.594727
62.151, 60, 11415.040039
62.151, 60, 11415.485352
62.151, 60, 11415.930664
62.151, 60, 11416.375000
62.151, 60, 11416.820312
62.151, 60, 11417.265625
62.151, 60, 11417.709961
62.151, 60, 11418.155273
62.151, 60, 11418.600586
62.151, 60, 11419.045898
62.151, 60, 11419.490234
62.151, 60, 11419.935547
62.151, 60, 11420.380859
62.151, 60, 11420.825195
62.151, 60, 11421.270508
62.151, 60, 11421.715820
62.151, 60, 11422.161133
62.151, 60, 11422.605469
62.151, 60, 11423.050781
62.151, 60, 11423.496094
62.151, 60, 11423.940430
62.151, 60, 11424.385742
62.151, 60, 11424.831055
62.151, 60, 11425.276367
62.151, 60, 11425.720703
62.151, 60, 11426.166016
62.151, 60, 11426.611328
62.151, 60, 11427.055664
62.151, 60, 11427.500977
62.151, 60, 11427.946289
62.151, 60, 11428.391602
62.151, 60, 11428.835938
62.151, 60, 11429.281250
62.151, 60, 11429.726562
62.151, 60, 11430.170898
62.151, 60, 11430.616211
62.151, 60, 11431.061523
62.151, 60, 11431.506836
62.151, 60, 11431.951172
62.151, 60, 11432.396484
62.151, 60, 11432.841797
62.151, 60, 11433.286133
62.151, 60, 11433.731445
62.151, 60, 11434.176758
62.151, 60, 11434.622070
62.151, 60, 11435.066406
62.151, 60, 11435.511719
62.151, 60, 11435.957031
62.151, 60, 11436.401367
62.151, 60, 11436.846680
62.151, 60, 11437.291992
62.151, 60, 11437.736328
62.151, 60, 11438.181641
62.151, 60, 11438.626953
62.151, 60, 11439.072266
62.151, 60, 11439.516602
62.151, 60, 11439.961914
62.151, 60, 11440.407227
62.151, 60, 11440.851562
62.151, 60, 11441.296875
62.151, 60, 11441.742188
62.151, 60, 11442.187500
62.151, 60, 11442.631836
62.151, 60, 11443.077148
62.151, 60, 11443.522461
62.151, 60, 11443.966797
62.151, 60, 11444.412109
62.151, 60, 11444.857422
62.151, 60, 11445.302734
62.151, 60, 11445.747070
62.151, 60, 11446.192383
62.247, 60, 11446.637695
62.247, 60, 11447.082031
62.247, 60, 11447.527344
62.247, 60, 11447.972656
62.247, 60, 11448.417969
62.247, 60, 11448.862305
62.247, 60, 11449.307617
62.247, 60, 11449.752930
62.247, 60, 11450.197266
62.247, 60, 11450.642578
62.247, 60, 11451.087891
62.247, 60, 11451.533203
62.247, 60, 11451.977539
62.247, 60, 11452.422852
62.247, 60, 11452.868164
62.247, 60, 11453.312500
62.247, 60, 11453.757812
62.247, 60, 11454.203125
62.247, 60, 11454.648438
62.247, 60, 11455.092773
62.247, 60, 11455.538086
62.247, 60, 11455.983398
62.247, 60, 11456.427734
62.247, 60, 11456.873047
62.247, 60, 11457.318359
62.247, 60, 11457.763672
62.247, 60, 11458.208008
62.247, 60, 11458.653320
62.247, 60, 11459.098633
62.247, 60, 11459.542969
62.247, 60, 11459.988281
62.247, 60, 11460.433594
62.247, 60, 11460.877930
62.247, 60, 11461.323242
62.247, 60, 11461.768555
62.247, 60, 11462.213867
62.247, 60, 11462.658203
62.247, 60, 11463.103516
62.247, 60, 11463.548828
62.247, 60, 11463.993164
62.247, 60, 11464.438477
62.247, 60, 11464.883789
62.247, 60, 11465.329102
62.247, 60, 11465.773438
62.247, 60, 11466.218750
62.247, 60, 11466.664062
62.247, 60, 11467.108398
62.247, 60, 11467.553711
62.247, 60, 11467.999023
62.247, 60, 11468.444336
62.247, 60, 11468.888672
62.247, 60, 11469.333984
62.247, 60, 11469.779297
62.247, 60, 11470.223633
62.247, 60, 11470.668945
62.247, 60, 11471.114258
62.247, 60, 11471.559570
62.247, 60, 11472.003906
62.247, 60, 11472.449219
62.247, 60, 11472.894531
62.247, 60, 11473.338867
62.247, 60, 11473.784180
62.247, 60, 11474.229492
62.247, 60, 11474.674805
62.247, 60, 11475.119141
62.247, 60, 11475.564453
62.247, 60, 11476.009766
62.247, 60, 11476.454102
62.247, 60, 11476.899414
62.247, 60, 11477.344727
62.247, 60, 11477.790039
62.247, 60, 11478.234375
62.247, 60, 11478.679688
62.247, 60, 11479.125000
62.247, 60, 11479.569336
62.247, 60, 11480.014648
62.247, 60, 11480.459961
62.247, 60, 11480.905273
62.247, 60, 11481.349609
62.247, 60, 11481.794922
62.247, 60, 11482.240234
62.247, 60, 11482.684570
62.247, 60, 11483.129883
62.247, 60, 11483.575195
62.247, 60, 11484.019531
62.247, 60, 11484.464844
62.247, 60, 11484.910156
62.247, 60, 11485.355469
62.247, 60, 11485.799805
62.247, 60, 11486.245117
62.247, 60, 11486.690430
62.247, 60, 11487.134766
62.247, 60, 11487.580078
62.247, 60, 11488.025391
62.247, 60, 11488.470703
62.247, 60, 11488.915039
62.247, 60, 11489.360352
62.247, 60, 11489.805664
62.247, 60, 11490.250000
62.247, 60, 11490.695312
62.247, 60, 11491.140625
62.247, 60, 11491.585938
62.247, 60, 11492.030273
62.247, 60, 11492.475586
62.247, 60, 11492.920898
62.247, 60, 11493.365234
62.247, 60, 11493.810547
62.247, 60, 11494.255859
62.247, 60, 11494.701172
62.247, 60, 11495.145508
62.247, 60, 11495.590820
62.247, 60, 11496.036133
62.247, 60, 11496.480469
62.247, 60, 11496.925781
62.247, 60, 11497.371094
62.247, 60, 11497.816406
62.247, 60, 11498.260742
62.247, 60, 11498.706055
62.247, 60, 11499.151367
62.247, 60, 11499.595703
62.247, 60, 11500.041016
62.247, 60, 11500.486328
62.247, 60, 11500.931641
62.247, 60, 11501.375977
62.247, 60, 11501.821289
62.247, 60, 11502.266602
62.247, 60, 11502.710938
62.247, 60, 11503.156250
62.247, 60, 11503.601562
62.247, 60, 11504.046875
62.247, 60, 11504.491211
62.247, 60, 11504.936523
62.247, 60, 11505.381836
62.247, 60, 11505.826172
62.247, 60, 11506.271484
62.247, 60, 11506.716797
62.247, 60, 11507.161133
62.247, 60, 11507.606445
62.247, 60, 11508.051758
62.247, 60, 11508.497070
62.247, 60, 11508.941406
62.247, 60, 11509.386719
62.247, 60, 11509.832031
62.247, 60, 11510.276367
62.247, 60, 11510.721680
62.247, 60, 11511.166992
62.247, 60, 11511.612305
62.247, 60, 11512.056641
62.247, 60, 11512.501953
62.247, 60, 11512.947266
62.247, 60, 11513.391602
62.247, 60, 11513.836914
62.247, 60, 11514.282227
62.247, 60, 11514.727539
62.247, 60, 11515.171875
62.247, 60, 11515.617188
62.247, 60, 11516.062500
62.247, 60, 11516.506836
62.247, 60, 11516.952148
62.247, 60, 11517.397461
62.247, 60, 11517.842773
62.247, 60, 11518.287109
62.247, 60, 11518.732422
62.247, 60, 11519.177734
62.247, 60, 11519.622070
62.247, 60, 11520.067383
62.247, 60, 11520.512695
62.247, 60, 11520.958008
62.247, 60, 11521.402344
62.247, 60, 11521.847656
62.247, 60, 11522.292969
62.247, 60, 11522.737305
62.247, 60, 11523.182617
62.247, 60, 11523.627930
62.247, 60, 11524.073242
62.247, 60, 11524.517578
62.247, 60, 11524.962891
62.247, 60, 11525.408203
62.247, 60, 11525.852539
62.247, 60, 11526.297852
62.247, 60, 11526.743164
62.247, 60, 11527.188477
62.247, 60, 11527.632812
62.247, 60, 11528.078125
62.247, 60, 11528.523438
62.247, 60, 11528.967773
62.247, 60, 11529.413086
62.247, 60, 11529.858398
62.247, 60, 11530.302734
62.247, 60, 11530.748047
62.247, 60, 11531.193359
62.247, 60, 11531.638672
62.247, 60, 11532.083008
62.247, 60, 11532.528320
62.247, 60, 11532.973633
62.247, 60, 11533.417969
62.247, 60, 11533.863281
62.247, 60, 11534.308594
62.247, 60, 11534.753906
62.247, 60, 11535.198242
62.247, 60, 11535.643555
62.247, 60, 11536.088867
62.247, 60, 11536.533203
62.247, 60, 11536.978516
62.247, 60, 11537.423828
62.247, 60, 11537.869141
62.247, 60, 11538.313477
62.342, 60, 11538.758789
62.342, 60, 11539.204102
62.342, 60, 11539.648438
62.342, 60, 11540.093750
62.342, 60, 11540.539062
62.342, 60, 11540.984375
62.342, 60, 11541.428711
62.342, 60, 11541.874023
62.342, 60, 11542.319336
62.342, 60, 11542.763672
62.342, 60, 11543.208984
62.342, 60, 11543.654297
62.342, 60, 11544.099609
62.342, 60, 11544.543945
62.342, 60, 11544.989258
62.342, 60, 11545.434570
62.342, 60, 11545.878906
62.342, 60, 11546.324219
62.342, 60, 11546.769531
62.342, 60, 11547.214844
62.342, 60, 11547.659180
62.342, 60, 11548.104492
62.342, 60, 11548.549805
62.342, 60, 11548.994141
62.342, 60, 11549.439453
62.342, 60, 11549.884766
62.342, 60, 11550.330078
62.342, 60, 11550.774414
62.342, 60, 11551.219727
62.342, 60, 11551.665039
62.342, 60, 11552.109375
62.342, 60, 11552.554688
62.342, 60, 11553.000000
62.342, 60, 11553.444336
62.342, 60, 11553.889648
62.342, 60, 11554.334961
62.342, 60, 11554.780273
62.342, 60, 11555.224609
62.342, 60, 11555.669922
62.342, 60, 11556.115234
62.342, 60, 11556.559570
62.342, 60, 11557.004883
62.342, 60, 11557.450195
62.342, 60, 11557.895508
62.342, 60, 11558.339844
62.342, 60, 11558.785156
62.342, 60, 11559.230469
62.342, 60, 11559.674805
62.342, 60, 11560.120117
62.342, 60, 11560.565430
62.342, 60, 11561.010742
62.342, 60, 11561.455078
62.342, 60, 11561.900391
62.342, 60, 11562.345703
62.342, 60, 11562.790039
62.342, 60, 11563.235352
62.342, 60, 11563.680664
62.342, 60, 11564.125977
62.342, 60, 11564.570312
62.342, 60, 11565.015625
62.342, 60, 11565.460938
62.342, 60, 11565.905273
62.342, 60, 11566.350586
62.342, 60, 11566.795898
62.342, 60, 11567.241211
62.342, 60, 11567.685547
62.342, 60, 11568.130859
62.342, 60, 11568.576172
62.342, 60, 11569.020508
62.342, 60, 11569.465820
62.342, 60, 11569.911133
62.342, 60, 11570.356445
62.342, 60, 11570.800781
62.342, 60, 11571.246094
62.342, 60, 11571.691406
62.342, 60, 11572.135742
62.342, 60, 11572.581055
62.342, 60, 11573.026367
62.342, 60, 11573.471680
62.342, 60, 11573.916016
62.342, 60, 11574.361328
62.342, 60, 11574.806641
62.342, 60, 11575.250977
62.342, 60, 11575.696289
62.342, 60, 11576.141602
62.342, 60, 11576.585938
62.342, 60, 11577.031250
62.342, 60, 11577.476562
62.342, 60, 11577.921875
62.342, 60, 11578.366211
62.342, 60, 11578.811523
62.342, 60, 11579.256836
62.342, 60, 11579.701172
62.342, 60, 11580.146484
62.342, 60, 11580.591797
62.342, 60, 11581.037109
62.342, 60, 11581.481445
62.342, 60, 11581.926758
62.342, 60, 11582.372070
62.342, 60, 11582.816406
62.342, 60, 11583.261719
62.342, 60, 11583.707031
62.342, 60, 11584.152344
62.342, 60, 11584.596680
62.342, 60, 11585.041992
62.342, 60, 11585.487305
62.342, 60, 11585.931641
62.342, 60, 11586.376953
62.342, 60, 11586.822266
62.342, 60, 11587.267578
62.342, 60, 11587.711914
62.342, 60, 11588.157227
62.342, 60, 11588.602539
62.342, 60, 11589.046875
62.342, 60, 11589.492188
62.342, 60, 11589.937500
62.342, 60, 11590.382812
62.342, 60, 11590.827148
62.342, 60, 11591.272461
62.342, 60, 11591.717773
62.342, 60, 11592.162109
62.342, 60, 11592.607422
62.342, 60, 11593.052734
62.342, 60, 11593.498047
62.342, 60, 11593.942383
62.342, 60, 11594.387695
62.342, 60, 11594.833008
62.342, 60, 11595.277344
62.342, 60, 11595.722656
62.342, 60, 11596.167969
62.342, 60, 11596.613281
62.342, 60, 11597.057617
62.342, 60, 11597.502930
62.342, 60, 11597.948242
62.342, 60, 11598.392578
62.342, 60, 11598.837891
62.342, 60, 11599.283203
62.342, 60, 11599.727539
62.437, 60, 11600.172852
62.437, 60, 11600.618164
62.437, 60, 11601.063477
62.437, 60, 11601.507812
62.437, 60, 11601.953125
62.437, 60, 11602.398438
62.437, 60, 11602.842773
62.437, 60, 11603.288086
62.437, 60, 11603.733398
62.437, 60, 11604.178711
62.437, 60, 11604.623047
62.437, 60, 11605.068359
62.437, 60, 11605.513672
62.437, 60, 11605.958008
62.437, 60, 11606.403320
62.437, 60, 11606.848633
62.437, 60, 11607.293945
62.437, 60, 11607.738281
62.437, 60, 11608.183594
62.437, 60, 11608.628906
62.437, 60, 11609.073242
62.437, 60, 11609.518555
62.437, 60, 11609.963867
62.437, 60, 11610.409180
62.437, 60, 11610.853516
62.437, 60, 11611.298828
62.437, 60, 11611.744141
62.437, 60, 11612.188477
62.437, 60, 11612.633789
62.437, 60, 11613.079102
62.437, 60, 11613.524414
62.437, 60, 11613.968750
62.437, 60, 11614.414062
62.437, 60, 11614.859375
62.437, 60, 11615.303711
62.247, 60, 11615.749023
62.247, 60, 11616.194336
62.247, 60, 11616.639648
62.247, 60, 11617.083984
62.247, 60, 11617.529297
62.247, 60, 11617.974609
62.247, 60, 11618.418945
62.247, 60, 11618.864258
62.247, 60, 11619.309570
62.247, 60, 11619.754883
62.247, 60, 11620.199219
62.247, 60, 11620.644531
62.247, 60, 11621.089844
62.247, 60, 11621.534180
62.247, 60, 11621.979492
62.247, 60, 11622.424805
62.247, 60, 11622.869141
62.247, 60, 11623.314453
62.247, 60, 11623.759766
62.247, 60, 11624.205078
62.247, 60, 11624.649414
62.247, 60, 11625.094727
62.247, 60, 11625.540039
62.247, 60, 11625.984375
62.247, 60, 11626.429688
62.247, 60, 11626.875000
62.247, 60, 11627.320312
62.247, 60, 11627.764648
62.247, 60, 11628.209961
62.247, 60, 11628.655273
62.247, 60, 11629.099609
62.247, 60, 11629.544922
62.247, 60, 11629.990234
62.247, 60, 11630.435547
62.247, 60, 11630.879883
62.151, 60, 11631.325195
62.151, 60, 11631.770508
62.151, 60, 11632.214844
62.151, 60, 11632.660156
62.151, 60, 11633.105469
62.151, 60, 11633.550781
62.151, 60, 11633.995117
62.151, 60, 11634.440430
62.151, 60, 11634.885742
62.151, 60, 11635.330078
62.151, 60, 11635.775391
62.151, 60, 11636.220703
62.151, 60, 11636.666016
62.151, 60, 11637.110352
62.151, 60, 11637.555664
62.151, 60, 11638.000977
62.151, 60, 11638.445312
62.151, 60, 11638.890625
62.151, 60, 11639.335938
62.151, 60, 11639.781250
62.151, 60, 11640.225586
62.151, 60, 11640.670898
62.151, 60, 11641.116211
62.151, 60, 11641.560547
62.151, 60, 11642.005859
62.151, 60, 11642.451172
62.151, 60, 11642.896484
62.151, 60, 11643.340820
62.151, 60, 11643.786133
62.151, 60, 11644.231445
62.151, 60, 11644.675781
62.151, 60, 11645.121094
62.151, 60, 11645.566406
62.151, 60, 11646.010742
62.056, 60, 11646.456055
62.056, 60, 11646.901367
62.056, 60, 11647.346680
62.056, 60, 11647.791016
62.056, 60, 11648.236328
62.056, 60, 11648.681641
62.056, 60, 11649.125977
62.056, 60, 11649.571289
62.056, 60, 11650.016602
62.056, 60, 11650.461914
62.056, 60, 11650.906250
62.056, 60, 11651.351562
62.056, 60, 11651.796875
62.056, 60, 11652.241211
62.056, 60, 11652.686523
62.056, 60, 11653.131836
62.056, 60, 11653.577148
62.056, 60, 11654.021484
62.056, 60, 11654.466797
62.056, 60, 11654.912109
62.056, 60, 11655.356445
62.056, 60, 11655.801758
62.056, 60, 11656.247070
62.056, 60, 11656.692383
62.056, 60, 11657.136719
62.056, 60, 11657.582031
62.056, 60, 11658.027344
62.056, 60, 11658.471680
62.056, 60, 11658.916992
62.056, 60, 11659.362305
62.056, 60, 11659.807617
62.056, 60, 11660.251953
62.056, 60, 11660.697266
62.056, 60, 11661.142578
62.056, 60, 11661.586914
61.979, 60, 11662.032227
61.979, 60, 11662.477539
61.979, 60, 11662.922852
61.979, 60, 11663.367188
61.979, 60, 11663.812500
61.979, 60, 11664.257812
61.979, 60, 11664.702148
61.979, 60, 11665.147461
61.979, 60, 11665.592773
61.979, 60, 11666.038086
61.979, 60, 11666.482422
61.979, 60, 11666.927734
61.979, 60, 11667.373047
61.979, 60, 11667.817383
61.979, 60, 11668.262695
61.979, 60, 11668.708008
61.979, 60, 11669.152344
61.979, 60, 11669.597656
61.979, 60, 11670.042969
61.979, 60, 11670.488281
61.979, 60, 11670.932617
61.979, 60, 11671.377930
61.979, 60, 11671.823242
61.979, 60, 11672.267578
61.979, 60, 11672.712891
61.979, 60, 11673.158203
61.979, 60, 11673.603516
61.979, 60, 11674.047852
61.979, 60, 11674.493164
61.979, 60, 11674.938477
61.979, 60, 11675.382812
61.979, 60, 11675.828125
61.979, 60, 11676.273438
61.979, 60, 11676.718750
61.979, 60, 11677.163086
61.961, 60, 11677.608398
61.961, 60, 11678.053711
61.961, 60, 11678.498047
61.961, 60, 11678.943359
61.961, 60, 11679.388672
61.961, 60, 11679.833984
61.961, 60, 11680.278320
61.961, 60, 11680.723633
61.961, 60, 11681.168945
61.961, 60, 11681.613281
61.961, 60, 11682.058594
61.961, 60, 11682.503906
61.961, 60, 11682.949219
61.961, 60, 11683.393555
61.961, 60, 11683.838867
61.961, 60, 11684.284180
61.961, 60, 11684.728516
61.961, 60, 11685.173828
61.961, 60, 11685.619141
61.961, 60, 11686.064453
61.961, 60, 11686.508789
61.961, 60, 11686.954102
61.961, 60, 11687.399414
61.961, 60, 11687.843750
61.961, 60, 11688.289062
61.961, 60, 11688.734375
61.961, 60, 11689.179688
61.961, 60, 11689.624023
61.961, 60, 11690.069336
61.961, 60, 11690.514648
61.961, 60, 11690.958984
61.961, 60, 11691.404297
61.961, 60, 11691.849609
61.961, 60, 11692.293945
61.961, 60, 11692.739258
61.979, 60, 11693.184570
61.979, 60, 11693.629883
61.979, 60, 11694.074219
61.979, 60, 11694.519531
61.979, 60, 11694.964844
61.979, 60, 11695.409180
61.979, 60, 11695.854492
61.979, 60, 11696.299805
61.979, 60, 11696.745117
61.979, 60, 11697.189453
61.979, 60, 11697.634766
61.979, 60, 11698.080078
61.979, 60, 11698.524414
61.979, 60, 11698.969727
61.979, 60, 11699.415039
61.979, 60, 11699.860352
61.979, 60, 11700.304688
61.979, 60, 11700.750000
61.979, 60, 11701.195312
61.979, 60, 11701.639648
61.979, 60, 11702.084961
61.979, 60, 11702.530273
61.979, 60, 11702.975586
61.979, 60, 11703.419922
61.979, 60, 11703.865234
61.979, 60, 11704.310547
61.979, 60, 11704.754883
61.979, 60, 11705.200195
61.979, 60, 11705.645508
61.979, 60, 11706.090820
61.979, 60, 11706.535156
61.979, 60, 11706.980469
61.979, 60, 11707.425781
61.979, 60, 11707.870117
61.979, 60, 11708.315430
61.961, 60, 11708.760742
61.961, 60, 11709.206055
61.961, 60, 11709.650391
61.961, 60, 11710.095703
61.961, 60, 11710.541016
61.961, 60, 11710.985352
61.961, 60, 11711.430664
61.961, 60, 11711.875977
61.961, 60, 11712.321289
61.961, 60, 11712.765625
61.961, 60, 11713.210938
61.961, 60, 11713.656250
61.961, 60, 11714.100586
61.961, 60, 11714.545898
61.961, 60, 11714.991211
61.961, 60, 11715.435547
61.961, 60, 11715.880859
61.961, 60, 11716.326172
61.961, 60, 11716.771484
61.961, 60, 11717.215820
61.961, 60, 11717.661133
61.961, 60, 11718.106445
61.961, 60, 11718.550781
61.961, 60, 11718.996094
61.961, 60, 11719.441406
61.961, 60, 11719.886719
61.961, 60, 11720.331055
61.961, 60, 11720.776367
61.961, 60, 11721.221680
61.961, 60, 11721.666016
61.961, 60, 11722.111328
61.961, 60, 11722.556641
61.961, 60, 11723.001953
61.961, 60, 11723.446289
61.961, 60, 11723.891602
61.979, 60, 11724.336914
61.979, 60, 11724.781250
61.979, 60, 11725.226562
61.979, 60, 11725.671875
61.979, 60, 11726.117188
61.979, 60, 11726.561523
61.979, 60, 11727.006836
61.979, 60, 11727.452148
61.979, 60, 11727.896484
61.979, 60, 11728.341797
61.979, 60, 11728.787109
61.979, 60, 11729.232422
61.979, 60, 11729.676758
61.979, 60, 11730.122070
61.979, 60, 11730.567383
61.979, 60, 11731.011719
61.979, 60, 11731.457031
61.979, 60, 11731.902344
61.979, 60, 11732.347656
61.979, 60, 11732.791992
61.979, 60, 11733.237305
61.979, 60, 11733.682617
61.979, 60, 11734.126953
61.979, 60, 11734.572266
61.979, 60, 11735.017578
61.979, 60, 11735.462891
61.979, 60, 11735.907227
61.979, 60, 11736.352539
61.979, 60, 11736.797852
61.979, 60, 11737.242188
61.979, 60, 11737.687500
61.979, 60, 11738.132812
61.979, 60, 11738.577148
61.979, 60, 11739.022461
61.979, 60, 11739.467773
61.979, 60, 11739.913086
61.979, 60, 11740.357422
61.979, 60, 11740.802734
61.979, 60, 11741.248047
61.979, 60, 11741.692383
61.979, 60, 11742.137695
61.979, 60, 11742.583008
61.979, 60, 11743.028320
61.979, 60, 11743.472656
61.979, 60, 11743.917969
61.979, 60, 11744.363281
61.979, 60, 11744.807617
61.979, 60, 11745.252930
61.979, 60, 11745.698242
61.979, 60, 11746.143555
61.979, 60, 11746.587891
61.979, 60, 11747.033203
61.979, 60, 11747.478516
61.979, 60, 11747.922852
61.979, 60, 11748.368164
61.979, 60, 11748.813477
61.979, 60, 11749.258789
61.979, 60, 11749.703125
61.979, 60, 11750.148438
61.979, 60, 11750.593750
61.979, 60, 11751.038086
61.979, 60, 11751.483398
61.979, 60, 11751.928711
61.979, 60, 11752.374023
61.979, 60, 11752.818359
61.979, 60, 11753.263672
61.979, 60, 11753.708984
61.979, 60, 11754.153320
61.979, 60, 11754.598633
61.979, 60, 11755.043945
62.056, 60, 11755.489258
62.056, 60, 11755.933594
62.056, 60, 11756.378906
62.056, 60, 11756.824219
62.056, 60, 11757.268555
62.056, 60, 11757.713867
62.056, 60, 11758.159180
62.056, 60, 11758.604492
62.056, 60, 11759.048828
62.056, 60, 11759.494141
62.056, 60, 11759.939453
62.056, 60, 11760.383789
62.056, 60, 11760.829102
62.056, 60, 11761.274414
62.056, 60, 11761.718750
62.056, 60, 11762.164062
62.056, 60, 11762.609375
62.056, 60, 11763.054688
62.056, 60, 11763.499023
62.056, 60, 11763.944336
62.056, 60, 11764.389648
62.056, 60, 11764.833984
62.056, 60, 11765.279297
62.056, 60, 11765.724609
62.056, 60, 11766.169922
62.056, 60, 11766.614258
62.056, 60, 11767.059570
62.056, 60, 11767.504883
62.056, 60, 11767.949219
62.056, 60, 11768.394531
62.056, 60, 11768.839844
62.056, 60, 11769.285156
62.056, 60, 11769.729492
62.056, 60, 11770.174805
62.151, 60, 11770.620117
62.151, 60, 11771.064453
62.151, 60, 11771.509766
62.151, 60, 11771.955078
62.151, 60, 11772.400391
62.151, 60, 11772.844727
62.151, 60, 11773.290039
62.151, 60, 11773.735352
62.151, 60, 11774.179688
62.151, 60, 11774.625000
62.151, 60, 11775.070312
62.151, 60, 11775.515625
62.151, 60, 11775.959961
62.151, 60, 11776.405273
62.151, 60, 11776.850586
62.151, 60, 11777.294922
62.151, 60, 11777.740234
62.151, 60, 11778.185547
62.151, 60, 11778.630859
62.151, 60, 11779.075195
62.151, 60, 11779.520508
62.151, 60, 11779.965820
62.151, 60, 11780.410156
62.151, 60, 11780.855469
62.151, 60, 11781.300781
62.151, 60, 11781.746094
62.151, 60, 11782.190430
62.151, 60, 11782.635742
62.151, 60, 11783.081055
62.151, 60, 11783.525391
62.151, 60, 11783.970703
62.151, 60, 11784.416016
62.151, 60, 11784.860352
62.151, 60, 11785.305664
62.151, 60, 11785.750977
62.056, 60, 11786.196289
62.056, 60, 11786.640625
62.056, 60, 11787.085938
62.056, 60, 11787.531250
62.056, 60, 11787.975586
62.056, 60, 11788.420898
62.056, 60, 11788.866211
62.056, 60, 11789.311523
62.056, 60, 11789.755859
62.056, 60, 11790.201172
62.056, 60, 11790.646484
62.056, 60, 11791.090820
62.056, 60, 11791.536133
62.056, 60, 11791.981445
62.056, 60, 11792.426758
62.056, 60, 11792.871094
62.056, 60, 11793.316406
62.056, 60, 11793.761719
62.056, 60, 11794.206055
62.056, 60, 11794.651367
62.056, 60, 11795.096680
62.056, 60, 11795.541992
62.056, 60, 11795.986328
62.056, 60, 11796.431641
62.056, 60, 11796.876953
62.056, 60, 11797.321289
62.056, 60, 11797.766602
62.056, 60, 11798.211914
62.056, 60, 11798.657227
62.056, 60, 11799.101562
62.056, 60, 11799.546875
62.056, 60, 11799.992188
62.056, 60, 11800.436523
62.056, 60, 11800.881836
62.056, 60, 11801.327148
61.961, 60, 11801.772461
61.961, 60, 11802.216797
61.961, 60, 11802.662109
61.961, 60, 11803.107422
61.961, 60, 11803.551758
61.961, 60, 11803.997070
61.961, 60, 11804.442383
61.961, 60, 11804.887695
61.961, 60, 11805.332031
61.961, 60, 11805.777344
61.961, 60, 11806.222656
61.961, 60, 11806.666992
61.961, 60, 11807.112305
61.961, 60, 11807.557617
61.961, 60, 11808.001953
61.961, 60, 11808.447266
61.961, 60, 11808.892578
61.961, 60, 11809.337891
61.961, 60, 11809.782227
61.961, 60, 11810.227539
61.961, 60, 11810.672852
61.961, 60, 11811.117188
61.961, 60, 11811.562500
61.961, 60, 11812.007812
61.961, 60, 11812.453125
61.961, 60, 11812.897461
61.961, 60, 11813.342773
61.961, 60, 11813.788086
61.961, 60, 11814.232422
61.961, 60, 11814.677734
61.961, 60, 11815.123047
61.961, 60, 11815.568359
61.961, 60, 11816.012695
61.961, 60, 11816.458008
61.961, 60, 11816.903320
61.961, 60, 11817.347656
61.961, 60, 11817.792969
61.961, 60, 11818.238281
61.961, 60, 11818.683594
61.961, 60, 11819.127930
61.961, 60, 11819.573242
61.961, 60, 11820.018555
61.961, 60, 11820.462891
61.961, 60, 11820.908203
61.961, 60, 11821.353516
61.961, 60, 11821.798828
61.961, 60, 11822.243164
61.961, 60, 11822.688477
61.961, 60, 11823.133789
61.961, 60, 11823.578125
61.961, 60, 11824.023438
61.961, 60, 11824.468750
61.961, 60, 11824.914062
61.961, 60, 11825.358398
61.961, 60, 11825.803711
61.961, 60, 11826.249023
61.961, 60, 11826.693359
61.961, 60, 11827.138672
61.961, 60, 11827.583984
61.961, 60, 11828.029297
61.961, 60, 11828.473633
61.961, 60, 11828.918945
61.961, 60, 11829.364258
61.961, 60, 11829.808594
61.961, 60, 11830.253906
61.961, 60, 11830.699219
61.961, 60, 11831.143555
61.961, 60, 11831.588867
61.961, 60, 11832.034180
61.961, 60, 11832.479492
61.961, 60, 11832.923828
61.961, 60, 11833.369141
61.961, 60, 11833.814453
61.961, 60, 11834.258789
61.961, 60, 11834.704102
61.961, 60, 11835.149414
61.961, 60, 11835.594727
61.961, 60, 11836.039062
61.961, 60, 11836.484375
61.961, 60, 11836.929688
61.961, 60, 11837.374023
61.961, 60, 11837.819336
61.961, 60, 11838.264648
61.961, 60, 11838.709961
61.961, 60, 11839.154297
61.961, 60, 11839.599609
61.961, 60, 11840.044922
61.961, 60, 11840.489258
61.961, 60, 11840.934570
61.961, 60, 11841.379883
61.961, 60, 11841.825195
61.961, 60, 11842.269531
61.961, 60, 11842.714844
61.961, 60, 11843.160156
61.961, 60, 11843.604492
61.961, 60, 11844.049805
61.961, 60, 11844.495117
61.961, 60, 11844.940430
61.961, 60, 11845.384766
61.961, 60, 11845.830078
61.961, 60, 11846.275391
61.961, 60, 11846.719727
61.961, 60, 11847.165039
62.151, 60, 11847.610352
62.151, 60, 11848.055664
62.151, 60, 11848.500000
62.151, 60, 11848.945312
62.151, 60, 11849.390625
62.151, 60, 11849.834961
62.151, 60, 11850.280273
62.151, 60, 11850.725586
62.151, 60, 11851.170898
62.151, 60, 11851.615234
62.151, 60, 11852.060547
62.151, 60, 11852.505859
62.151, 60, 11852.950195
62.151, 60, 11853.395508
62.151, 60, 11853.840820
62.151, 60, 11854.286133
62.151, 60, 11854.730469
62.151, 60, 11855.175781
62.151, 60, 11855.621094
62.151, 60, 11856.065430
62.151, 60, 11856.510742
62.151, 60, 11856.956055
62.151, 60, 11857.400391
62.151, 60, 11857.845703
62.151, 60, 11858.291016
62.151, 60, 11858.736328
62.151, 60, 11859.180664
62.151, 60, 11859.625977
62.151, 60, 11860.071289
62.151, 60, 11860.515625
62.151, 60, 11860.960938
62.151, 60, 11861.406250
62.151, 60, 11861.851562
62.151, 60, 11862.295898
62.151, 60, 11862.741211
62.151, 60, 11863.186523
62.151, 60, 11863.630859
62.151, 60, 11864.076172
62.151, 60, 11864.521484
62.151, 60, 11864.966797
62.151, 60, 11865.411133
62.151, 60, 11865.856445
62.151, 60, 11866.301758
62.151, 60, 11866.746094
62.151, 60, 11867.191406
62.151, 60, 11867.636719
62.151, 60, 11868.082031
62.151, 60, 11868.526367
62.151, 60, 11868.971680
62.151, 60, 11869.416992
62.151, 60, 11869.861328
62.151, 60, 11870.306641
62.151, 60, 11870.751953
62.151, 60, 11871.197266
62.151, 60, 11871.641602
62.151, 60, 11872.086914
62.151, 60, 11872.532227
62.151, 60, 11872.976562
62.151, 60, 11873.421875
62.151, 60, 11873.867188
62.151, 60, 11874.312500
62.151, 60, 11874.756836
62.151, 60, 11875.202148
62.151, 60, 11875.647461
62.151, 60, 11876.091797
62.151, 60, 11876.537109
62.151, 60, 11876.982422
62.151, 60, 11877.427734
62.151, 60, 11877.872070
62.151, 60, 11878.317383
62.151, 60, 11878.762695
62.151, 60, 11879.207031
62.151, 60, 11879.652344
62.151, 60, 11880.097656
62.151, 60, 11880.541992
62.151, 60, 11880.987305
62.151, 60, 11881.432617
62.151, 60, 11881.877930
62.151, 60, 11882.322266
62.151, 60, 11882.767578
62.151, 60, 11883.212891
62.151, 60, 11883.657227
62.151, 60, 11884.102539
62.151, 60, 11884.547852
62.151, 60, 11884.993164
62.151, 60, 11885.437500
62.151, 60, 11885.882812
62.151, 60, 11886.328125
62.151, 60, 11886.772461
62.151, 60, 11887.217773
62.151, 60, 11887.663086
62.151, 60, 11888.108398
62.151, 60, 11888.552734
62.151, 60, 11888.998047
62.151, 60, 11889.443359
62.151, 60, 11889.887695
62.151, 60, 11890.333008
62.151, 60, 11890.778320
62.151, 60, 11891.223633
62.151, 60, 11891.667969
62.151, 60, 11892.113281
62.151, 60, 11892.558594
62.151, 60, 11893.002930
62.151, 60, 11893.448242
62.151, 60, 11893.893555
62.151, 60, 11894.338867
62.151, 60, 11894.783203
62.151, 60, 11895.228516
62.151, 60, 11895.673828
62.151, 60, 11896.118164
62.151, 60, 11896.563477
62.151, 60, 11897.008789
62.151, 60, 11897.454102
62.151, 60, 11897.898438
62.151, 60, 11898.343750
62.151, 60, 11898.789062
62.151, 60, 11899.233398
62.151, 60, 11899.678711
62.151, 60, 11900.124023
62.151, 60, 11900.569336
62.151, 60, 11901.013672
62.151, 60, 11901.458984
62.151, 60, 11901.904297
62.151, 60, 11902.348633
62.151, 60, 11902.793945
62.151, 60, 11903.239258
62.151, 60, 11903.683594
62.151, 60, 11904.128906
62.151, 60, 11904.574219
62.151, 60, 11905.019531
62.151, 60, 11905.463867
62.151, 60, 11905.909180
62.151, 60, 11906.354492
62.151, 60, 11906.798828
62.151, 60, 11907.244141
62.151, 60, 11907.689453
62.151, 60, 11908.134766
62.151, 60, 11908.579102
62.151, 60, 11909.024414
62.151, 60, 11909.469727
62.151, 60, 11909.914062
62.151, 60, 11910.359375
62.151, 60, 11910.804688
62.151, 60, 11911.250000
62.151, 60, 11911.694336
62.151, 60, 11912.139648
62.151, 60, 11912.584961
62.151, 60, 11913.029297
62.151, 60, 11913.474609
62.151, 60, 11913.919922
62.151, 60, 11914.365234
62.151, 60, 11914.809570
62.151, 60, 11915.254883
62.151, 60, 11915.700195
62.151, 60, 11916.144531
62.151, 60, 11916.589844
62.151, 60, 11917.035156
62.151, 60, 11917.480469
62.151, 60, 11917.924805
62.151, 60, 11918.370117
62.151, 60, 11918.815430
62.151, 60, 11919.259766
62.151, 60, 11919.705078
62.151, 60, 11920.150391
62.151, 60, 11920.595703
62.151, 60, 11921.040039
62.151, 60, 11921.485352
62.151, 60, 11921.930664
62.151, 60, 11922.375000
62.151, 60, 11922.820312
62.151, 60, 11923.265625
62.151, 60, 11923.710938
62.151, 60, 11924.155273
62.151, 60, 11924.600586
62.247, 60, 11925.045898
62.247, 60, 11925.490234
62.247, 60, 11925.935547
62.247, 60, 11926.380859
62.247, 60, 11926.825195
62.247, 60, 11927.270508
62.247, 60, 11927.715820
62.247, 60, 11928.161133
62.247, 60, 11928.605469
62.247, 60, 11929.050781
62.247, 60, 11929.496094
62.247, 60, 11929.940430
62.247, 60, 11930.385742
62.247, 60, 11930.831055
62.247, 60, 11931.276367
62.247, 60, 11931.720703
62.247, 60, 11932.166016
62.247, 60, 11932.611328
62.247, 60, 11933.055664
62.247, 60, 11933.500977
62.247, 60, 11933.946289
62.247, 60, 11934.391602
62.247, 60, 11934.835938
62.247, 60, 11935.281250
62.247, 60, 11935.726562
62.247, 60, 11936.170898
62.247, 60, 11936.616211
62.247, 60, 11937.061523
62.247, 60, 11937.506836
62.247, 60, 11937.951172
62.247, 60, 11938.396484
62.247, 60, 11938.841797
62.247, 60, 11939.286133
62.247, 60, 11939.731445
62.247, 60, 11940.176758
62.247, 60, 11940.622070
62.247, 60, 11941.066406
62.247, 60, 11941.511719
62.247, 60, 11941.957031
62.247, 60, 11942.401367
62.247, 60, 11942.846680
62.247, 60, 11943.291992
62.247, 60, 11943.737305
62.247, 60, 11944.181641
62.247, 60, 11944.626953
62.247, 60, 11945.072266
62.247, 60, 11945.516602
62.247, 60, 11945.961914
62.247, 60, 11946.407227
62.247, 60, 11946.852539
62.247, 60, 11947.296875
62.247, 60, 11947.742188
62.247, 60, 11948.187500
62.247, 60, 11948.631836
62.247, 60, 11949.077148
62.247, 60, 11949.522461
62.247, 60, 11949.966797
62.247, 60, 11950.412109
62.247, 60, 11950.857422
62.247, 60, 11951.302734
62.247, 60, 11951.747070
62.247, 60, 11952.192383
62.247, 60, 11952.637695
62.247, 60, 11953.082031
62.247, 60, 11953.527344
62.247, 60, 11953.972656
62.247, 60, 11954.417969
62.247, 60, 11954.862305
62.247, 60, 11955.307617
62.247, 60, 11955.752930
62.247, 60, 11956.197266
62.247, 60, 11956.642578
62.247, 60, 11957.087891
62.247, 60, 11957.533203
62.247, 60, 11957.977539
62.247, 60, 11958.422852
62.247, 60, 11958.868164
62.247, 60, 11959.312500
62.247, 60, 11959.757812
62.247, 60, 11960.203125
62.247, 60, 11960.648438
62.247, 60, 11961.092773
62.247, 60, 11961.538086
62.247, 60, 11961.983398
62.247, 60, 11962.427734
62.247, 60, 11962.873047
62.247, 60, 11963.318359
62.247, 60, 11963.763672
62.247, 60, 11964.208008
62.247, 60, 11964.653320
62.247, 60, 11965.098633
62.247, 60, 11965.542969
62.247, 60, 11965.988281
62.247, 60, 11966.433594
62.247, 60, 11966.878906
62.247, 60, 11967.323242
62.247, 60, 11967.768555
62.247, 60, 11968.213867
62.247, 60, 11968.658203
62.247, 60, 11969.103516
62.247, 60, 11969.548828
62.247, 60, 11969.994141
62.247, 60, 11970.438477
62.247, 60, 11970.883789
62.151, 60, 11971.329102
62.151, 60, 11971.773438
62.151, 60, 11972.218750
62.151, 60, 11972.664062
62.151, 60, 11973.108398
62.151, 60, 11973.553711
62.151, 60, 11973.999023
62.151, 60, 11974.444336
62.151, 60, 11974.888672
62.151, 60, 11975.333984
62.151, 60, 11975.779297
62.151, 60, 11976.223633
62.151, 60, 11976.668945
62.151, 60, 11977.114258
62.151, 60, 11977.559570
62.151, 60, 11978.003906
62.151, 60, 11978.449219
62.151, 60, 11978.894531
62.151, 60, 11979.338867
62.151, 60, 11979.784180
62.151, 60, 11980.229492
62.151, 60, 11980.674805
62.151, 60, 11981.119141
62.151, 60, 11981.564453
62.151, 60, 11982.009766
62.151, 60, 11982.454102
62.151, 60, 11982.899414
62.151, 60, 11983.344727
62.151, 60, 11983.790039
62.151, 60, 11984.234375
62.151, 60, 11984.679688
62.151, 60, 11985.125000
62.151, 60, 11985.569336
62.151, 60, 11986.014648
62.151, 60, 11986.459961
62.151, 60, 11986.905273
62.151, 60, 11987.349609
62.151, 60, 11987.794922
62.151, 60, 11988.240234
62.151, 60, 11988.684570
62.151, 60, 11989.129883
62.151, 60, 11989.575195
62.151, 60, 11990.020508
62.151, 60, 11990.464844
62.151, 60, 11990.910156
62.151, 60, 11991.355469
62.151, 60, 11991.799805
62.151, 60, 11992.245117
62.151, 60, 11992.690430
62.151, 60, 11993.135742
62.151, 60, 11993.580078
62.151, 60, 11994.025391
62.151, 60, 11994.470703
62.151, 60, 11994.915039
62.151, 60, 11995.360352
62.151, 60, 11995.805664
62.151, 60, 11996.250000
62.151, 60, 11996.695312
62.151, 60, 11997.140625
62.151, 60, 11997.585938
62.151, 60, 11998.030273
62.151, 60, 11998.475586
62.151, 60, 11998.920898
62.151, 60, 11999.365234
62.151, 60, 11999.810547
62.151, 60, 12000.255859
62.151, 60, 12000.701172
62.151, 60, 12001.145508
62.151, 60, 12001.590820
62.151, 60, 12002.036133
62.151, 60, 12002.480469
62.151, 60, 12002.925781
62.151, 60, 12003.371094
62.151, 60, 12003.816406
62.151, 60, 12004.260742
62.151, 60, 12004.706055
62.151, 60, 12005.151367
62.151, 60, 12005.595703
62.151, 60, 12006.041016
62.151, 60, 12006.486328
62.151, 60, 12006.931641
62.151, 60, 12007.375977
62.151, 60, 12007.821289
62.151, 60, 12008.266602
62.151, 60, 12008.710938
62.151, 60, 12009.156250
62.151, 60, 12009.601562
62.151, 60, 12010.046875
62.151, 60, 12010.491211
62.151, 60, 12010.936523
62.151, 60, 12011.381836
62.151, 60, 12011.826172
62.151, 60, 12012.271484
62.151, 60, 12012.716797
62.151, 60, 12013.162109
62.151, 60, 12013.606445
62.151, 60, 12014.051758
62.151, 60, 12014.497070
62.151, 60, 12014.941406
62.151, 60, 12015.386719
62.151, 60, 12015.832031
62.151, 60, 12016.277344
62.151, 60, 12016.721680
62.151, 60, 12017.166992
62.151, 60, 12017.612305
62.151, 60, 12018.056641
62.151, 60, 12018.501953
62.151, 60, 12018.947266
62.151, 60, 12019.391602
62.151, 60, 12019.836914
62.151, 60, 12020.282227
62.151, 60, 12020.727539
62.151, 60, 12021.171875
62.151, 60, 12021.617188
62.151, 60, 12022.062500
62.151, 60, 12022.506836
62.151, 60, 12022.952148
62.151, 60, 12023.397461
62.151, 60, 12023.842773
62.151, 60, 12024.287109
62.151, 60, 12024.732422
62.151, 60, 12025.177734
62.151, 60, 12025.622070
62.151, 60, 12026.067383
62.151, 60, 12026.512695
62.151, 60, 12026.958008
62.151, 60, 12027.402344
62.151, 60, 12027.847656
62.151, 60, 12028.292969
62.151, 60, 12028.737305
62.151, 60, 12029.182617
62.151, 60, 12029.627930
62.151, 60, 12030.073242
62.151, 60, 12030.517578
62.151, 60, 12030.962891
62.151, 60, 12031.408203
62.151, 60, 12031.852539
62.151, 60, 12032.297852
62.151, 60, 12032.743164
62.151, 60, 12033.188477
62.151, 60, 12033.632812
62.151, 60, 12034.078125
62.151, 60, 12034.523438
62.151, 60, 12034.967773
62.151, 60, 12035.413086
62.151, 60, 12035.858398
62.151, 60, 12036.303711
62.151, 60, 12036.748047
62.151, 60, 12037.193359
62.151, 60, 12037.638672
62.151, 60, 12038.083008
62.151, 60, 12038.528320
62.151, 60, 12038.973633
62.151, 60, 12039.418945
62.151, 60, 12039.863281
62.151, 60, 12040.308594
62.151, 60, 12040.753906
62.151, 60, 12041.198242
62.151, 60, 12041.643555
62.151, 60, 12042.088867
62.151, 60, 12042.533203
62.151, 60, 12042.978516
62.151, 60, 12043.423828
62.151, 60, 12043.869141
62.151, 60, 12044.313477
62.151, 60, 12044.758789
62.151, 60, 12045.204102
62.151, 60, 12045.648438
62.151, 60, 12046.093750
62.151, 60, 12046.539062
62.151, 60, 12046.984375
62.151, 60, 12047.428711
62.151, 60, 12047.874023
62.151, 60, 12048.319336
62.151, 60, 12048.763672
62.151, 60, 12049.208984
62.151, 60, 12049.654297
62.151, 60, 12050.099609
62.151, 60, 12050.543945
62.151, 60, 12050.989258
62.151, 60, 12051.434570
62.151, 60, 12051.878906
62.151, 60, 12052.324219
62.151, 60, 12052.769531
62.151, 60, 12053.214844
62.151, 60, 12053.659180
62.151, 60, 12054.104492
62.151, 60, 12054.549805
62.151, 60, 12054.994141
62.151, 60, 12055.439453
62.151, 60, 12055.884766
62.151, 60, 12056.330078
62.151, 60, 12056.774414
62.151, 60, 12057.219727
62.151, 60, 12057.665039
62.151, 60, 12058.109375
62.151, 60, 12058.554688
62.151, 60, 12059.000000
62.151, 60, 12059.445312
62.151, 60, 12059.889648
62.151, 60, 12060.334961
62.151, 60, 12060.780273
62.151, 60, 12061.224609
62.151, 60, 12061.669922
62.151, 60, 12062.115234
62.151, 60, 12062.560547
62.151, 60, 12063.004883
62.151, 60, 12063.450195
62.151, 60, 12063.895508
62.151, 60, 12064.339844
62.151, 60, 12064.785156
62.151, 60, 12065.230469
62.151, 60, 12065.674805
62.151, 60, 12066.120117
62.151, 60, 12066.565430
62.151, 60, 12067.010742
62.151, 60, 12067.455078
62.151, 60, 12067.900391
62.151, 60, 12068.345703
62.151, 60, 12068.790039
62.151, 60, 12069.235352
62.151, 60, 12069.680664
62.151, 60, 12070.125977
62.151, 60, 12070.570312
62.151, 60, 12071.015625
62.151, 60, 12071.460938
62.151, 60, 12071.905273
62.151, 60, 12072.350586
62.151, 60, 12072.795898
62.151, 60, 12073.241211
62.151, 60, 12073.685547
62.151, 60, 12074.130859
62.151, 60, 12074.576172
62.151, 60, 12075.020508
62.151, 60, 12075.465820
62.151, 60, 12075.911133
62.151, 60, 12076.356445
62.151, 60, 12076.800781
62.151, 60, 12077.246094
62.151, 60, 12077.691406
62.151, 60, 12078.135742
62.151, 60, 12078.581055
62.151, 60, 12079.026367
62.247, 60, 12079.471680
62.247, 60, 12079.916016
62.247, 60, 12080.361328
62.247, 60, 12080.806641
62.247, 60, 12081.250977
62.247, 60, 12081.696289
62.247, 60, 12082.141602
62.247, 60, 12082.586914
62.247, 60, 12083.031250
62.247, 60, 12083.476562
62.247, 60, 12083.921875
62.247, 60, 12084.366211
62.247, 60, 12084.811523
62.247, 60, 12085.256836
62.247, 60, 12085.702148
62.247, 60, 12086.146484
62.247, 60, 12086.591797
62.247, 60, 12087.037109
62.247, 60, 12087.481445
62.247, 60, 12087.926758
62.247, 60, 12088.372070
62.247, 60, 12088.816406
62.247, 60, 12089.261719
62.247, 60, 12089.707031
62.247, 60, 12090.152344
62.247, 60, 12090.596680
62.247, 60, 12091.041992
62.247, 60, 12091.487305
62.247, 60, 12091.931641
62.247, 60, 12092.376953
62.247, 60, 12092.822266
62.247, 60, 12093.267578
62.247, 60, 12093.711914
62.247, 60, 12094.157227
62.247, 60, 12094.602539
62.247, 60, 12095.046875
62.247, 60, 12095.492188
62.247, 60, 12095.937500
62.247, 60, 12096.382812
62.247, 60, 12096.827148
62.247, 60, 12097.272461
62.247, 60, 12097.717773
62.247, 60, 12098.162109
62.247, 60, 12098.607422
62.247, 60, 12099.052734
62.247, 60, 12099.498047
62.247, 60, 12099.942383
62.247, 60, 12100.387695
62.247, 60, 12100.833008
62.247, 60, 12101.277344
62.247, 60, 12101.722656
62.247, 60, 12102.167969
62.247, 60, 12102.613281
62.247, 60, 12103.057617
62.247, 60, 12103.502930
62.247, 60, 12103.948242
62.247, 60, 12104.392578
62.247, 60, 12104.837891
62.247, 60, 12105.283203
62.247, 60, 12105.728516
62.247, 60, 12106.172852
62.247, 60, 12106.618164
62.247, 60, 12107.063477
62.247, 60, 12107.507812
62.247, 60, 12107.953125
62.247, 60, 12108.398438
62.247, 60, 12108.843750
62.247, 60, 12109.288086
62.247, 60, 12109.733398
62.247, 60, 12110.178711
62.247, 60, 12110.623047
62.247, 60, 12111.068359
62.247, 60, 12111.513672
62.247, 60, 12111.958008
62.247, 60, 12112.403320
62.247, 60, 12112.848633
62.247, 60, 12113.293945
62.247, 60, 12113.738281
62.247, 60, 12114.183594
62.247, 60, 12114.628906
62.247, 60, 12115.073242
62.247, 60, 12115.518555
62.247, 60, 12115.963867
62.247, 60, 12116.409180
62.247, 60, 12116.853516
62.247, 60, 12117.298828
62.247, 60, 12117.744141
62.247, 60, 12118.188477
62.247, 60, 12118.633789
62.247, 60, 12119.079102
62.247, 60, 12119.524414
62.247, 60, 12119.968750
62.247, 60, 12120.414062
62.247, 60, 12120.859375
62.247, 60, 12121.303711
62.247, 60, 12121.749023
62.247, 60, 12122.194336
62.247, 60, 12122.639648
62.247, 60, 12123.083984
62.247, 60, 12123.529297
62.247, 60, 12123.974609
62.247, 60, 12124.418945
62.247, 60, 12124.864258
62.247, 60, 12125.309570
62.247, 60, 12125.754883
62.247, 60, 12126.199219
62.247, 60, 12126.644531
62.247, 60, 12127.089844
62.247, 60, 12127.534180
62.247, 60, 12127.979492
62.247, 60, 12128.424805
62.247, 60, 12128.870117
62.247, 60, 12129.314453
62.247, 60, 12129.759766
62.247, 60, 12130.205078
62.247, 60, 12130.649414
62.247, 60, 12131.094727
62.247, 60, 12131.540039
62.247, 60, 12131.985352
62.247, 60, 12132.429688
62.247, 60, 12132.875000
62.247, 60, 12133.320312
62.247, 60, 12133.764648
62.247, 60, 12134.209961
62.247, 60, 12134.655273
62.247, 60, 12135.099609
62.247, 60, 12135.544922
62.247, 60, 12135.990234
62.247, 60, 12136.435547
62.247, 60, 12136.879883
62.247, 60, 12137.325195
62.247, 60, 12137.770508
62.247, 60, 12138.214844
62.247, 60, 12138.660156
62.247, 60, 12139.105469
62.247, 60, 12139.550781
62.247, 60, 12139.995117
62.247, 60, 12140.440430
62.247, 60, 12140.885742
62.247, 60, 12141.330078
62.247, 60, 12141.775391
62.247, 60, 12142.220703
62.247, 60, 12142.666016
62.247, 60, 12143.110352
62.247, 60, 12143.555664
62.247, 60, 12144.000977
62.247, 60, 12144.445312
62.247, 60, 12144.890625
62.247, 60, 12145.335938
62.247, 60, 12145.781250
62.247, 60, 12146.225586
62.247, 60, 12146.670898
62.247, 60, 12147.116211
62.247, 60, 12147.560547
62.247, 60, 12148.005859
62.247, 60, 12148.451172
62.247, 60, 12148.896484
62.247, 60, 12149.340820
62.247, 60, 12149.786133
62.247, 60, 12150.231445
62.247, 60, 12150.675781
62.247, 60, 12151.121094
62.247, 60, 12151.566406
62.247, 60, 12152.011719
62.247, 60, 12152.456055
62.247, 60, 12152.901367
62.247, 60, 12153.346680
62.247, 60, 12153.791016
62.247, 60, 12154.236328
62.247, 60, 12154.681641
62.247, 60, 12155.126953
62.247, 60, 12155.571289
62.247, 60, 12156.016602
62.247, 60, 12156.461914
62.247, 60, 12156.906250
62.247, 60, 12157.351562
62.247, 60, 12157.796875
62.247, 60, 12158.241211
62.247, 60, 12158.686523
62.247, 60, 12159.131836
62.247, 60, 12159.577148
62.247, 60, 12160.021484
62.247, 60, 12160.466797
62.247, 60, 12160.912109
62.247, 60, 12161.356445
62.247, 60, 12161.801758
62.247, 60, 12162.247070
62.247, 60, 12162.692383
62.247, 60, 12163.136719
62.247, 60, 12163.582031
62.247, 60, 12164.027344
62.247, 60, 12164.471680
62.247, 60, 12164.916992
62.247, 60, 12165.362305
62.247, 60, 12165.807617
62.247, 60, 12166.251953
62.247, 60, 12166.697266
62.247, 60, 12167.142578
62.247, 60, 12167.586914
62.247, 60, 12168.032227
62.247, 60, 12168.477539
62.247, 60, 12168.922852
62.247, 60, 12169.367188
62.247, 60, 12169.812500
62.247, 60, 12170.257812
62.247, 60, 12170.702148
62.247, 60, 12171.147461
62.247, 60, 12171.592773
62.247, 60, 12172.038086
62.247, 60, 12172.482422
62.247, 60, 12172.927734
62.247, 60, 12173.373047
62.247, 60, 12173.817383
62.247, 60, 12174.262695
62.247, 60, 12174.708008
62.247, 60, 12175.153320
62.247, 60, 12175.597656
62.247, 60, 12176.042969
62.247, 60, 12176.488281
62.247, 60, 12176.932617
62.247, 60, 12177.377930
62.247, 60, 12177.823242
62.247, 60, 12178.268555
62.247, 60, 12178.712891
62.247, 60, 12179.158203
62.247, 60, 12179.603516
62.247, 60, 12180.047852
62.247, 60, 12180.493164
62.247, 60, 12180.938477
62.247, 60, 12181.382812
62.247, 60, 12181.828125
62.247, 60, 12182.273438
62.247, 60, 12182.718750
62.247, 60, 12183.163086
62.247, 60, 12183.608398
62.247, 60, 12184.053711
62.247, 60, 12184.498047
62.247, 60, 12184.943359
62.247, 60, 12185.388672
62.247, 60, 12185.833984
62.247, 60, 12186.278320
62.247, 60, 12186.723633
62.247, 60, 12187.168945
62.342, 60, 12187.613281
62.342, 60, 12188.058594
62.342, 60, 12188.503906
62.342, 60, 12188.949219
62.342, 60, 12189.393555
62.342, 60, 12189.838867
62.342, 60, 12190.284180
62.342, 60, 12190.728516
62.342, 60, 12191.173828
62.342, 60, 12191.619141
62.342, 60, 12192.064453
62.342, 60, 12192.508789
62.342, 60, 12192.954102
62.342, 60, 12193.399414
62.342, 60, 12193.843750
62.342, 60, 12194.289062
62.342, 60, 12194.734375
62.342, 60, 12195.179688
62.342, 60, 12195.624023
62.342, 60, 12196.069336
62.342, 60, 12196.514648
62.342, 60, 12196.958984
62.342, 60, 12197.404297
62.342, 60, 12197.849609
62.342, 60, 12198.294922
62.342, 60, 12198.739258
62.342, 60, 12199.184570
62.342, 60, 12199.629883
62.342, 60, 12200.074219
62.342, 60, 12200.519531
62.342, 60, 12200.964844
62.342, 60, 12201.410156
62.342, 60, 12201.854492
62.342, 60, 12202.299805
62.342, 60, 12202.745117
62.342, 60, 12203.189453
62.342, 60, 12203.634766
62.342, 60, 12204.080078
62.342, 60, 12204.524414
62.342, 60, 12204.969727
62.342, 60, 12205.415039
62.342, 60, 12205.860352
62.342, 60, 12206.304688
62.342, 60, 12206.750000
62.342, 60, 12207.195312
62.342, 60, 12207.639648
62.342, 60, 12208.084961
62.342, 60, 12208.530273
62.342, 60, 12208.975586
62.342, 60, 12209.419922
62.342, 60, 12209.865234
62.342, 60, 12210.310547
62.342, 60, 12210.754883
62.342, 60, 12211.200195
62.342, 60, 12211.645508
62.342, 60, 12212.090820
62.342, 60, 12212.535156
62.342, 60, 12212.980469
62.342, 60, 12213.425781
62.342, 60, 12213.870117
62.342, 60, 12214.315430
62.342, 60, 12214.760742
62.342, 60, 12215.206055
62.342, 60, 12215.650391
62.342, 60, 12216.095703
62.342, 60, 12216.541016
62.342, 60, 12216.985352
62.342, 60, 12217.430664
62.342, 60, 12217.875977
62.342, 60, 12218.321289
62.342, 60, 12218.765625
62.342, 60, 12219.210938
62.342, 60, 12219.656250
62.342, 60, 12220.100586
62.342, 60, 12220.545898
62.342, 60, 12220.991211
62.342, 60, 12221.436523
62.342, 60, 12221.880859
62.342, 60, 12222.326172
62.342, 60, 12222.771484
62.342, 60, 12223.215820
62.342, 60, 12223.661133
62.342, 60, 12224.106445
62.342, 60, 12224.551758
62.342, 60, 12224.996094
62.342, 60, 12225.441406
62.342, 60, 12225.886719
62.342, 60, 12226.331055
62.342, 60, 12226.776367
62.342, 60, 12227.221680
62.342, 60, 12227.666016
62.342, 60, 12228.111328
62.342, 60, 12228.556641
62.342, 60, 12229.001953
62.342, 60, 12229.446289
62.342, 60, 12229.891602
62.342, 60, 12230.336914
62.342, 60, 12230.781250
62.342, 60, 12231.226562
62.342, 60, 12231.671875
62.342, 60, 12232.117188
62.342, 60, 12232.561523
62.342, 60, 12233.006836
62.342, 60, 12233.452148
62.342, 60, 12233.896484
62.342, 60, 12234.341797
62.342, 60, 12234.787109
62.342, 60, 12235.232422
62.342, 60, 12235.676758
62.342, 60, 12236.122070
62.342, 60, 12236.567383
62.342, 60, 12237.011719
62.342, 60, 12237.457031
62.342, 60, 12237.902344
62.342, 60, 12238.347656
62.342, 60, 12238.791992
62.342, 60, 12239.237305
62.342, 60, 12239.682617
62.342, 60, 12240.126953
62.342, 60, 12240.572266
62.342, 60, 12241.017578
62.342, 60, 12241.462891
62.342, 60, 12241.907227
62.342, 60, 12242.352539
62.342, 60, 12242.797852
62.342, 60, 12243.242188
62.342, 60, 12243.687500
62.342, 60, 12244.132812
62.342, 60, 12244.578125
62.342, 60, 12245.022461
62.342, 60, 12245.467773
62.342, 60, 12245.913086
62.342, 60, 12246.357422
62.342, 60, 12246.802734
62.342, 60, 12247.248047
62.342, 60, 12247.693359
62.342, 60, 12248.137695
62.342, 60, 12248.583008
62.342, 60, 12249.028320
62.342, 60, 12249.472656
62.531, 60, 12249.917969
62.531, 60, 12250.363281
62.531, 60, 12250.807617
62.531, 60, 12251.252930
62.531, 60, 12251.698242
62.531, 60, 12252.143555
62.531, 60, 12252.587891
62.531, 60, 12253.033203
62.531, 60, 12253.478516
62.531, 60, 12253.922852
62.531, 60, 12254.368164
62.531, 60, 12254.813477
62.531, 60, 12255.258789
62.531, 60, 12255.703125
62.531, 60, 12256.148438
62.531, 60, 12256.593750
62.531, 60, 12257.038086
62.531, 60, 12257.483398
62.531, 60, 12257.928711
62.531, 60, 12258.374023
62.531, 60, 12258.818359
62.531, 60, 12259.263672
62.531, 60, 12259.708984
62.531, 60, 12260.153320
62.531, 60, 12260.598633
62.531, 60, 12261.043945
62.531, 60, 12261.489258
62.531, 60, 12261.933594
62.531, 60, 12262.378906
62.531, 60, 12262.824219
62.531, 60, 12263.268555
62.531, 60, 12263.713867
62.531, 60, 12264.159180
62.531, 60, 12264.604492
62.531, 60, 12265.048828
62.247, 60, 12265.494141
62.247, 60, 12265.939453
62.247, 60, 12266.383789
62.247, 60, 12266.829102
62.247, 60, 12267.274414
62.247, 60, 12267.719727
62.247, 60, 12268.164062
62.247, 60, 12268.609375
62.247, 60, 12269.054688
62.247, 60, 12269.499023
62.247, 60, 12269.944336
62.247, 60, 12270.389648
62.247, 60, 12270.834961
62.247, 60, 12271.279297
62.247, 60, 12271.724609
62.247, 60, 12272.169922
62.247, 60, 12272.614258
62.247, 60, 12273.059570
62.247, 60, 12273.504883
62.247, 60, 12273.949219
62.247, 60, 12274.394531
62.247, 60, 12274.839844
62.247, 60, 12275.285156
62.247, 60, 12275.729492
62.247, 60, 12276.174805
62.247, 60, 12276.620117
62.247, 60, 12277.064453
62.247, 60, 12277.509766
62.247, 60, 12277.955078
62.247, 60, 12278.400391
62.247, 60, 12278.844727
62.247, 60, 12279.290039
62.247, 60, 12279.735352
62.247, 60, 12280.179688
62.247, 60, 12280.625000
62.151, 60, 12281.070312
62.151, 60, 12281.515625
62.151, 60, 12281.959961
62.151, 60, 12282.405273
62.151, 60, 12282.850586
62.151, 60, 12283.294922
62.151, 60, 12283.740234
62.151, 60, 12284.185547
62.151, 60, 12284.630859
62.151, 60, 12285.075195
62.151, 60, 12285.520508
62.151, 60, 12285.965820
62.151, 60, 12286.410156
62.151, 60, 12286.855469
62.151, 60, 12287.300781
62.151, 60, 12287.746094
62.151, 60, 12288.190430
62.151, 60, 12288.635742
62.151, 60, 12289.081055
62.151, 60, 12289.525391
62.151, 60, 12289.970703
62.151, 60, 12290.416016
62.151, 60, 12290.861328
62.151, 60, 12291.305664
62.151, 60, 12291.750977
62.151, 60, 12292.196289
62.151, 60, 12292.640625
62.151, 60, 12293.085938
62.151, 60, 12293.531250
62.151, 60, 12293.976562
62.151, 60, 12294.420898
62.151, 60, 12294.866211
62.151, 60, 12295.311523
62.151, 60, 12295.755859
62.151, 60, 12296.201172
62.056, 60, 12296.646484
62.056, 60, 12297.090820
62.056, 60, 12297.536133
62.056, 60, 12297.981445
62.056, 60, 12298.426758
62.056, 60, 12298.871094
62.056, 60, 12299.316406
62.056, 60, 12299.761719
62.056, 60, 12300.206055
62.056, 60, 12300.651367
62.056, 60, 12301.096680
62.056, 60, 12301.541992
62.056, 60, 12301.986328
62.056, 60, 12302.431641
62.056, 60, 12302.876953
62.056, 60, 12303.321289
62.056, 60, 12303.766602
62.056, 60, 12304.211914
62.056, 60, 12304.657227
62.056, 60, 12305.101562
62.056, 60, 12305.546875
62.056, 60, 12305.992188
62.056, 60, 12306.436523
62.056, 60, 12306.881836
62.056, 60, 12307.327148
62.056, 60, 12307.772461
62.056, 60, 12308.216797
62.056, 60, 12308.662109
62.056, 60, 12309.107422
62.056, 60, 12309.551758
62.056, 60, 12309.997070
62.056, 60, 12310.442383
62.056, 60, 12310.887695
62.056, 60, 12311.332031
62.056, 60, 12311.777344
61.961, 60, 12312.222656
61.961, 60, 12312.666992
61.961, 60, 12313.112305
61.961, 60, 12313.557617
61.961, 60, 12314.002930
61.961, 60, 12314.447266
61.961, 60, 12314.892578
61.961, 60, 12315.337891
61.961, 60, 12315.782227
61.961, 60, 12316.227539
61.961, 60, 12316.672852
61.961, 60, 12317.118164
61.961, 60, 12317.562500
61.961, 60, 12318.007812
61.961, 60, 12318.453125
61.961, 60, 12318.897461
61.961, 60, 12319.342773
61.961, 60, 12319.788086
61.961, 60, 12320.232422
61.961, 60, 12320.677734
61.961, 60, 12321.123047
61.961, 60, 12321.568359
61.961, 60, 12322.012695
61.961, 60, 12322.458008
61.961, 60, 12322.903320
61.961, 60, 12323.347656
61.961, 60, 12323.792969
61.961, 60, 12324.238281
61.961, 60, 12324.683594
61.961, 60, 12325.127930
61.961, 60, 12325.573242
61.961, 60, 12326.018555
61.961, 60, 12326.462891
61.961, 60, 12326.908203
61.961, 60, 12327.353516
61.961, 60, 12327.798828
61.961, 60, 12328.243164
61.961, 60, 12328.688477
61.961, 60, 12329.133789
61.961, 60, 12329.578125
61.961, 60, 12330.023438
61.961, 60, 12330.468750
61.961, 60, 12330.914062
61.961, 60, 12331.358398
61.961, 60, 12331.803711
61.961, 60, 12332.249023
61.961, 60, 12332.693359
61.961, 60, 12333.138672
61.961, 60, 12333.583984
61.961, 60, 12334.029297
61.961, 60, 12334.473633
61.961, 60, 12334.918945
61.961, 60, 12335.364258
61.961, 60, 12335.808594
61.961, 60, 12336.253906
61.961, 60, 12336.699219
61.961, 60, 12337.144531
61.961, 60, 12337.588867
61.961, 60, 12338.034180
61.961, 60, 12338.479492
61.961, 60, 12338.923828
61.961, 60, 12339.369141
61.961, 60, 12339.814453
61.961, 60, 12340.259766
61.961, 60, 12340.704102
61.961, 60, 12341.149414
61.961, 60, 12341.594727
61.961, 60, 12342.039062
61.961, 60, 12342.484375
61.961, 60, 12342.929688
61.961, 60, 12343.374023
61.961, 60, 12343.819336
61.961, 60, 12344.264648
61.961, 60, 12344.709961
61.961, 60, 12345.154297
61.961, 60, 12345.599609
61.961, 60, 12346.044922
61.961, 60, 12346.489258
61.961, 60, 12346.934570
61.961, 60, 12347.379883
61.961, 60, 12347.825195
61.961, 60, 12348.269531
61.961, 60, 12348.714844
61.961, 60, 12349.160156
61.961, 60, 12349.604492
61.961, 60, 12350.049805
61.961, 60, 12350.495117
61.961, 60, 12350.940430
61.961, 60, 12351.384766
61.961, 60, 12351.830078
61.961, 60, 12352.275391
61.961, 60, 12352.719727
61.961, 60, 12353.165039
61.961, 60, 12353.610352
61.961, 60, 12354.055664
61.961, 60, 12354.500000
61.961, 60, 12354.945312
61.961, 60, 12355.390625
61.961, 60, 12355.834961
61.961, 60, 12356.280273
61.961, 60, 12356.725586
61.961, 60, 12357.170898
61.961, 60, 12357.615234
61.961, 60, 12358.060547
61.961, 60, 12358.505859
61.961, 60, 12358.950195
61.961, 60, 12359.395508
61.961, 60, 12359.840820
61.961, 60, 12360.286133
61.961, 60, 12360.730469
61.961, 60, 12361.175781
61.961, 60, 12361.621094
61.961, 60, 12362.065430
61.961, 60, 12362.510742
61.961, 60, 12362.956055
61.961, 60, 12363.401367
61.961, 60, 12363.845703
61.961, 60, 12364.291016
61.961, 60, 12364.736328
61.961, 60, 12365.180664
61.961, 60, 12365.625977
61.961, 60, 12366.071289
61.961, 60, 12366.515625
61.961, 60, 12366.960938
61.961, 60, 12367.406250
61.961, 60, 12367.851562
61.961, 60, 12368.295898
61.961, 60, 12368.741211
61.961, 60, 12369.186523
61.961, 60, 12369.630859
61.961, 60, 12370.076172
61.961, 60, 12370.521484
61.961, 60, 12370.966797
61.961, 60, 12371.411133
61.961, 60, 12371.856445
61.961, 60, 12372.301758
61.961, 60, 12372.746094
61.961, 60, 12373.191406
61.961, 60, 12373.636719
61.961, 60, 12374.082031
61.961, 60, 12374.526367
61.961, 60, 12374.971680
61.961, 60, 12375.416992
61.961, 60, 12375.861328
61.961, 60, 12376.306641
61.961, 60, 12376.751953
61.961, 60, 12377.197266
61.961, 60, 12377.641602
61.961, 60, 12378.086914
61.961, 60, 12378.532227
61.961, 60, 12378.976562
61.961, 60, 12379.421875
61.961, 60, 12379.867188
61.961, 60, 12380.312500
61.961, 60, 12380.756836
61.961, 60, 12381.202148
61.961, 60, 12381.647461
61.961, 60, 12382.091797
61.961, 60, 12382.537109
61.961, 60, 12382.982422
61.961, 60, 12383.427734
61.961, 60, 12383.872070
61.961, 60, 12384.317383
61.961, 60, 12384.762695
61.961, 60, 12385.207031
61.961, 60, 12385.652344
61.961, 60, 12386.097656
61.961, 60, 12386.542969
61.961, 60, 12386.987305
61.961, 60, 12387.432617
61.961, 60, 12387.877930
61.961, 60, 12388.322266
61.961, 60, 12388.767578
61.961, 60, 12389.212891
61.961, 60, 12389.657227
61.961, 60, 12390.102539
61.961, 60, 12390.547852
61.961, 60, 12390.993164
61.961, 60, 12391.437500
61.961, 60, 12391.882812
61.961, 60, 12392.328125
61.961, 60, 12392.772461
61.961, 60, 12393.217773
61.961, 60, 12393.663086
61.961, 60, 12394.108398
61.961, 60, 12394.552734
61.961, 60, 12394.998047
61.961, 60, 12395.443359
61.961, 60, 12395.887695
61.961, 60, 12396.333008
61.961, 60, 12396.778320
61.961, 60, 12397.223633
61.961, 60, 12397.667969
61.961, 60, 12398.113281
61.961, 60, 12398.558594
61.961, 60, 12399.002930
61.961, 60, 12399.448242
61.961, 60, 12399.893555
61.961, 60, 12400.338867
61.961, 60, 12400.783203
61.961, 60, 12401.228516
61.961, 60, 12401.673828
61.961, 60, 12402.118164
61.961, 60, 12402.563477
61.961, 60, 12403.008789
61.961, 60, 12403.454102
61.961, 60, 12403.898438
61.961, 60, 12404.343750
62.056, 60, 12404.789062
62.056, 60, 12405.233398
62.056, 60, 12405.678711
62.056, 60, 12406.124023
62.056, 60, 12406.569336
62.056, 60, 12407.013672
62.056, 60, 12407.458984
62.056, 60, 12407.904297
62.056, 60, 12408.348633
62.056, 60, 12408.793945
62.056, 60, 12409.239258
62.056, 60, 12409.684570
62.056, 60, 12410.128906
62.056, 60, 12410.574219
62.056, 60, 12411.019531
62.056, 60, 12411.463867
62.056, 60, 12411.909180
62.056, 60, 12412.354492
62.056, 60, 12412.798828
62.056, 60, 12413.244141
62.056, 60, 12413.689453
62.056, 60, 12414.134766
62.056, 60, 12414.579102
62.056, 60, 12415.024414
62.056, 60, 12415.469727
62.056, 60, 12415.914062
62.056, 60, 12416.359375
62.056, 60, 12416.804688
62.056, 60, 12417.250000
62.056, 60, 12417.694336
62.056, 60, 12418.139648
62.056, 60, 12418.584961
62.056, 60, 12419.029297
62.056, 60, 12419.474609
62.151, 60, 12419.919922
62.151, 60, 12420.365234
62.151, 60, 12420.809570
62.151, 60, 12421.254883
62.151, 60, 12421.700195
62.151, 60, 12422.144531
62.151, 60, 12422.589844
62.151, 60, 12423.035156
62.151, 60, 12423.480469
62.151, 60, 12423.924805
62.151, 60, 12424.370117
62.151, 60, 12424.815430
62.151, 60, 12425.259766
62.151, 60, 12425.705078
62.151, 60, 12426.150391
62.151, 60, 12426.595703
62.151, 60, 12427.040039
62.151, 60, 12427.485352
62.151, 60, 12427.930664
62.151, 60, 12428.375000
62.151, 60, 12428.820312
62.151, 60, 12429.265625
62.151, 60, 12429.710938
62.151, 60, 12430.155273
62.151, 60, 12430.600586
62.151, 60, 12431.045898
62.151, 60, 12431.490234
62.151, 60, 12431.935547
62.151, 60, 12432.380859
62.151, 60, 12432.826172
62.151, 60, 12433.270508
62.151, 60, 12433.715820
62.151, 60, 12434.161133
62.151, 60, 12434.605469
62.151, 60, 12435.050781
62.151, 60, 12435.496094
62.151, 60, 12435.940430
62.151, 60, 12436.385742
62.151, 60, 12436.831055
62.151, 60, 12437.276367
62.151, 60, 12437.720703
62.151, 60, 12438.166016
62.151, 60, 12438.611328
62.151, 60, 12439.055664
62.151, 60, 12439.500977
62.151, 60, 12439.946289
62.151, 60, 12440.391602
62.151, 60, 12440.835938
62.151, 60, 12441.281250
62.151, 60, 12441.726562
62.151, 60, 12442.170898
62.151, 60, 12442.616211
62.151, 60, 12443.061523
62.151, 60, 12443.506836
62.151, 60, 12443.951172
62.151, 60, 12444.396484
62.151, 60, 12444.841797
62.151, 60, 12445.286133
62.151, 60, 12445.731445
62.151, 60, 12446.176758
62.151, 60, 12446.622070
62.151, 60, 12447.066406
62.151, 60, 12447.511719
62.151, 60, 12447.957031
62.151, 60, 12448.401367
62.151, 60, 12448.846680
62.151, 60, 12449.291992
62.151, 60, 12449.737305
62.151, 60, 12450.181641
61.961, 60, 12450.626953
61.961, 60, 12451.072266
61.961, 60, 12451.516602
61.961, 60, 12451.961914
61.961, 60, 12452.407227
61.961, 60, 12452.852539
61.961, 60, 12453.296875
61.961, 60, 12453.742188
61.961, 60, 12454.187500
61.961, 60, 12454.631836
61.961, 60, 12455.077148
61.961, 60, 12455.522461
61.961, 60, 12455.967773
61.961, 60, 12456.412109
61.961, 60, 12456.857422
61.961, 60, 12457.302734
61.961, 60, 12457.747070
61.961, 60, 12458.192383
61.961, 60, 12458.637695
61.961, 60, 12459.082031
61.961, 60, 12459.527344
61.961, 60, 12459.972656
61.961, 60, 12460.417969
61.961, 60, 12460.862305
61.961, 60, 12461.307617
61.961, 60, 12461.752930
61.961, 60, 12462.197266
61.961, 60, 12462.642578
61.961, 60, 12463.087891
61.961, 60, 12463.533203
61.961, 60, 12463.977539
61.961, 60, 12464.422852
61.961, 60, 12464.868164
61.961, 60, 12465.312500
61.961, 60, 12465.757812
61.961, 60, 12466.203125
61.961, 60, 12466.648438
61.961, 60, 12467.092773
61.961, 60, 12467.538086
61.961, 60, 12467.983398
61.961, 60, 12468.427734
61.961, 60, 12468.873047
61.961, 60, 12469.318359
61.961, 60, 12469.763672
61.961, 60, 12470.208008
61.961, 60, 12470.653320
61.961, 60, 12471.098633
61.961, 60, 12471.542969
61.961, 60, 12471.988281
61.961, 60, 12472.433594
61.961, 60, 12472.878906
61.961, 60, 12473.323242
61.961, 60, 12473.768555
61.961, 60, 12474.213867
61.961, 60, 12474.658203
61.961, 60, 12475.103516
61.961, 60, 12475.548828
61.961, 60, 12475.994141
61.961, 60, 12476.438477
61.961, 60, 12476.883789
61.961, 60, 12477.329102
61.961, 60, 12477.773438
61.961, 60, 12478.218750
61.961, 60, 12478.664062
61.961, 60, 12479.109375
61.961, 60, 12479.553711
61.961, 60, 12479.999023
61.961, 60, 12480.444336
62.056, 60, 12480.888672
62.056, 60, 12481.333984
62.056, 60, 12481.779297
62.056, 60, 12482.223633
62.056, 60, 12482.668945
62.056, 60, 12483.114258
62.056, 60, 12483.559570
62.056, 60, 12484.003906
62.056, 60, 12484.449219
62.056, 60, 12484.894531
62.056, 60, 12485.338867
62.056, 60, 12485.784180
62.056, 60, 12486.229492
62.056, 60, 12486.674805
62.056, 60, 12487.119141
62.056, 60, 12487.564453
62.056, 60, 12488.009766
62.056, 60, 12488.454102
62.056, 60, 12488.899414
62.056, 60, 12489.344727
62.056, 60, 12489.790039
62.056, 60, 12490.234375
62.056, 60, 12490.679688
62.056, 60, 12491.125000
62.056, 60, 12491.569336
62.056, 60, 12492.014648
62.056, 60, 12492.459961
62.056, 60, 12492.905273
62.056, 60, 12493.349609
62.056, 60, 12493.794922
62.056, 60, 12494.240234
62.056, 60, 12494.684570
62.056, 60, 12495.129883
62.056, 60, 12495.575195
62.151, 60, 12496.020508
62.151, 60, 12496.464844
62.151, 60, 12496.910156
62.151, 60, 12497.355469
62.151, 60, 12497.799805
62.151, 60, 12498.245117
62.151, 60, 12498.690430
62.151, 60, 12499.135742
62.151, 60, 12499.580078
62.151, 60, 12500.025391
62.151, 60, 12500.470703
62.151, 60, 12500.915039
62.151, 60, 12501.360352
62.151, 60, 12501.805664
62.151, 60, 12502.250977
62.151, 60, 12502.695312
62.151, 60, 12503.140625
62.151, 60, 12503.585938
62.151, 60, 12504.030273
62.151, 60, 12504.475586
62.151, 60, 12504.920898
62.151, 60, 12505.365234
62.151, 60, 12505.810547
62.151, 60, 12506.255859
62.151, 60, 12506.701172
62.151, 60, 12507.145508
62.151, 60, 12507.590820
62.151, 60, 12508.036133
62.151, 60, 12508.480469
62.151, 60, 12508.925781
62.151, 60, 12509.371094
62.151, 60, 12509.816406
62.151, 60, 12510.260742
62.151, 60, 12510.706055
62.151, 60, 12511.151367
62.151, 60, 12511.595703
62.151, 60, 12512.041016
62.151, 60, 12512.486328
62.151, 60, 12512.931641
62.151, 60, 12513.375977
62.151, 60, 12513.821289
62.151, 60, 12514.266602
62.151, 60, 12514.710938
62.151, 60, 12515.156250
62.151, 60, 12515.601562
62.151, 60, 12516.046875
62.151, 60, 12516.491211
62.151, 60, 12516.936523
62.151, 60, 12517.381836
62.151, 60, 12517.826172
62.151, 60, 12518.271484
62.151, 60, 12518.716797
62.151, 60, 12519.162109
62.151, 60, 12519.606445
62.151, 60, 12520.051758
62.151, 60, 12520.497070
62.151, 60, 12520.941406
62.151, 60, 12521.386719
62.151, 60, 12521.832031
62.151, 60, 12522.277344
62.151, 60, 12522.721680
62.151, 60, 12523.166992
62.151, 60, 12523.612305
62.151, 60, 12524.056641
62.151, 60, 12524.501953
62.151, 60, 12524.947266
62.151, 60, 12525.392578
62.151, 60, 12525.836914
62.151, 60, 12526.282227
62.151, 60, 12526.727539
62.151, 60, 12527.171875
62.151, 60, 12527.617188
62.151, 60, 12528.062500
62.151, 60, 12528.506836
62.151, 60, 12528.952148
62.151, 60, 12529.397461
62.151, 60, 12529.842773
62.151, 60, 12530.287109
62.151, 60, 12530.732422
62.151, 60, 12531.177734
62.151, 60, 12531.622070
62.151, 60, 12532.067383
62.151, 60, 12532.512695
62.151, 60, 12532.958008
62.151, 60, 12533.402344
62.151, 60, 12533.847656
62.151, 60, 12534.292969
62.151, 60, 12534.737305
62.151, 60, 12535.182617
62.151, 60, 12535.627930
62.151, 60, 12536.073242
62.151, 60, 12536.517578
62.151, 60, 12536.962891
62.151, 60, 12537.408203
62.151, 60, 12537.852539
62.151, 60, 12538.297852
62.151, 60, 12538.743164
62.151, 60, 12539.188477
62.151, 60, 12539.632812
62.151, 60, 12540.078125
62.151, 60, 12540.523438
62.151, 60, 12540.967773
62.151, 60, 12541.413086
62.151, 60, 12541.858398
62.151, 60, 12542.303711
62.151, 60, 12542.748047
62.151, 60, 12543.193359
62.151, 60, 12543.638672
62.151, 60, 12544.083008
62.151, 60, 12544.528320
62.151, 60, 12544.973633
62.151, 60, 12545.418945
62.151, 60, 12545.863281
62.151, 60, 12546.308594
62.151, 60, 12546.753906
62.151, 60, 12547.198242
62.151, 60, 12547.643555
62.151, 60, 12548.088867
62.151, 60, 12548.534180
62.151, 60, 12548.978516
62.151, 60, 12549.423828
62.151, 60, 12549.869141
62.151, 60, 12550.313477
62.151, 60, 12550.758789
62.151, 60, 12551.204102
62.151, 60, 12551.648438
62.151, 60, 12552.093750
62.151, 60, 12552.539062
62.151, 60, 12552.984375
62.151, 60, 12553.428711
62.151, 60, 12553.874023
62.151, 60, 12554.319336
62.151, 60, 12554.763672
62.151, 60, 12555.208984
62.151, 60, 12555.654297
62.151, 60, 12556.099609
62.151, 60, 12556.543945
62.247, 60, 12556.989258
62.247, 60, 12557.434570
62.247, 60, 12557.878906
62.247, 60, 12558.324219
62.247, 60, 12558.769531
62.247, 60, 12559.214844
62.247, 60, 12559.659180
62.247, 60, 12560.104492
62.247, 60, 12560.549805
62.247, 60, 12560.994141
62.247, 60, 12561.439453
62.247, 60, 12561.884766
62.247, 60, 12562.330078
62.247, 60, 12562.774414
62.247, 60, 12563.219727
62.247, 60, 12563.665039
62.247, 60, 12564.109375
62.247, 60, 12564.554688
62.247, 60, 12565.000000
62.247, 60, 12565.445312
62.247, 60, 12565.889648
62.247, 60, 12566.334961
62.247, 60, 12566.780273
62.247, 60, 12567.224609
62.247, 60, 12567.669922
62.247, 60, 12568.115234
62.247, 60, 12568.560547
62.247, 60, 12569.004883
62.247, 60, 12569.450195
62.247, 60, 12569.895508
62.247, 60, 12570.339844
62.247, 60, 12570.785156
62.247, 60, 12571.230469
62.247, 60, 12571.675781
62.247, 60, 12572.120117
62.247, 60, 12572.565430
62.247, 60, 12573.010742
62.247, 60, 12573.455078
62.247, 60, 12573.900391
62.247, 60, 12574.345703
62.247, 60, 12574.790039
62.247, 60, 12575.235352
62.247, 60, 12575.680664
62.247, 60, 12576.125977
62.247, 60, 12576.570312
62.247, 60, 12577.015625
62.247, 60, 12577.460938
62.247, 60, 12577.905273
62.247, 60, 12578.350586
62.247, 60, 12578.795898
62.247, 60, 12579.241211
62.247, 60, 12579.685547
62.247, 60, 12580.130859
62.247, 60, 12580.576172
62.247, 60, 12581.020508
62.247, 60, 12581.465820
62.247, 60, 12581.911133
62.247, 60, 12582.356445
62.247, 60, 12582.800781
62.247, 60, 12583.246094
62.247, 60, 12583.691406
62.247, 60, 12584.135742
62.247, 60, 12584.581055
62.247, 60, 12585.026367
62.247, 60, 12585.471680
62.247, 60, 12585.916016
62.247, 60, 12586.361328
62.247, 60, 12586.806641
62.342, 60, 12587.250977
62.342, 60, 12587.696289
62.342, 60, 12588.141602
62.342, 60, 12588.586914
62.342, 60, 12589.031250
62.342, 60, 12589.476562
62.342, 60, 12589.921875
62.342, 60, 12590.366211
62.342, 60, 12590.811523
62.342, 60, 12591.256836
62.342, 60, 12591.702148
62.342, 60, 12592.146484
62.342, 60, 12592.591797
62.342, 60, 12593.037109
62.342, 60, 12593.481445
62.342, 60, 12593.926758
62.342, 60, 12594.372070
62.342, 60, 12594.817383
62.342, 60, 12595.261719
62.342, 60, 12595.707031
62.342, 60, 12596.152344
62.342, 60, 12596.596680
62.342, 60, 12597.041992
62.342, 60, 12597.487305
62.342, 60, 12597.931641
62.342, 60, 12598.376953
62.342, 60, 12598.822266
62.342, 60, 12599.267578
62.342, 60, 12599.711914
62.342, 60, 12600.157227
62.342, 60, 12600.602539
62.342, 60, 12601.046875
62.342, 60, 12601.492188
62.342, 60, 12601.937500
62.247, 60, 12602.382812
62.247, 60, 12602.827148
62.247, 60, 12603.272461
62.247, 60, 12603.717773
62.247, 60, 12604.162109
62.247, 60, 12604.607422
62.247, 60, 12605.052734
62.247, 60, 12605.498047
62.247, 60, 12605.942383
62.247, 60, 12606.387695
62.247, 60, 12606.833008
62.247, 60, 12607.277344
62.247, 60, 12607.722656
62.247, 60, 12608.167969
62.247, 60, 12608.613281
62.247, 60, 12609.057617
62.247, 60, 12609.502930
62.247, 60, 12609.948242
62.247, 60, 12610.392578
62.247, 60, 12610.837891
62.247, 60, 12611.283203
62.247, 60, 12611.728516
62.247, 60, 12612.172852
62.247, 60, 12612.618164
62.247, 60, 12613.063477
62.247, 60, 12613.507812
62.247, 60, 12613.953125
62.247, 60, 12614.398438
62.247, 60, 12614.843750
62.247, 60, 12615.288086
62.247, 60, 12615.733398
62.247, 60, 12616.178711
62.247, 60, 12616.623047
62.247, 60, 12617.068359
62.247, 60, 12617.513672
62.151, 60, 12617.958984
62.151, 60, 12618.403320
62.151, 60, 12618.848633
62.151, 60, 12619.293945
62.151, 60, 12619.738281
62.151, 60, 12620.183594
62.151, 60, 12620.628906
62.151, 60, 12621.073242
62.151, 60, 12621.518555
62.151, 60, 12621.963867
62.151, 60, 12622.409180
62.151, 60, 12622.853516
62.151, 60, 12623.298828
62.151, 60, 12623.744141
62.151, 60, 12624.188477
62.151, 60, 12624.633789
62.151, 60, 12625.079102
62.151, 60, 12625.524414
62.151, 60, 12625.968750
62.151, 60, 12626.414062
62.151, 60, 12626.859375
62.151, 60, 12627.303711
62.151, 60, 12627.749023
62.151, 60, 12628.194336
62.151, 60, 12628.639648
62.151, 60, 12629.083984
62.151, 60, 12629.529297
62.151, 60, 12629.974609
62.151, 60, 12630.418945
62.151, 60, 12630.864258
62.151, 60, 12631.309570
62.151, 60, 12631.754883
62.151, 60, 12632.199219
62.151, 60, 12632.644531
62.151, 60, 12633.089844
62.151, 60, 12633.534180
62.151, 60, 12633.979492
62.151, 60, 12634.424805
62.151, 60, 12634.870117
62.151, 60, 12635.314453
62.151, 60, 12635.759766
62.151, 60, 12636.205078
62.151, 60, 12636.649414
62.151, 60, 12637.094727
62.151, 60, 12637.540039
62.151, 60, 12637.985352
62.151, 60, 12638.429688
62.151, 60, 12638.875000
62.151, 60, 12639.320312
62.151, 60, 12639.764648
62.151, 60, 12640.209961
62.151, 60, 12640.655273
62.151, 60, 12641.100586
62.151, 60, 12641.544922
62.151, 60, 12641.990234
62.151, 60, 12642.435547
62.151, 60, 12642.879883
62.151, 60, 12643.325195
62.151, 60, 12643.770508
62.151, 60, 12644.214844
62.151, 60, 12644.660156
62.151, 60, 12645.105469
62.151, 60, 12645.550781
62.151, 60, 12645.995117
62.151, 60, 12646.440430
62.151, 60, 12646.885742
62.151, 60, 12647.330078
62.151, 60, 12647.775391
62.151, 60, 12648.220703
62.151, 60, 12648.666016
62.151, 60, 12649.110352
62.151, 60, 12649.555664
62.151, 60, 12650.000977
62.151, 60, 12650.445312
62.151, 60, 12650.890625
62.151, 60, 12651.335938
62.151, 60, 12651.781250
62.151, 60, 12652.225586
62.151, 60, 12652.670898
62.151, 60, 12653.116211
62.151, 60, 12653.560547
62.151, 60, 12654.005859
62.151, 60, 12654.451172
62.151, 60, 12654.896484
62.151, 60, 12655.340820
62.151, 60, 12655.786133
62.151, 60, 12656.231445
62.151, 60, 12656.675781
62.151, 60, 12657.121094
62.151, 60, 12657.566406
62.151, 60, 12658.011719
62.151, 60, 12658.456055
62.151, 60, 12658.901367
62.151, 60, 12659.346680
62.151, 60, 12659.791016
62.151, 60, 12660.236328
62.151, 60, 12660.681641
62.151, 60, 12661.126953
62.151, 60, 12661.571289
62.151, 60, 12662.016602
62.151, 60, 12662.461914
62.151, 60, 12662.906250
62.151, 60, 12663.351562
62.151, 60, 12663.796875
62.151, 60, 12664.242188
62.151, 60, 12664.686523
62.151, 60, 12665.131836
62.151, 60, 12665.577148
62.151, 60, 12666.021484
62.151, 60, 12666.466797
62.151, 60, 12666.912109
62.151, 60, 12667.356445
62.151, 60, 12667.801758
62.151, 60, 12668.247070
62.151, 60, 12668.692383
62.151, 60, 12669.136719
62.151, 60, 12669.582031
62.151, 60, 12670.027344
62.151, 60, 12670.471680
62.151, 60, 12670.916992
62.151, 60, 12671.362305
62.151, 60, 12671.807617
62.151, 60, 12672.251953
62.151, 60, 12672.697266
62.151, 60, 12673.142578
62.151, 60, 12673.586914
62.151, 60, 12674.032227
62.151, 60, 12674.477539
62.151, 60, 12674.922852
62.151, 60, 12675.367188
62.151, 60, 12675.812500
62.151, 60, 12676.257812
62.151, 60, 12676.702148
62.151, 60, 12677.147461
62.151, 60, 12677.592773
62.151, 60, 12678.038086
62.151, 60, 12678.482422
62.151, 60, 12678.927734
62.151, 60, 12679.373047
62.151, 60, 12679.817383
62.151, 60, 12680.262695
62.151, 60, 12680.708008
62.151, 60, 12681.153320
62.151, 60, 12681.597656
62.151, 60, 12682.042969
62.151, 60, 12682.488281
62.151, 60, 12682.932617
62.151, 60, 12683.377930
62.151, 60, 12683.823242
62.151, 60, 12684.268555
62.151, 60, 12684.712891
62.151, 60, 12685.158203
62.151, 60, 12685.603516
62.151, 60, 12686.047852
62.151, 60, 12686.493164
62.151, 60, 12686.938477
62.151, 60, 12687.383789
62.151, 60, 12687.828125
62.151, 60, 12688.273438
62.151, 60, 12688.718750
62.151, 60, 12689.163086
62.151, 60, 12689.608398
62.151, 60, 12690.053711
62.151, 60, 12690.498047
62.151, 60, 12690.943359
62.151, 60, 12691.388672
62.151, 60, 12691.833984
62.151, 60, 12692.278320
62.151, 60, 12692.723633
62.151, 60, 12693.168945
62.151, 60, 12693.613281
62.151, 60, 12694.058594
62.151, 60, 12694.503906
62.151, 60, 12694.949219
62.151, 60, 12695.393555
62.151, 60, 12695.838867
62.151, 60, 12696.284180
62.151, 60, 12696.728516
62.151, 60, 12697.173828
62.151, 60, 12697.619141
62.151, 60, 12698.064453
62.151, 60, 12698.508789
62.151, 60, 12698.954102
62.151, 60, 12699.399414
62.151, 60, 12699.843750
62.151, 60, 12700.289062
62.151, 60, 12700.734375
62.151, 60, 12701.179688
62.151, 60, 12701.624023
62.151, 60, 12702.069336
62.151, 60, 12702.514648
62.151, 60, 12702.958984
62.151, 60, 12703.404297
62.151, 60, 12703.849609
62.151, 60, 12704.294922
62.151, 60, 12704.739258
62.151, 60, 12705.184570
62.151, 60, 12705.629883
62.151, 60, 12706.074219
62.151, 60, 12706.519531
62.151, 60, 12706.964844
62.151, 60, 12707.410156
62.151, 60, 12707.854492
62.151, 60, 12708.299805
62.151, 60, 12708.745117
62.151, 60, 12709.189453
62.151, 60, 12709.634766
62.151, 60, 12710.080078
62.151, 60, 12710.525391
62.151, 60, 12710.969727
62.151, 60, 12711.415039
62.151, 60, 12711.860352
62.151, 60, 12712.304688
62.151, 60, 12712.750000
62.151, 60, 12713.195312
62.151, 60, 12713.639648
62.151, 60, 12714.084961
62.151, 60, 12714.530273
62.151, 60, 12714.975586
62.151, 60, 12715.419922
62.151, 60, 12715.865234
62.151, 60, 12716.310547
62.151, 60, 12716.754883
62.151, 60, 12717.200195
62.151, 60, 12717.645508
62.151, 60, 12718.090820
62.151, 60, 12718.535156
62.151, 60, 12718.980469
62.151, 60, 12719.425781
62.151, 60, 12719.870117
62.151, 60, 12720.315430
62.151, 60, 12720.760742
62.151, 60, 12721.206055
62.151, 60, 12721.650391
62.151, 60, 12722.095703
62.151, 60, 12722.541016
62.151, 60, 12722.985352
62.151, 60, 12723.430664
62.151, 60, 12723.875977
62.151, 60, 12724.321289
62.151, 60, 12724.765625
62.151, 60, 12725.210938
62.151, 60, 12725.656250
62.151, 60, 12726.100586
62.247, 60, 12726.545898
62.247, 60, 12726.991211
62.247, 60, 12727.436523
62.247, 60, 12727.880859
62.247, 60, 12728.326172
62.247, 60, 12728.771484
62.247, 60, 12729.215820
62.247, 60, 12729.661133
62.247, 60, 12730.106445
62.247, 60, 12730.551758
62.247, 60, 12730.996094
62.247, 60, 12731.441406
62.247, 60, 12731.886719
62.247, 60, 12732.331055
62.247, 60, 12732.776367
62.247, 60, 12733.221680
62.247, 60, 12733.666992
62.247, 60, 12734.111328
62.247, 60, 12734.556641
62.247, 60, 12735.001953
62.247, 60, 12735.446289
62.247, 60, 12735.891602
62.247, 60, 12736.336914
62.247, 60, 12736.781250
62.247, 60, 12737.226562
62.247, 60, 12737.671875
62.247, 60, 12738.117188
62.247, 60, 12738.561523
62.247, 60, 12739.006836
62.247, 60, 12739.452148
62.247, 60, 12739.896484
62.247, 60, 12740.341797
62.247, 60, 12740.787109
62.247, 60, 12741.232422
62.247, 60, 12741.676758
62.247, 60, 12742.122070
62.247, 60, 12742.567383
62.247, 60, 12743.011719
62.247, 60, 12743.457031
62.247, 60, 12743.902344
62.247, 60, 12744.347656
62.247, 60, 12744.791992
62.247, 60, 12745.237305
62.247, 60, 12745.682617
62.247, 60, 12746.126953
62.247, 60, 12746.572266
62.247, 60, 12747.017578
62.247, 60, 12747.462891
62.247, 60, 12747.907227
62.247, 60, 12748.352539
62.247, 60, 12748.797852
62.247, 60, 12749.242188
62.247, 60, 12749.687500
62.247, 60, 12750.132812
62.247, 60, 12750.578125
62.247, 60, 12751.022461
62.247, 60, 12751.467773
62.247, 60, 12751.913086
62.247, 60, 12752.357422
62.247, 60, 12752.802734
62.247, 60, 12753.248047
62.247, 60, 12753.693359
62.247, 60, 12754.137695
62.247, 60, 12754.583008
62.247, 60, 12755.028320
62.247, 60, 12755.472656
62.247, 60, 12755.917969
62.247, 60, 12756.363281
62.247, 60, 12756.808594
62.247, 60, 12757.252930
62.247, 60, 12757.698242
62.247, 60, 12758.143555
62.247, 60, 12758.587891
62.247, 60, 12759.033203
62.247, 60, 12759.478516
62.247, 60, 12759.923828
62.247, 60, 12760.368164
62.247, 60, 12760.813477
62.247, 60, 12761.258789
62.247, 60, 12761.703125
62.247, 60, 12762.148438
62.247, 60, 12762.593750
62.247, 60, 12763.038086
62.247, 60, 12763.483398
62.247, 60, 12763.928711
62.247, 60, 12764.374023
62.247, 60, 12764.818359
62.247, 60, 12765.263672
62.247, 60, 12765.708984
62.247, 60, 12766.153320
62.247, 60, 12766.598633
62.247, 60, 12767.043945
62.247, 60, 12767.489258
62.247, 60, 12767.933594
62.247, 60, 12768.378906
62.247, 60, 12768.824219
62.247, 60, 12769.268555
62.247, 60, 12769.713867
62.247, 60, 12770.159180
62.247, 60, 12770.604492
62.247, 60, 12771.048828
62.247, 60, 12771.494141
62.247, 60, 12771.939453
62.247, 60, 12772.383789
62.247, 60, 12772.829102
62.247, 60, 12773.274414
62.247, 60, 12773.719727
62.247, 60, 12774.164062
62.247, 60, 12774.609375
62.247, 60, 12775.054688
62.247, 60, 12775.499023
62.247, 60, 12775.944336
62.247, 60, 12776.389648
62.247, 60, 12776.834961
62.247, 60, 12777.279297
62.247, 60, 12777.724609
62.247, 60, 12778.169922
62.247, 60, 12778.614258
62.247, 60, 12779.059570
62.247, 60, 12779.504883
62.247, 60, 12779.950195
62.247, 60, 12780.394531
62.247, 60, 12780.839844
62.247, 60, 12781.285156
62.247, 60, 12781.729492
62.247, 60, 12782.174805
62.247, 60, 12782.620117
62.247, 60, 12783.065430
62.247, 60, 12783.509766
62.247, 60, 12783.955078
62.247, 60, 12784.400391
62.247, 60, 12784.844727
62.247, 60, 12785.290039
62.247, 60, 12785.735352
62.247, 60, 12786.179688
62.247, 60, 12786.625000
62.247, 60, 12787.070312
62.247, 60, 12787.515625
62.247, 60, 12787.959961
62.247, 60, 12788.405273
62.247, 60, 12788.850586
62.247, 60, 12789.294922
62.247, 60, 12789.740234
62.247, 60, 12790.185547
62.247, 60, 12790.630859
62.247, 60, 12791.075195
62.247, 60, 12791.520508
62.247, 60, 12791.965820
62.247, 60, 12792.410156
62.247, 60, 12792.855469
62.247, 60, 12793.300781
62.247, 60, 12793.746094
62.247, 60, 12794.190430
62.247, 60, 12794.635742
62.247, 60, 12795.081055
62.247, 60, 12795.525391
62.247, 60, 12795.970703
62.247, 60, 12796.416016
62.247, 60, 12796.861328
62.247, 60, 12797.305664
62.247, 60, 12797.750977
62.247, 60, 12798.196289
62.247, 60, 12798.640625
62.247, 60, 12799.085938
62.247, 60, 12799.531250
62.247, 60, 12799.976562
62.247, 60, 12800.420898
62.247, 60, 12800.866211
62.247, 60, 12801.311523
62.247, 60, 12801.755859
62.247, 60, 12802.201172
62.247, 60, 12802.646484
62.247, 60, 12803.091797
62.247, 60, 12803.536133
62.247, 60, 12803.981445
62.247, 60, 12804.426758
62.247, 60, 12804.871094
62.247, 60, 12805.316406
62.247, 60, 12805.761719
62.247, 60, 12806.207031
62.247, 60, 12806.651367
62.247, 60, 12807.096680
62.247, 60, 12807.541992
62.247, 60, 12807.986328
62.247, 60, 12808.431641
62.247, 60, 12808.876953
62.247, 60, 12809.321289
62.247, 60, 12809.766602
62.247, 60, 12810.211914
62.247, 60, 12810.657227
62.247, 60, 12811.101562
62.247, 60, 12811.546875
62.247, 60, 12811.992188
62.247, 60, 12812.436523
62.247, 60, 12812.881836
62.247, 60, 12813.327148
62.247, 60, 12813.772461
62.247, 60, 12814.216797
62.247, 60, 12814.662109
62.247, 60, 12815.107422
62.247, 60, 12815.551758
62.247, 60, 12815.997070
62.247, 60, 12816.442383
62.247, 60, 12816.887695
62.247, 60, 12817.332031
62.247, 60, 12817.777344
62.247, 60, 12818.222656
62.247, 60, 12818.666992
62.247, 60, 12819.112305
62.247, 60, 12819.557617
62.247, 60, 12820.002930
62.247, 60, 12820.447266
62.247, 60, 12820.892578
62.247, 60, 12821.337891
62.247, 60, 12821.782227
62.247, 60, 12822.227539
62.247, 60, 12822.672852
62.247, 60, 12823.118164
62.247, 60, 12823.562500
62.247, 60, 12824.007812
62.247, 60, 12824.453125
62.247, 60, 12824.897461
62.247, 60, 12825.342773
62.247, 60, 12825.788086
62.247, 60, 12826.233398
62.247, 60, 12826.677734
62.247, 60, 12827.123047
62.247, 60, 12827.568359
62.247, 60, 12828.012695
62.247, 60, 12828.458008
62.247, 60, 12828.903320
62.247, 60, 12829.348633
62.247, 60, 12829.792969
62.247, 60, 12830.238281
62.247, 60, 12830.683594
62.247, 60, 12831.127930
62.247, 60, 12831.573242
62.247, 60, 12832.018555
62.247, 60, 12832.462891
62.247, 60, 12832.908203
62.247, 60, 12833.353516
62.247, 60, 12833.798828
62.342, 60, 12834.243164
62.342, 60, 12834.688477
62.342, 60, 12835.133789
62.342, 60, 12835.578125
62.342, 60, 12836.023438
62.342, 60, 12836.468750
62.342, 60, 12836.914062
62.342, 60, 12837.358398
62.342, 60, 12837.803711
62.342, 60, 12838.249023
62.342, 60, 12838.693359
62.342, 60, 12839.138672
62.342, 60, 12839.583984
62.342, 60, 12840.029297
62.342, 60, 12840.473633
62.342, 60, 12840.918945
62.342, 60, 12841.364258
62.342, 60, 12841.808594
62.342, 60, 12842.253906
62.342, 60, 12842.699219
62.342, 60, 12843.144531
62.342, 60, 12843.588867
62.342, 60, 12844.034180
62.342, 60, 12844.479492
62.342, 60, 12844.923828
62.342, 60, 12845.369141
62.342, 60, 12845.814453
62.342, 60, 12846.259766
62.342, 60, 12846.704102
62.342, 60, 12847.149414
62.342, 60, 12847.594727
62.342, 60, 12848.039062
62.342, 60, 12848.484375
62.342, 60, 12848.929688
62.342, 60, 12849.375000
62.342, 60, 12849.819336
62.342, 60, 12850.264648
62.342, 60, 12850.709961
62.342, 60, 12851.154297
62.342, 60, 12851.599609
62.342, 60, 12852.044922
62.342, 60, 12852.490234
62.342, 60, 12852.934570
62.342, 60, 12853.379883
62.342, 60, 12853.825195
62.342, 60, 12854.269531
62.342, 60, 12854.714844
62.342, 60, 12855.160156
62.342, 60, 12855.604492
62.342, 60, 12856.049805
62.342, 60, 12856.495117
62.342, 60, 12856.940430
62.342, 60, 12857.384766
62.342, 60, 12857.830078
62.342, 60, 12858.275391
62.342, 60, 12858.719727
62.342, 60, 12859.165039
62.342, 60, 12859.610352
62.342, 60, 12860.055664
62.342, 60, 12860.500000
62.342, 60, 12860.945312
62.342, 60, 12861.390625
62.342, 60, 12861.834961
62.342, 60, 12862.280273
62.342, 60, 12862.725586
62.342, 60, 12863.170898
62.342, 60, 12863.615234
62.342, 60, 12864.060547
62.342, 60, 12864.505859
62.342, 60, 12864.950195
62.342, 60, 12865.395508
62.342, 60, 12865.840820
62.342, 60, 12866.286133
62.342, 60, 12866.730469
62.342, 60, 12867.175781
62.342, 60, 12867.621094
62.342, 60, 12868.065430
62.342, 60, 12868.510742
62.342, 60, 12868.956055
62.342, 60, 12869.401367
62.342, 60, 12869.845703
62.342, 60, 12870.291016
62.342, 60, 12870.736328
62.342, 60, 12871.180664
62.342, 60, 12871.625977
62.342, 60, 12872.071289
62.342, 60, 12872.516602
62.342, 60, 12872.960938
62.342, 60, 12873.406250
62.342, 60, 12873.851562
62.342, 60, 12874.295898
62.342, 60, 12874.741211
62.342, 60, 12875.186523
62.342, 60, 12875.631836
62.342, 60, 12876.076172
62.342, 60, 12876.521484
62.342, 60, 12876.966797
62.342, 60, 12877.411133
62.342, 60, 12877.856445
62.342, 60, 12878.301758
62.342, 60, 12878.746094
62.342, 60, 12879.191406
62.342, 60, 12879.636719
62.436, 60, 12880.082031
62.436, 60, 12880.526367
62.436, 60, 12880.971680
62.436, 60, 12881.416992
62.436, 60, 12881.861328
62.436, 60, 12882.306641
62.436, 60, 12882.751953
62.436, 60, 12883.197266
62.436, 60, 12883.641602
62.436, 60, 12884.086914
62.436, 60, 12884.532227
62.436, 60, 12884.976562
62.436, 60, 12885.421875
62.436, 60, 12885.867188
62.436, 60, 12886.312500
62.436, 60, 12886.756836
62.436, 60, 12887.202148
62.436, 60, 12887.647461
62.436, 60, 12888.091797
62.436, 60, 12888.537109
62.436, 60, 12888.982422
62.436, 60, 12889.427734
62.436, 60, 12889.872070
62.436, 60, 12890.317383
62.436, 60, 12890.762695
62.436, 60, 12891.207031
62.436, 60, 12891.652344
62.436, 60, 12892.097656
62.436, 60, 12892.542969
62.436, 60, 12892.987305
62.436, 60, 12893.432617
62.436, 60, 12893.877930
62.436, 60, 12894.322266
62.436, 60, 12894.767578
62.436, 60, 12895.212891
62.531, 60, 12895.658203
62.531, 60, 12896.102539
62.531, 60, 12896.547852
62.531, 60, 12896.993164
62.531, 60, 12897.437500
62.531, 60, 12897.882812
62.531, 60, 12898.328125
62.531, 60, 12898.773438
62.531, 60, 12899.217773
62.531, 60, 12899.663086
62.531, 60, 12900.108398
62.531, 60, 12900.552734
62.531, 60, 12900.998047
62.531, 60, 12901.443359
62.531, 60, 12901.887695
62.531, 60, 12902.333008
62.531, 60, 12902.778320
62.531, 60, 12903.223633
62.531, 60, 12903.667969
62.531, 60, 12904.113281
62.531, 60, 12904.558594
62.531, 60, 12905.002930
62.531, 60, 12905.448242
62.531, 60, 12905.893555
62.531, 60, 12906.338867
62.531, 60, 12906.783203
62.531, 60, 12907.228516
62.531, 60, 12907.673828
62.531, 60, 12908.118164
62.531, 60, 12908.563477
62.531, 60, 12909.008789
62.531, 60, 12909.454102
62.531, 60, 12909.898438
62.531, 60, 12910.343750
62.531, 60, 12910.789062
62.247, 60, 12911.233398
62.247, 60, 12911.678711
62.247, 60, 12912.124023
62.247, 60, 12912.569336
62.247, 60, 12913.013672
62.247, 60, 12913.458984
62.247, 60, 12913.904297
62.247, 60, 12914.348633
62.247, 60, 12914.793945
62.247, 60, 12915.239258
62.247, 60, 12915.684570
62.247, 60, 12916.128906
62.247, 60, 12916.574219
62.247, 60, 12917.019531
62.247, 60, 12917.463867
62.247, 60, 12917.909180
62.247, 60, 12918.354492
62.247, 60, 12918.799805
62.247, 60, 12919.244141
62.247, 60, 12919.689453
62.247, 60, 12920.134766
62.247, 60, 12920.579102
62.247, 60, 12921.024414
62.247, 60, 12921.469727
62.247, 60, 12921.915039
62.247, 60, 12922.359375
62.247, 60, 12922.804688
62.247, 60, 12923.250000
62.247, 60, 12923.694336
62.247, 60, 12924.139648
62.247, 60, 12924.584961
62.247, 60, 12925.029297
62.247, 60, 12925.474609
62.247, 60, 12925.919922
62.247, 60, 12926.365234
62.247, 60, 12926.809570
62.151, 60, 12927.254883
62.151, 60, 12927.700195
62.151, 60, 12928.144531
62.151, 60, 12928.589844
62.151, 60, 12929.035156
62.151, 60, 12929.480469
62.151, 60, 12929.924805
62.151, 60, 12930.370117
62.151, 60, 12930.815430
62.151, 60, 12931.259766
62.151, 60, 12931.705078
62.151, 60, 12932.150391
62.151, 60, 12932.595703
62.151, 60, 12933.040039
62.151, 60, 12933.485352
62.151, 60, 12933.930664
62.151, 60, 12934.375000
62.151, 60, 12934.820312
62.151, 60, 12935.265625
62.151, 60, 12935.710938
62.151, 60, 12936.155273
62.151, 60, 12936.600586
62.151, 60, 12937.045898
62.151, 60, 12937.490234
62.151, 60, 12937.935547
62.151, 60, 12938.380859
62.151, 60, 12938.826172
62.151, 60, 12939.270508
62.151, 60, 12939.715820
62.151, 60, 12940.161133
62.151, 60, 12940.605469
62.151, 60, 12941.050781
62.151, 60, 12941.496094
62.151, 60, 12941.941406
61.961, 60, 12942.385742
61.961, 60, 12942.831055
61.961, 60, 12943.276367
61.961, 60, 12943.720703
61.961, 60, 12944.166016
61.961, 60, 12944.611328
61.961, 60, 12945.056641
61.961, 60, 12945.500977
61.961, 60, 12945.946289
61.961, 60, 12946.391602
61.961, 60, 12946.835938
61.961, 60, 12947.281250
61.961, 60, 12947.726562
61.961, 60, 12948.170898
61.961, 60, 12948.616211
61.961, 60, 12949.061523
61.961, 60, 12949.506836
61.961, 60, 12949.951172
61.961, 60, 12950.396484
61.961, 60, 12950.841797
61.961, 60, 12951.286133
61.961, 60, 12951.731445
61.961, 60, 12952.176758
61.961, 60, 12952.622070
61.961, 60, 12953.066406
61.961, 60, 12953.511719
61.961, 60, 12953.957031
61.961, 60, 12954.401367
61.961, 60, 12954.846680
61.961, 60, 12955.291992
61.961, 60, 12955.737305
61.961, 60, 12956.181641
61.961, 60, 12956.626953
61.961, 60, 12957.072266
61.961, 60, 12957.516602
61.979, 60, 12957.961914
61.979, 60, 12958.407227
61.979, 60, 12958.852539
61.979, 60, 12959.296875
61.979, 60, 12959.742188
61.979, 60, 12960.187500
61.979, 60, 12960.631836
61.979, 60, 12961.077148
61.979, 60, 12961.522461
61.979, 60, 12961.967773
61.979, 60, 12962.412109
61.979, 60, 12962.857422
61.979, 60, 12963.302734
61.979, 60, 12963.747070
61.979, 60, 12964.192383
61.979, 60, 12964.637695
61.979, 60, 12965.083008
61.979, 60, 12965.527344
61.979, 60, 12965.972656
61.979, 60, 12966.417969
61.979, 60, 12966.862305
61.979, 60, 12967.307617
61.979, 60, 12967.752930
61.979, 60, 12968.198242
61.979, 60, 12968.642578
61.979, 60, 12969.087891
61.979, 60, 12969.533203
61.979, 60, 12969.977539
61.979, 60, 12970.422852
61.979, 60, 12970.868164
61.979, 60, 12971.312500
61.979, 60, 12971.757812
61.979, 60, 12972.203125
61.979, 60, 12972.648438
61.979, 60, 12973.092773
61.979, 60, 12973.538086
61.979, 60, 12973.983398
61.979, 60, 12974.427734
61.979, 60, 12974.873047
61.979, 60, 12975.318359
61.979, 60, 12975.763672
61.979, 60, 12976.208008
61.979, 60, 12976.653320
61.979, 60, 12977.098633
61.979, 60, 12977.542969
61.979, 60, 12977.988281
61.979, 60, 12978.433594
61.979, 60, 12978.878906
61.979, 60, 12979.323242
61.979, 60, 12979.768555
61.979, 60, 12980.213867
61.979, 60, 12980.658203
61.979, 60, 12981.103516
61.979, 60, 12981.548828
61.979, 60, 12981.994141
61.979, 60, 12982.438477
61.979, 60, 12982.883789
61.979, 60, 12983.329102
61.979, 60, 12983.773438
61.979, 60, 12984.218750
61.979, 60, 12984.664062
61.979, 60, 12985.109375
61.979, 60, 12985.553711
61.979, 60, 12985.999023
61.979, 60, 12986.444336
61.979, 60, 12986.888672
61.979, 60, 12987.333984
61.979, 60, 12987.779297
61.979, 60, 12988.224609
61.979, 60, 12988.668945
61.979, 60, 12989.114258
61.979, 60, 12989.559570
61.979, 60, 12990.003906
61.979, 60, 12990.449219
61.979, 60, 12990.894531
61.979, 60, 12991.339844
61.979, 60, 12991.784180
61.979, 60, 12992.229492
61.979, 60, 12992.674805
61.979, 60, 12993.119141
61.979, 60, 12993.564453
61.979, 60, 12994.009766
61.979, 60, 12994.454102
61.979, 60, 12994.899414
61.979, 60, 12995.344727
61.979, 60, 12995.790039
61.979, 60, 12996.234375
61.979, 60, 12996.679688
61.979, 60, 12997.125000
61.979, 60, 12997.569336
61.979, 60, 12998.014648
61.979, 60, 12998.459961
61.979, 60, 12998.905273
61.979, 60, 12999.349609
61.979, 60, 12999.794922
61.979, 60, 13000.240234
61.979, 60, 13000.684570
61.979, 60, 13001.129883
61.979, 60, 13001.575195
61.979, 60, 13002.020508
61.979, 60, 13002.464844
61.979, 60, 13002.910156
61.979, 60, 13003.355469
61.979, 60, 13003.799805
61.961, 60, 13004.245117
61.961, 60, 13004.690430
61.961, 60, 13005.135742
61.961, 60, 13005.580078
61.961, 60, 13006.025391
61.961, 60, 13006.470703
61.961, 60, 13006.915039
61.961, 60, 13007.360352
61.961, 60, 13007.805664
61.961, 60, 13008.250977
61.961, 60, 13008.695312
61.961, 60, 13009.140625
61.961, 60, 13009.585938
61.961, 60, 13010.030273
61.961, 60, 13010.475586
61.961, 60, 13010.920898
61.961, 60, 13011.366211
61.961, 60, 13011.810547
61.961, 60, 13012.255859
61.961, 60, 13012.701172
61.961, 60, 13013.145508
61.961, 60, 13013.590820
61.961, 60, 13014.036133
61.961, 60, 13014.481445
61.961, 60, 13014.925781
61.961, 60, 13015.371094
61.961, 60, 13015.816406
61.961, 60, 13016.260742
61.961, 60, 13016.706055
61.961, 60, 13017.151367
61.961, 60, 13017.595703
61.961, 60, 13018.041016
61.961, 60, 13018.486328
61.961, 60, 13018.931641
61.961, 60, 13019.375977
61.961, 60, 13019.821289
61.961, 60, 13020.266602
61.961, 60, 13020.710938
61.961, 60, 13021.156250
61.961, 60, 13021.601562
61.961, 60, 13022.046875
61.961, 60, 13022.491211
61.961, 60, 13022.936523
61.961, 60, 13023.381836
61.961, 60, 13023.826172
61.961, 60, 13024.271484
61.961, 60, 13024.716797
61.961, 60, 13025.162109
61.961, 60, 13025.606445
61.961, 60, 13026.051758
61.961, 60, 13026.497070
61.961, 60, 13026.941406
61.961, 60, 13027.386719
61.961, 60, 13027.832031
61.961, 60, 13028.277344
61.961, 60, 13028.721680
61.961, 60, 13029.166992
61.961, 60, 13029.612305
61.961, 60, 13030.056641
61.961, 60, 13030.501953
61.961, 60, 13030.947266
61.961, 60, 13031.392578
61.961, 60, 13031.836914
61.961, 60, 13032.282227
61.961, 60, 13032.727539
61.961, 60, 13033.171875
61.961, 60, 13033.617188
61.961, 60, 13034.062500
61.961, 60, 13034.507812
61.961, 60, 13034.952148
61.961, 60, 13035.397461
61.961, 60, 13035.842773
61.961, 60, 13036.287109
61.961, 60, 13036.732422
61.961, 60, 13037.177734
61.961, 60, 13037.623047
61.961, 60, 13038.067383
61.961, 60, 13038.512695
61.961, 60, 13038.958008
61.961, 60, 13039.402344
61.961, 60, 13039.847656
61.961, 60, 13040.292969
61.961, 60, 13040.737305
61.961, 60, 13041.182617
61.961, 60, 13041.627930
61.961, 60, 13042.073242
61.961, 60, 13042.517578
61.961, 60, 13042.962891
61.961, 60, 13043.408203
61.961, 60, 13043.852539
61.961, 60, 13044.297852
61.961, 60, 13044.743164
61.961, 60, 13045.188477
61.961, 60, 13045.632812
61.961, 60, 13046.078125
61.961, 60, 13046.523438
61.961, 60, 13046.967773
61.961, 60, 13047.413086
61.961, 60, 13047.858398
61.961, 60, 13048.303711
61.961, 60, 13048.748047
61.961, 60, 13049.193359
61.961, 60, 13049.638672
61.961, 60, 13050.083008
61.961, 60, 13050.528320
61.961, 60, 13050.973633
61.961, 60, 13051.418945
61.961, 60, 13051.863281
61.961, 60, 13052.308594
61.961, 60, 13052.753906
61.961, 60, 13053.198242
61.961, 60, 13053.643555
61.961, 60, 13054.088867
61.961, 60, 13054.534180
61.961, 60, 13054.978516
61.961, 60, 13055.423828
61.961, 60, 13055.869141
61.961, 60, 13056.313477
61.961, 60, 13056.758789
61.961, 60, 13057.204102
61.961, 60, 13057.649414
61.961, 60, 13058.093750
61.961, 60, 13058.539062
61.961, 60, 13058.984375
61.961, 60, 13059.428711
61.961, 60, 13059.874023
61.961, 60, 13060.319336
61.961, 60, 13060.764648
61.961, 60, 13061.208984
61.961, 60, 13061.654297
61.961, 60, 13062.099609
61.961, 60, 13062.543945
61.961, 60, 13062.989258
61.961, 60, 13063.434570
61.961, 60, 13063.878906
61.961, 60, 13064.324219
61.961, 60, 13064.769531
62.151, 60, 13065.214844
62.151, 60, 13065.659180
62.151, 60, 13066.104492
62.151, 60, 13066.549805
62.151, 60, 13066.994141
62.151, 60, 13067.439453
62.151, 60, 13067.884766
62.151, 60, 13068.330078
62.151, 60, 13068.774414
62.151, 60, 13069.219727
62.151, 60, 13069.665039
62.151, 60, 13070.109375
62.151, 60, 13070.554688
62.151, 60, 13071.000000
62.151, 60, 13071.445312
62.151, 60, 13071.889648
62.151, 60, 13072.334961
62.151, 60, 13072.780273
62.151, 60, 13073.224609
62.151, 60, 13073.669922
62.151, 60, 13074.115234
62.151, 60, 13074.560547
62.151, 60, 13075.004883
62.151, 60, 13075.450195
62.151, 60, 13075.895508
62.151, 60, 13076.339844
62.151, 60, 13076.785156
62.151, 60, 13077.230469
62.151, 60, 13077.675781
62.151, 60, 13078.120117
62.151, 60, 13078.565430
62.151, 60, 13079.010742
62.151, 60, 13079.455078
62.151, 60, 13079.900391
62.056, 60, 13080.345703
62.056, 60, 13080.791016
62.056, 60, 13081.235352
62.056, 60, 13081.680664
62.056, 60, 13082.125977
62.056, 60, 13082.570312
62.056, 60, 13083.015625
62.056, 60, 13083.460938
62.056, 60, 13083.906250
62.056, 60, 13084.350586
62.056, 60, 13084.795898
62.056, 60, 13085.241211
62.056, 60, 13085.685547
62.056, 60, 13086.130859
62.056, 60, 13086.576172
62.056, 60, 13087.020508
62.056, 60, 13087.465820
62.056, 60, 13087.911133
62.056, 60, 13088.356445
62.056, 60, 13088.800781
62.056, 60, 13089.246094
62.056, 60, 13089.691406
62.056, 60, 13090.135742
62.056, 60, 13090.581055
62.056, 60, 13091.026367
62.056, 60, 13091.471680
62.056, 60, 13091.916016
62.056, 60, 13092.361328
62.056, 60, 13092.806641
62.056, 60, 13093.250977
62.056, 60, 13093.696289
62.056, 60, 13094.141602
62.056, 60, 13094.586914
62.056, 60, 13095.031250
62.056, 60, 13095.476562
61.961, 60, 13095.921875
61.961, 60, 13096.366211
61.961, 60, 13096.811523
61.961, 60, 13097.256836
61.961, 60, 13097.702148
61.961, 60, 13098.146484
61.961, 60, 13098.591797
61.961, 60, 13099.037109
61.961, 60, 13099.481445
61.961, 60, 13099.926758
61.961, 60, 13100.372070
61.961, 60, 13100.817383
61.961, 60, 13101.261719
61.961, 60, 13101.707031
61.961, 60, 13102.152344
61.961, 60, 13102.596680
61.961, 60, 13103.041992
61.961, 60, 13103.487305
61.961, 60, 13103.932617
61.961, 60, 13104.376953
61.961, 60, 13104.822266
61.961, 60, 13105.267578
61.961, 60, 13105.711914
61.961, 60, 13106.157227
61.961, 60, 13106.602539
61.961, 60, 13107.047852
61.961, 60, 13107.492188
61.961, 60, 13107.937500
61.961, 60, 13108.382812
61.961, 60, 13108.827148
61.961, 60, 13109.272461
61.961, 60, 13109.717773
61.961, 60, 13110.162109
61.961, 60, 13110.607422
61.961, 60, 13111.052734
61.961, 60, 13111.498047
61.961, 60, 13111.942383
61.961, 60, 13112.387695
61.961, 60, 13112.833008
61.961, 60, 13113.277344
61.961, 60, 13113.722656
61.961, 60, 13114.167969
61.961, 60, 13114.613281
61.961, 60, 13115.057617
61.961, 60, 13115.502930
61.961, 60, 13115.948242
61.961, 60, 13116.392578
61.961, 60, 13116.837891
61.961, 60, 13117.283203
61.961, 60, 13117.728516
61.961, 60, 13118.172852
61.961, 60, 13118.618164
61.961, 60, 13119.063477
61.961, 60, 13119.507812
61.961, 60, 13119.953125
61.961, 60, 13120.398438
61.961, 60, 13120.843750
61.961, 60, 13121.288086
61.961, 60, 13121.733398
61.961, 60, 13122.178711
61.961, 60, 13122.623047
61.961, 60, 13123.068359
61.961, 60, 13123.513672
61.961, 60, 13123.958984
61.961, 60, 13124.403320
61.961, 60, 13124.848633
61.961, 60, 13125.293945
61.961, 60, 13125.738281
61.961, 60, 13126.183594
61.961, 60, 13126.628906
62.074, 60, 13127.074219
62.074, 60, 13127.518555
62.074, 60, 13127.963867
62.074, 60, 13128.409180
62.074, 60, 13128.853516
62.074, 60, 13129.298828
62.074, 60, 13129.744141
62.074, 60, 13130.189453
62.074, 60, 13130.633789
62.074, 60, 13131.079102
62.074, 60, 13131.524414
62.074, 60, 13131.968750
62.074, 60, 13132.414062
62.074, 60, 13132.859375
62.074, 60, 13133.303711
62.074, 60, 13133.749023
62.074, 60, 13134.194336
62.074, 60, 13134.639648
62.074, 60, 13135.083984
62.074, 60, 13135.529297
62.074, 60, 13135.974609
62.074, 60, 13136.418945
62.074, 60, 13136.864258
62.074, 60, 13137.309570
62.074, 60, 13137.754883
62.074, 60, 13138.199219
62.074, 60, 13138.644531
62.074, 60, 13139.089844
62.074, 60, 13139.534180
62.074, 60, 13139.979492
62.074, 60, 13140.424805
62.074, 60, 13140.870117
62.074, 60, 13141.314453
62.074, 60, 13141.759766
62.151, 60, 13142.205078
62.151, 60, 13142.649414
62.151, 60, 13143.094727
62.151, 60, 13143.540039
62.151, 60, 13143.985352
62.151, 60, 13144.429688
62.151, 60, 13144.875000
62.151, 60, 13145.320312
62.151, 60, 13145.764648
62.151, 60, 13146.209961
62.151, 60, 13146.655273
62.151, 60, 13147.100586
62.151, 60, 13147.544922
62.151, 60, 13147.990234
62.151, 60, 13148.435547
62.151, 60, 13148.879883
62.151, 60, 13149.325195
62.151, 60, 13149.770508
62.151, 60, 13150.215820
62.151, 60, 13150.660156
62.151, 60, 13151.105469
62.151, 60, 13151.550781
62.151, 60, 13151.995117
62.151, 60, 13152.440430
62.151, 60, 13152.885742
62.151, 60, 13153.331055
62.151, 60, 13153.775391
62.151, 60, 13154.220703
62.151, 60, 13154.666016
62.151, 60, 13155.110352
62.151, 60, 13155.555664
62.151, 60, 13156.000977
62.151, 60, 13156.445312
62.151, 60, 13156.890625
62.151, 60, 13157.335938
62.151, 60, 13157.781250
62.151, 60, 13158.225586
62.151, 60, 13158.670898
62.151, 60, 13159.116211
62.151, 60, 13159.560547
62.151, 60, 13160.005859
62.151, 60, 13160.451172
62.151, 60, 13160.896484
62.151, 60, 13161.340820
62.151, 60, 13161.786133
62.151, 60, 13162.231445
62.151, 60, 13162.675781
62.151, 60, 13163.121094
62.151, 60, 13163.566406
62.151, 60, 13164.011719
62.151, 60, 13164.456055
62.151, 60, 13164.901367
62.151, 60, 13165.346680
62.151, 60, 13165.791016
62.151, 60, 13166.236328
62.151, 60, 13166.681641
62.151, 60, 13167.126953
62.151, 60, 13167.571289
62.151, 60, 13168.016602
62.151, 60, 13168.461914
62.151, 60, 13168.906250
62.151, 60, 13169.351562
62.151, 60, 13169.796875
62.151, 60, 13170.242188
62.151, 60, 13170.686523
62.151, 60, 13171.131836
62.151, 60, 13171.577148
62.151, 60, 13172.021484
62.151, 60, 13172.466797
62.151, 60, 13172.912109
62.151, 60, 13173.357422
62.151, 60, 13173.801758
62.151, 60, 13174.247070
62.151, 60, 13174.692383
62.151, 60, 13175.136719
62.151, 60, 13175.582031
62.151, 60, 13176.027344
62.151, 60, 13176.472656
62.151, 60, 13176.916992
62.151, 60, 13177.362305
62.151, 60, 13177.807617
62.151, 60, 13178.251953
62.151, 60, 13178.697266
62.151, 60, 13179.142578
62.151, 60, 13179.586914
62.151, 60, 13180.032227
62.151, 60, 13180.477539
62.151, 60, 13180.922852
62.151, 60, 13181.367188
62.151, 60, 13181.812500
62.151, 60, 13182.257812
62.151, 60, 13182.702148
62.151, 60, 13183.147461
62.151, 60, 13183.592773
62.151, 60, 13184.038086
62.151, 60, 13184.482422
62.151, 60, 13184.927734
62.151, 60, 13185.373047
62.151, 60, 13185.817383
62.151, 60, 13186.262695
62.151, 60, 13186.708008
62.151, 60, 13187.153320
62.151, 60, 13187.597656
62.151, 60, 13188.042969
62.151, 60, 13188.488281
62.151, 60, 13188.932617
62.151, 60, 13189.377930
62.151, 60, 13189.823242
62.151, 60, 13190.268555
62.151, 60, 13190.712891
62.151, 60, 13191.158203
62.151, 60, 13191.603516
62.151, 60, 13192.047852
62.151, 60, 13192.493164
62.151, 60, 13192.938477
62.151, 60, 13193.383789
62.151, 60, 13193.828125
62.151, 60, 13194.273438
62.151, 60, 13194.718750
62.151, 60, 13195.163086
62.151, 60, 13195.608398
62.151, 60, 13196.053711
62.151, 60, 13196.499023
62.151, 60, 13196.943359
62.151, 60, 13197.388672
62.151, 60, 13197.833984
62.151, 60, 13198.278320
62.151, 60, 13198.723633
62.151, 60, 13199.168945
62.151, 60, 13199.614258
62.151, 60, 13200.058594
62.151, 60, 13200.503906
62.151, 60, 13200.949219
62.151, 60, 13201.393555
62.151, 60, 13201.838867
62.151, 60, 13202.284180
62.151, 60, 13202.728516
62.151, 60, 13203.173828
62.247, 60, 13203.619141
62.247, 60, 13204.064453
62.247, 60, 13204.508789
62.247, 60, 13204.954102
62.247, 60, 13205.399414
62.247, 60, 13205.843750
62.247, 60, 13206.289062
62.247, 60, 13206.734375
62.247, 60, 13207.179688
62.247, 60, 13207.624023
62.247, 60, 13208.069336
62.247, 60, 13208.514648
62.247, 60, 13208.958984
62.247, 60, 13209.404297
62.247, 60, 13209.849609
62.247, 60, 13210.294922
62.247, 60, 13210.739258
62.247, 60, 13211.184570
62.247, 60, 13211.629883
62.247, 60, 13212.074219
62.247, 60, 13212.519531
62.247, 60, 13212.964844
62.247, 60, 13213.410156
62.247, 60, 13213.854492
62.247, 60, 13214.299805
62.247, 60, 13214.745117
62.247, 60, 13215.189453
62.247, 60, 13215.634766
62.247, 60, 13216.080078
62.247, 60, 13216.525391
62.247, 60, 13216.969727
62.247, 60, 13217.415039
62.247, 60, 13217.860352
62.247, 60, 13218.304688
62.247, 60, 13218.750000
62.247, 60, 13219.195312
62.247, 60, 13219.640625
62.247, 60, 13220.084961
62.247, 60, 13220.530273
62.247, 60, 13220.975586
62.247, 60, 13221.419922
62.247, 60, 13221.865234
62.247, 60, 13222.310547
62.247, 60, 13222.755859
62.247, 60, 13223.200195
62.247, 60, 13223.645508
62.247, 60, 13224.090820
62.247, 60, 13224.535156
62.247, 60, 13224.980469
62.247, 60, 13225.425781
62.247, 60, 13225.870117
62.247, 60, 13226.315430
62.247, 60, 13226.760742
62.247, 60, 13227.206055
62.247, 60, 13227.650391
62.247, 60, 13228.095703
62.247, 60, 13228.541016
62.247, 60, 13228.985352
62.247, 60, 13229.430664
62.247, 60, 13229.875977
62.247, 60, 13230.321289
62.247, 60, 13230.765625
62.247, 60, 13231.210938
62.247, 60, 13231.656250
62.247, 60, 13232.100586
62.247, 60, 13232.545898
62.247, 60, 13232.991211
62.247, 60, 13233.436523
62.247, 60, 13233.880859
62.247, 60, 13234.326172
62.342, 60, 13234.771484
62.342, 60, 13235.215820
62.342, 60, 13235.661133
62.342, 60, 13236.106445
62.342, 60, 13236.551758
62.342, 60, 13236.996094
62.342, 60, 13237.441406
62.342, 60, 13237.886719
62.342, 60, 13238.331055
62.342, 60, 13238.776367
62.342, 60, 13239.221680
62.342, 60, 13239.666992
62.342, 60, 13240.111328
62.342, 60, 13240.556641
62.342, 60, 13241.001953
62.342, 60, 13241.446289
62.342, 60, 13241.891602
62.342, 60, 13242.336914
62.342, 60, 13242.782227
62.342, 60, 13243.226562
62.342, 60, 13243.671875
62.342, 60, 13244.117188
62.342, 60, 13244.561523
62.342, 60, 13245.006836
62.342, 60, 13245.452148
62.342, 60, 13245.897461
62.342, 60, 13246.341797
62.342, 60, 13246.787109
62.342, 60, 13247.232422
62.342, 60, 13247.676758
62.342, 60, 13248.122070
62.342, 60, 13248.567383
62.342, 60, 13249.011719
62.342, 60, 13249.457031
62.247, 60, 13249.902344
62.247, 60, 13250.347656
62.247, 60, 13250.791992
62.247, 60, 13251.237305
62.247, 60, 13251.682617
62.247, 60, 13252.126953
62.247, 60, 13252.572266
62.247, 60, 13253.017578
62.247, 60, 13253.462891
62.247, 60, 13253.907227
62.247, 60, 13254.352539
62.247, 60, 13254.797852
62.247, 60, 13255.242188
62.247, 60, 13255.687500
62.247, 60, 13256.132812
62.247, 60, 13256.578125
62.247, 60, 13257.022461
62.247, 60, 13257.467773
62.247, 60, 13257.913086
62.247, 60, 13258.357422
62.247, 60, 13258.802734
62.247, 60, 13259.248047
62.247, 60, 13259.693359
62.247, 60, 13260.137695
62.247, 60, 13260.583008
62.247, 60, 13261.028320
62.247, 60, 13261.472656
62.247, 60, 13261.917969
62.247, 60, 13262.363281
62.247, 60, 13262.808594
62.247, 60, 13263.252930
62.247, 60, 13263.698242
62.247, 60, 13264.143555
62.247, 60, 13264.587891
62.247, 60, 13265.033203
62.151, 60, 13265.478516
62.151, 60, 13265.923828
62.151, 60, 13266.368164
62.151, 60, 13266.813477
62.151, 60, 13267.258789
62.151, 60, 13267.703125
62.151, 60, 13268.148438
62.151, 60, 13268.593750
62.151, 60, 13269.039062
62.151, 60, 13269.483398
62.151, 60, 13269.928711
62.151, 60, 13270.374023
62.151, 60, 13270.818359
62.151, 60, 13271.263672
62.151, 60, 13271.708984
62.151, 60, 13272.153320
62.151, 60, 13272.598633
62.151, 60, 13273.043945
62.151, 60, 13273.489258
62.151, 60, 13273.933594
62.151, 60, 13274.378906
62.151, 60, 13274.824219
62.151, 60, 13275.268555
62.151, 60, 13275.713867
62.151, 60, 13276.159180
62.151, 60, 13276.604492
62.151, 60, 13277.048828
62.151, 60, 13277.494141
62.151, 60, 13277.939453
62.151, 60, 13278.383789
62.151, 60, 13278.829102
62.151, 60, 13279.274414
62.151, 60, 13279.719727
62.151, 60, 13280.164062
62.151, 60, 13280.609375
62.151, 60, 13281.054688
62.151, 60, 13281.499023
62.151, 60, 13281.944336
62.151, 60, 13282.389648
62.151, 60, 13282.834961
62.151, 60, 13283.279297
62.151, 60, 13283.724609
62.151, 60, 13284.169922
62.151, 60, 13284.614258
62.151, 60, 13285.059570
62.151, 60, 13285.504883
62.151, 60, 13285.950195
62.151, 60, 13286.394531
62.151, 60, 13286.839844
62.151, 60, 13287.285156
62.151, 60, 13287.729492
62.151, 60, 13288.174805
62.151, 60, 13288.620117
62.151, 60, 13289.065430
62.151, 60, 13289.509766
62.151, 60, 13289.955078
62.151, 60, 13290.400391
62.151, 60, 13290.844727
62.151, 60, 13291.290039
62.151, 60, 13291.735352
62.151, 60, 13292.180664
62.151, 60, 13292.625000
62.151, 60, 13293.070312
62.151, 60, 13293.515625
62.151, 60, 13293.959961
62.151, 60, 13294.405273
62.151, 60, 13294.850586
62.151, 60, 13295.294922
62.151, 60, 13295.740234
62.151, 60, 13296.185547
62.151, 60, 13296.630859
62.151, 60, 13297.075195
62.151, 60, 13297.520508
62.151, 60, 13297.965820
62.151, 60, 13298.410156
62.151, 60, 13298.855469
62.151, 60, 13299.300781
62.151, 60, 13299.746094
62.151, 60, 13300.190430
62.151, 60, 13300.635742
62.151, 60, 13301.081055
62.151, 60, 13301.525391
62.151, 60, 13301.970703
62.151, 60, 13302.416016
62.151, 60, 13302.861328
62.151, 60, 13303.305664
62.151, 60, 13303.750977
62.151, 60, 13304.196289
62.151, 60, 13304.640625
62.151, 60, 13305.085938
62.151, 60, 13305.531250
62.151, 60, 13305.976562
62.151, 60, 13306.420898
62.151, 60, 13306.866211
62.151, 60, 13307.311523
62.151, 60, 13307.755859
62.151, 60, 13308.201172
62.151, 60, 13308.646484
62.151, 60, 13309.091797
62.151, 60, 13309.536133
62.151, 60, 13309.981445
62.151, 60, 13310.426758
62.151, 60, 13310.871094
62.151, 60, 13311.316406
62.151, 60, 13311.761719
62.151, 60, 13312.207031
62.151, 60, 13312.651367
62.151, 60, 13313.096680
62.151, 60, 13313.541992
62.151, 60, 13313.986328
62.151, 60, 13314.431641
62.151, 60, 13314.876953
62.151, 60, 13315.322266
62.151, 60, 13315.766602
62.151, 60, 13316.211914
62.151, 60, 13316.657227
62.151, 60, 13317.101562
62.151, 60, 13317.546875
62.151, 60, 13317.992188
62.151, 60, 13318.436523
62.151, 60, 13318.881836
62.151, 60, 13319.327148
62.151, 60, 13319.772461
62.151, 60, 13320.216797
62.151, 60, 13320.662109
62.151, 60, 13321.107422
62.151, 60, 13321.551758
62.151, 60, 13321.997070
62.151, 60, 13322.442383
62.151, 60, 13322.887695
62.151, 60, 13323.332031
62.151, 60, 13323.777344
62.151, 60, 13324.222656
62.151, 60, 13324.666992
62.151, 60, 13325.112305
62.151, 60, 13325.557617
62.151, 60, 13326.002930
62.151, 60, 13326.447266
62.151, 60, 13326.892578
62.151, 60, 13327.337891
62.151, 60, 13327.782227
62.151, 60, 13328.227539
62.151, 60, 13328.672852
62.151, 60, 13329.118164
62.151, 60, 13329.562500
62.151, 60, 13330.007812
62.151, 60, 13330.453125
62.151, 60, 13330.897461
62.151, 60, 13331.342773
62.151, 60, 13331.788086
62.151, 60, 13332.233398
62.151, 60, 13332.677734
62.151, 60, 13333.123047
62.151, 60, 13333.568359
62.151, 60, 13334.012695
62.151, 60, 13334.458008
62.151, 60, 13334.903320
62.151, 60, 13335.348633
62.151, 60, 13335.792969
62.151, 60, 13336.238281
62.151, 60, 13336.683594
62.151, 60, 13337.127930
62.151, 60, 13337.573242
62.151, 60, 13338.018555
62.151, 60, 13338.463867
62.151, 60, 13338.908203
62.151, 60, 13339.353516
62.151, 60, 13339.798828
62.151, 60, 13340.243164
62.151, 60, 13340.688477
62.151, 60, 13341.133789
62.151, 60, 13341.578125
62.151, 60, 13342.023438
62.151, 60, 13342.468750
62.151, 60, 13342.914062
62.151, 60, 13343.358398
62.151, 60, 13343.803711
62.151, 60, 13344.249023
62.151, 60, 13344.693359
62.151, 60, 13345.138672
62.151, 60, 13345.583984
62.151, 60, 13346.029297
62.151, 60, 13346.473633
62.151, 60, 13346.918945
62.151, 60, 13347.364258
62.151, 60, 13347.808594
62.151, 60, 13348.253906
62.151, 60, 13348.699219
62.151, 60, 13349.144531
62.151, 60, 13349.588867
62.151, 60, 13350.034180
62.151, 60, 13350.479492
62.151, 60, 13350.923828
62.151, 60, 13351.369141
62.151, 60, 13351.814453
62.151, 60, 13352.259766
62.151, 60, 13352.704102
62.151, 60, 13353.149414
62.151, 60, 13353.594727
62.151, 60, 13354.039062
62.151, 60, 13354.484375
62.151, 60, 13354.929688
62.151, 60, 13355.375000
62.151, 60, 13355.819336
62.151, 60, 13356.264648
62.151, 60, 13356.709961
62.151, 60, 13357.154297
62.151, 60, 13357.599609
62.151, 60, 13358.044922
62.151, 60, 13358.490234
62.151, 60, 13358.934570
62.151, 60, 13359.379883
62.151, 60, 13359.825195
62.151, 60, 13360.269531
62.151, 60, 13360.714844
62.151, 60, 13361.160156
62.151, 60, 13361.605469
62.151, 60, 13362.049805
62.151, 60, 13362.495117
62.151, 60, 13362.940430
62.151, 60, 13363.384766
62.151, 60, 13363.830078
62.151, 60, 13364.275391
62.151, 60, 13364.719727
62.151, 60, 13365.165039
62.151, 60, 13365.610352
62.151, 60, 13366.055664
62.151, 60, 13366.500000
62.151, 60, 13366.945312
62.151, 60, 13367.390625
62.151, 60, 13367.834961
62.151, 60, 13368.280273
62.151, 60, 13368.725586
62.151, 60, 13369.170898
62.151, 60, 13369.615234
62.151, 60, 13370.060547
62.151, 60, 13370.505859
62.151, 60, 13370.950195
62.151, 60, 13371.395508
62.151, 60, 13371.840820
62.151, 60, 13372.286133
62.151, 60, 13372.730469
62.247, 60, 13373.175781
62.247, 60, 13373.621094
62.247, 60, 13374.065430
62.247, 60, 13374.510742
62.247, 60, 13374.956055
62.247, 60, 13375.401367
62.247, 60, 13375.845703
62.247, 60, 13376.291016
62.247, 60, 13376.736328
62.247, 60, 13377.180664
62.247, 60, 13377.625977
62.247, 60, 13378.071289
62.247, 60, 13378.516602
62.247, 60, 13378.960938
62.247, 60, 13379.406250
62.247, 60, 13379.851562
62.247, 60, 13380.295898
62.247, 60, 13380.741211
62.247, 60, 13381.186523
62.247, 60, 13381.631836
62.247, 60, 13382.076172
62.247, 60, 13382.521484
62.247, 60, 13382.966797
62.247, 60, 13383.411133
62.247, 60, 13383.856445
62.247, 60, 13384.301758
62.247, 60, 13384.747070
62.247, 60, 13385.191406
62.247, 60, 13385.636719
62.247, 60, 13386.082031
62.247, 60, 13386.526367
62.247, 60, 13386.971680
62.247, 60, 13387.416992
62.247, 60, 13387.861328
62.247, 60, 13388.306641
62.247, 60, 13388.751953
62.247, 60, 13389.197266
62.247, 60, 13389.641602
62.247, 60, 13390.086914
62.247, 60, 13390.532227
62.247, 60, 13390.976562
62.247, 60, 13391.421875
62.247, 60, 13391.867188
62.247, 60, 13392.312500
62.247, 60, 13392.756836
62.247, 60, 13393.202148
62.247, 60, 13393.647461
62.247, 60, 13394.091797
62.247, 60, 13394.537109
62.247, 60, 13394.982422
62.247, 60, 13395.427734
62.247, 60, 13395.872070
62.247, 60, 13396.317383
62.247, 60, 13396.762695
62.247, 60, 13397.207031
62.247, 60, 13397.652344
62.247, 60, 13398.097656
62.247, 60, 13398.542969
62.247, 60, 13398.987305
62.247, 60, 13399.432617
62.247, 60, 13399.877930
62.247, 60, 13400.322266
62.247, 60, 13400.767578
62.247, 60, 13401.212891
62.247, 60, 13401.658203
62.247, 60, 13402.102539
62.247, 60, 13402.547852
62.247, 60, 13402.993164
62.247, 60, 13403.437500
62.247, 60, 13403.882812
62.247, 60, 13404.328125
62.247, 60, 13404.773438
62.247, 60, 13405.217773
62.247, 60, 13405.663086
62.247, 60, 13406.108398
62.247, 60, 13406.552734
62.247, 60, 13406.998047
62.247, 60, 13407.443359
62.247, 60, 13407.888672
62.247, 60, 13408.333008
62.247, 60, 13408.778320
62.247, 60, 13409.223633
62.247, 60, 13409.667969
62.247, 60, 13410.113281
62.247, 60, 13410.558594
62.247, 60, 13411.002930
62.247, 60, 13411.448242
62.247, 60, 13411.893555
62.247, 60, 13412.338867
62.247, 60, 13412.783203
62.247, 60, 13413.228516
62.247, 60, 13413.673828
62.247, 60, 13414.118164
62.247, 60, 13414.563477
62.247, 60, 13415.008789
62.247, 60, 13415.454102
62.247, 60, 13415.898438
62.247, 60, 13416.343750
62.247, 60, 13416.789062
62.247, 60, 13417.233398
62.247, 60, 13417.678711
62.247, 60, 13418.124023
62.247, 60, 13418.569336
62.247, 60, 13419.013672
62.247, 60, 13419.458984
62.247, 60, 13419.904297
62.247, 60, 13420.348633
62.247, 60, 13420.793945
62.247, 60, 13421.239258
62.247, 60, 13421.684570
62.247, 60, 13422.128906
62.247, 60, 13422.574219
62.247, 60, 13423.019531
62.247, 60, 13423.463867
62.247, 60, 13423.909180
62.247, 60, 13424.354492
62.247, 60, 13424.799805
62.247, 60, 13425.244141
62.247, 60, 13425.689453
62.247, 60, 13426.134766
62.247, 60, 13426.579102
62.247, 60, 13427.024414
62.247, 60, 13427.469727
62.247, 60, 13427.915039
62.247, 60, 13428.359375
62.247, 60, 13428.804688
62.247, 60, 13429.250000
62.247, 60, 13429.694336
62.247, 60, 13430.139648
62.247, 60, 13430.584961
62.247, 60, 13431.030273
62.247, 60, 13431.474609
62.247, 60, 13431.919922
62.247, 60, 13432.365234
62.247, 60, 13432.809570
62.247, 60, 13433.254883
62.247, 60, 13433.700195
62.247, 60, 13434.144531
62.247, 60, 13434.589844
62.247, 60, 13435.035156
62.247, 60, 13435.480469
62.247, 60, 13435.924805
62.247, 60, 13436.370117
62.247, 60, 13436.815430
62.247, 60, 13437.259766
62.247, 60, 13437.705078
62.247, 60, 13438.150391
62.247, 60, 13438.595703
62.247, 60, 13439.040039
62.247, 60, 13439.485352
62.247, 60, 13439.930664
62.247, 60, 13440.375000
62.247, 60, 13440.820312
62.247, 60, 13441.265625
62.247, 60, 13441.710938
62.247, 60, 13442.155273
62.247, 60, 13442.600586
62.247, 60, 13443.045898
62.247, 60, 13443.490234
62.247, 60, 13443.935547
62.247, 60, 13444.380859
62.247, 60, 13444.826172
62.247, 60, 13445.270508
62.247, 60, 13445.715820
62.247, 60, 13446.161133
62.247, 60, 13446.605469
62.247, 60, 13447.050781
62.247, 60, 13447.496094
62.247, 60, 13447.941406
62.247, 60, 13448.385742
62.247, 60, 13448.831055
62.247, 60, 13449.276367
62.247, 60, 13449.720703
62.247, 60, 13450.166016
62.247, 60, 13450.611328
62.247, 60, 13451.056641
62.247, 60, 13451.500977
62.247, 60, 13451.946289
62.247, 60, 13452.391602
62.247, 60, 13452.835938
62.247, 60, 13453.281250
62.247, 60, 13453.726562
62.247, 60, 13454.171875
62.247, 60, 13454.616211
62.247, 60, 13455.061523
62.247, 60, 13455.506836
62.247, 60, 13455.951172
62.247, 60, 13456.396484
62.247, 60, 13456.841797
62.247, 60, 13457.286133
62.247, 60, 13457.731445
62.247, 60, 13458.176758
62.247, 60, 13458.622070
62.247, 60, 13459.066406
62.247, 60, 13459.511719
62.247, 60, 13459.957031
62.247, 60, 13460.401367
62.247, 60, 13460.846680
62.247, 60, 13461.291992
62.247, 60, 13461.737305
62.247, 60, 13462.181641
62.247, 60, 13462.626953
62.247, 60, 13463.072266
62.247, 60, 13463.516602
62.247, 60, 13463.961914
62.247, 60, 13464.407227
62.247, 60, 13464.852539
62.247, 60, 13465.296875
62.247, 60, 13465.742188
62.247, 60, 13466.187500
62.247, 60, 13466.631836
62.247, 60, 13467.077148
62.247, 60, 13467.522461
62.247, 60, 13467.967773
62.247, 60, 13468.412109
62.247, 60, 13468.857422
62.247, 60, 13469.302734
62.247, 60, 13469.747070
62.247, 60, 13470.192383
62.247, 60, 13470.637695
62.247, 60, 13471.083008
62.247, 60, 13471.527344
62.247, 60, 13471.972656
62.247, 60, 13472.417969
62.247, 60, 13472.862305
62.247, 60, 13473.307617
62.247, 60, 13473.752930
62.247, 60, 13474.198242
62.247, 60, 13474.642578
62.247, 60, 13475.087891
62.247, 60, 13475.533203
62.247, 60, 13475.977539
62.247, 60, 13476.422852
62.247, 60, 13476.868164
62.247, 60, 13477.313477
62.247, 60, 13477.757812
62.247, 60, 13478.203125
62.247, 60, 13478.648438
62.247, 60, 13479.092773
62.247, 60, 13479.538086
62.247, 60, 13479.983398
62.247, 60, 13480.427734
62.247, 60, 13480.873047
62.342, 60, 13481.318359
62.342, 60, 13481.763672
62.342, 60, 13482.208008
62.342, 60, 13482.653320
62.342, 60, 13483.098633
62.342, 60, 13483.542969
62.342, 60, 13483.988281
62.342, 60, 13484.433594
62.342, 60, 13484.878906
62.342, 60, 13485.323242
62.342, 60, 13485.768555
62.342, 60, 13486.213867
62.342, 60, 13486.658203
62.342, 60, 13487.103516
62.342, 60, 13487.548828
62.342, 60, 13487.994141
62.342, 60, 13488.438477
62.342, 60, 13488.883789
62.342, 60, 13489.329102
62.342, 60, 13489.773438
62.342, 60, 13490.218750
62.342, 60, 13490.664062
62.342, 60, 13491.109375
62.342, 60, 13491.553711
62.342, 60, 13491.999023
62.342, 60, 13492.444336
62.342, 60, 13492.888672
62.342, 60, 13493.333984
62.342, 60, 13493.779297
62.342, 60, 13494.224609
62.342, 60, 13494.668945
62.342, 60, 13495.114258
62.342, 60, 13495.559570
62.342, 60, 13496.003906
62.342, 60, 13496.449219
62.342, 60, 13496.894531
62.342, 60, 13497.339844
62.342, 60, 13497.784180
62.342, 60, 13498.229492
62.342, 60, 13498.674805
62.342, 60, 13499.119141
62.342, 60, 13499.564453
62.342, 60, 13500.009766
62.342, 60, 13500.455078
62.342, 60, 13500.899414
62.342, 60, 13501.344727
62.342, 60, 13501.790039
62.342, 60, 13502.234375
62.342, 60, 13502.679688
62.342, 60, 13503.125000
62.342, 60, 13503.569336
62.342, 60, 13504.014648
62.342, 60, 13504.459961
62.342, 60, 13504.905273
62.342, 60, 13505.349609
62.342, 60, 13505.794922
62.342, 60, 13506.240234
62.342, 60, 13506.684570
62.342, 60, 13507.129883
62.342, 60, 13507.575195
62.342, 60, 13508.020508
62.342, 60, 13508.464844
62.342, 60, 13508.910156
62.342, 60, 13509.355469
62.342, 60, 13509.799805
62.342, 60, 13510.245117
62.342, 60, 13510.690430
62.342, 60, 13511.135742
62.342, 60, 13511.580078
62.342, 60, 13512.025391
62.342, 60, 13512.470703
62.342, 60, 13512.915039
62.342, 60, 13513.360352
62.342, 60, 13513.805664
62.342, 60, 13514.250977
62.342, 60, 13514.695312
62.342, 60, 13515.140625
62.342, 60, 13515.585938
62.342, 60, 13516.030273
62.342, 60, 13516.475586
62.342, 60, 13516.920898
62.342, 60, 13517.366211
62.342, 60, 13517.810547
62.342, 60, 13518.255859
62.342, 60, 13518.701172
62.342, 60, 13519.145508
62.342, 60, 13519.590820
62.342, 60, 13520.036133
62.342, 60, 13520.481445
62.342, 60, 13520.925781
62.342, 60, 13521.371094
62.342, 60, 13521.816406
62.342, 60, 13522.260742
62.342, 60, 13522.706055
62.342, 60, 13523.151367
62.342, 60, 13523.596680
62.342, 60, 13524.041016
62.342, 60, 13524.486328
62.342, 60, 13524.931641
62.342, 60, 13525.375977
62.342, 60, 13525.821289
62.342, 60, 13526.266602
62.342, 60, 13526.710938
62.342, 60, 13527.156250
62.342, 60, 13527.601562
62.342, 60, 13528.046875
62.342, 60, 13528.491211
62.342, 60, 13528.936523
62.342, 60, 13529.381836
62.342, 60, 13529.826172
62.342, 60, 13530.271484
62.342, 60, 13530.716797
62.342, 60, 13531.162109
62.342, 60, 13531.606445
62.342, 60, 13532.051758
62.342, 60, 13532.497070
62.342, 60, 13532.941406
62.342, 60, 13533.386719
62.342, 60, 13533.832031
62.342, 60, 13534.277344
62.342, 60, 13534.721680
62.342, 60, 13535.166992
62.342, 60, 13535.612305
62.342, 60, 13536.056641
62.342, 60, 13536.501953
62.342, 60, 13536.947266
62.342, 60, 13537.392578
62.342, 60, 13537.836914
62.342, 60, 13538.282227
62.342, 60, 13538.727539
62.342, 60, 13539.171875
62.342, 60, 13539.617188
62.342, 60, 13540.062500
62.342, 60, 13540.507812
62.342, 60, 13540.952148
62.342, 60, 13541.397461
62.342, 60, 13541.842773
62.531, 60, 13542.287109
62.531, 60, 13542.732422
62.531, 60, 13543.177734
62.531, 60, 13543.623047
62.531, 60, 13544.067383
62.531, 60, 13544.512695
62.531, 60, 13544.958008
62.531, 60, 13545.402344
62.531, 60, 13545.847656
62.531, 60, 13546.292969
62.531, 60, 13546.738281
62.531, 60, 13547.182617
62.531, 60, 13547.627930
62.531, 60, 13548.073242
62.531, 60, 13548.517578
62.531, 60, 13548.962891
62.531, 60, 13549.408203
62.531, 60, 13549.852539
62.531, 60, 13550.297852
62.531, 60, 13550.743164
62.531, 60, 13551.188477
62.531, 60, 13551.632812
62.531, 60, 13552.078125
62.531, 60, 13552.523438
62.531, 60, 13552.967773
62.531, 60, 13553.413086
62.531, 60, 13553.858398
62.531, 60, 13554.303711
62.531, 60, 13554.748047
62.531, 60, 13555.193359
62.531, 60, 13555.638672
62.531, 60, 13556.083008
62.531, 60, 13556.528320
62.531, 60, 13556.973633
62.247, 60, 13557.418945
62.247, 60, 13557.863281
62.247, 60, 13558.308594
62.247, 60, 13558.753906
62.247, 60, 13559.198242
62.247, 60, 13559.643555
62.247, 60, 13560.088867
62.247, 60, 13560.534180
62.247, 60, 13560.978516
62.247, 60, 13561.423828
62.247, 60, 13561.869141
62.247, 60, 13562.313477
62.247, 60, 13562.758789
62.247, 60, 13563.204102
62.247, 60, 13563.649414
62.247, 60, 13564.093750
62.247, 60, 13564.539062
62.247, 60, 13564.984375
62.247, 60, 13565.428711
62.247, 60, 13565.874023
62.247, 60, 13566.319336
62.247, 60, 13566.764648
62.247, 60, 13567.208984
62.247, 60, 13567.654297
62.247, 60, 13568.099609
62.247, 60, 13568.543945
62.247, 60, 13568.989258
62.247, 60, 13569.434570
62.247, 60, 13569.879883
62.247, 60, 13570.324219
62.247, 60, 13570.769531
62.247, 60, 13571.214844
62.247, 60, 13571.659180
62.247, 60, 13572.104492
62.151, 60, 13572.549805
62.151, 60, 13572.994141
62.151, 60, 13573.439453
62.151, 60, 13573.884766
62.151, 60, 13574.330078
62.151, 60, 13574.774414
62.151, 60, 13575.219727
62.151, 60, 13575.665039
62.151, 60, 13576.109375
62.151, 60, 13576.554688
62.151, 60, 13577.000000
62.151, 60, 13577.445312
62.151, 60, 13577.889648
62.151, 60, 13578.334961
62.151, 60, 13578.780273
62.151, 60, 13579.224609
62.151, 60, 13579.669922
62.151, 60, 13580.115234
62.151, 60, 13580.560547
62.151, 60, 13581.004883
62.151, 60, 13581.450195
62.151, 60, 13581.895508
62.151, 60, 13582.339844
62.151, 60, 13582.785156
62.151, 60, 13583.230469
62.151, 60, 13583.675781
62.151, 60, 13584.120117
62.151, 60, 13584.565430
62.151, 60, 13585.010742
62.151, 60, 13585.455078
62.151, 60, 13585.900391
62.151, 60, 13586.345703
62.151, 60, 13586.791016
62.074, 60, 13587.235352
62.074, 60, 13587.680664
62.074, 60, 13588.125977
62.074, 60, 13588.570312
62.074, 60, 13589.015625
62.074, 60, 13589.460938
62.074, 60, 13589.906250
62.074, 60, 13590.350586
62.074, 60, 13590.795898
62.074, 60, 13591.241211
62.074, 60, 13591.685547
62.074, 60, 13592.130859
62.074, 60, 13592.576172
62.074, 60, 13593.021484
62.074, 60, 13593.465820
62.074, 60, 13593.911133
62.074, 60, 13594.356445
62.074, 60, 13594.800781
62.074, 60, 13595.246094
62.074, 60, 13595.691406
62.074, 60, 13596.135742
62.074, 60, 13596.581055
62.074, 60, 13597.026367
62.074, 60, 13597.471680
62.074, 60, 13597.916016
62.074, 60, 13598.361328
62.074, 60, 13598.806641
62.074, 60, 13599.250977
62.074, 60, 13599.696289
62.074, 60, 13600.141602
62.074, 60, 13600.586914
62.074, 60, 13601.031250
62.074, 60, 13601.476562
62.074, 60, 13601.921875
62.074, 60, 13602.366211
61.961, 60, 13602.811523
61.961, 60, 13603.256836
61.961, 60, 13603.702148
61.961, 60, 13604.146484
61.961, 60, 13604.591797
61.961, 60, 13605.037109
61.961, 60, 13605.481445
61.961, 60, 13605.926758
61.961, 60, 13606.372070
61.961, 60, 13606.817383
61.961, 60, 13607.261719
61.961, 60, 13607.707031
61.961, 60, 13608.152344
61.961, 60, 13608.596680
61.961, 60, 13609.041992
61.961, 60, 13609.487305
61.961, 60, 13609.932617
61.961, 60, 13610.376953
61.961, 60, 13610.822266
61.961, 60, 13611.267578
61.961, 60, 13611.711914
61.961, 60, 13612.157227
61.961, 60, 13612.602539
61.961, 60, 13613.047852
61.961, 60, 13613.492188
61.961, 60, 13613.937500
61.961, 60, 13614.382812
61.961, 60, 13614.827148
61.961, 60, 13615.272461
61.961, 60, 13615.717773
61.961, 60, 13616.163086
61.961, 60, 13616.607422
61.961, 60, 13617.052734
61.961, 60, 13617.498047
61.979, 60, 13617.942383
61.979, 60, 13618.387695
61.979, 60, 13618.833008
61.979, 60, 13619.277344
61.979, 60, 13619.722656
61.979, 60, 13620.167969
61.979, 60, 13620.613281
61.979, 60, 13621.057617
61.979, 60, 13621.502930
61.979, 60, 13621.948242
61.979, 60, 13622.392578
61.979, 60, 13622.837891
61.979, 60, 13623.283203
61.979, 60, 13623.728516
61.979, 60, 13624.172852
61.979, 60, 13624.618164
61.979, 60, 13625.063477
61.979, 60, 13625.507812
61.979, 60, 13625.953125
61.979, 60, 13626.398438
61.979, 60, 13626.843750
61.979, 60, 13627.288086
61.979, 60, 13627.733398
61.979, 60, 13628.178711
61.979, 60, 13628.623047
61.979, 60, 13629.068359
61.979, 60, 13629.513672
61.979, 60, 13629.958984
61.979, 60, 13630.403320
61.979, 60, 13630.848633
61.979, 60, 13631.293945
61.979, 60, 13631.738281
61.979, 60, 13632.183594
61.979, 60, 13632.628906
61.979, 60, 13633.074219
61.979, 60, 13633.518555
61.979, 60, 13633.963867
61.979, 60, 13634.409180
61.979, 60, 13634.853516
61.979, 60, 13635.298828
61.979, 60, 13635.744141
61.979, 60, 13636.189453
61.979, 60, 13636.633789
61.979, 60, 13637.079102
61.979, 60, 13637.524414
61.979, 60, 13637.968750
61.979, 60, 13638.414062
61.979, 60, 13638.859375
61.979, 60, 13639.304688
61.979, 60, 13639.749023
61.979, 60, 13640.194336
61.979, 60, 13640.639648
61.979, 60, 13641.083984
61.979, 60, 13641.529297
61.979, 60, 13641.974609
61.979, 60, 13642.418945
61.979, 60, 13642.864258
61.979, 60, 13643.309570
61.979, 60, 13643.754883
61.979, 60, 13644.199219
61.979, 60, 13644.644531
61.979, 60, 13645.089844
61.979, 60, 13645.534180
61.979, 60, 13645.979492
61.979, 60, 13646.424805
61.979, 60, 13646.870117
61.979, 60, 13647.314453
61.979, 60, 13647.759766
61.979, 60, 13648.205078
61.979, 60, 13648.649414
61.979, 60, 13649.094727
61.979, 60, 13649.540039
61.979, 60, 13649.985352
61.979, 60, 13650.429688
61.979, 60, 13650.875000
61.979, 60, 13651.320312
61.979, 60, 13651.764648
61.979, 60, 13652.209961
61.979, 60, 13652.655273
61.979, 60, 13653.100586
61.979, 60, 13653.544922
61.979, 60, 13653.990234
61.979, 60, 13654.435547
61.979, 60, 13654.879883
61.979, 60, 13655.325195
61.979, 60, 13655.770508
61.979, 60, 13656.215820
61.979, 60, 13656.660156
61.979, 60, 13657.105469
61.979, 60, 13657.550781
61.979, 60, 13657.995117
61.979, 60, 13658.440430
61.979, 60, 13658.885742
61.979, 60, 13659.331055
61.979, 60, 13659.775391
61.979, 60, 13660.220703
61.979, 60, 13660.666016
61.979, 60, 13661.110352
61.979, 60, 13661.555664
61.979, 60, 13662.000977
61.979, 60, 13662.446289
61.979, 60, 13662.890625
61.979, 60, 13663.335938
61.979, 60, 13663.781250
61.979, 60, 13664.225586
61.979, 60, 13664.670898
61.979, 60, 13665.116211
61.979, 60, 13665.560547
61.979, 60, 13666.005859
61.979, 60, 13666.451172
61.979, 60, 13666.896484
61.979, 60, 13667.340820
61.979, 60, 13667.786133
61.979, 60, 13668.231445
61.979, 60, 13668.675781
61.979, 60, 13669.121094
61.979, 60, 13669.566406
61.979, 60, 13670.011719
61.979, 60, 13670.456055
61.979, 60, 13670.901367
61.979, 60, 13671.346680
61.979, 60, 13671.791016
61.979, 60, 13672.236328
61.979, 60, 13672.681641
61.979, 60, 13673.126953
61.979, 60, 13673.571289
61.979, 60, 13674.016602
61.979, 60, 13674.461914
61.979, 60, 13674.906250
61.979, 60, 13675.351562
61.979, 60, 13675.796875
61.979, 60, 13676.242188
61.979, 60, 13676.686523
61.979, 60, 13677.131836
61.979, 60, 13677.577148
61.979, 60, 13678.021484
61.979, 60, 13678.466797
61.979, 60, 13678.912109
61.979, 60, 13679.357422
61.979, 60, 13679.801758
61.979, 60, 13680.247070
61.979, 60, 13680.692383
61.979, 60, 13681.136719
61.979, 60, 13681.582031
61.979, 60, 13682.027344
61.979, 60, 13682.472656
61.979, 60, 13682.916992
61.979, 60, 13683.362305
61.979, 60, 13683.807617
61.979, 60, 13684.251953
61.979, 60, 13684.697266
61.979, 60, 13685.142578
61.979, 60, 13685.587891
61.979, 60, 13686.032227
61.979, 60, 13686.477539
61.979, 60, 13686.922852
61.979, 60, 13687.367188
61.979, 60, 13687.812500
61.979, 60, 13688.257812
61.979, 60, 13688.703125
61.979, 60, 13689.147461
61.979, 60, 13689.592773
61.979, 60, 13690.038086
61.979, 60, 13690.482422
61.979, 60, 13690.927734
61.979, 60, 13691.373047
61.979, 60, 13691.817383
61.979, 60, 13692.262695
61.979, 60, 13692.708008
61.979, 60, 13693.153320
61.979, 60, 13693.597656
61.979, 60, 13694.042969
61.979, 60, 13694.488281
62.074, 60, 13694.932617
62.074, 60, 13695.377930
62.074, 60, 13695.823242
62.074, 60, 13696.268555
62.074, 60, 13696.712891
62.074, 60, 13697.158203
62.074, 60, 13697.603516
62.074, 60, 13698.047852
62.074, 60, 13698.493164
62.074, 60, 13698.938477
62.074, 60, 13699.383789
62.074, 60, 13699.828125
62.074, 60, 13700.273438
62.074, 60, 13700.718750
62.074, 60, 13701.163086
62.074, 60, 13701.608398
62.074, 60, 13702.053711
62.074, 60, 13702.499023
62.074, 60, 13702.943359
62.074, 60, 13703.388672
62.074, 60, 13703.833984
62.074, 60, 13704.278320
62.074, 60, 13704.723633
62.074, 60, 13705.168945
62.074, 60, 13705.614258
62.074, 60, 13706.058594
62.074, 60, 13706.503906
62.074, 60, 13706.949219
62.074, 60, 13707.393555
62.074, 60, 13707.838867
62.074, 60, 13708.284180
62.074, 60, 13708.729492
62.074, 60, 13709.173828
62.074, 60, 13709.619141
62.074, 60, 13710.064453
62.169, 60, 13710.508789
62.169, 60, 13710.954102
62.169, 60, 13711.399414
62.169, 60, 13711.844727
62.169, 60, 13712.289062
62.169, 60, 13712.734375
62.169, 60, 13713.179688
62.169, 60, 13713.624023
62.169, 60, 13714.069336
62.169, 60, 13714.514648
62.169, 60, 13714.958984
62.169, 60, 13715.404297
62.169, 60, 13715.849609
62.169, 60, 13716.294922
62.169, 60, 13716.739258
62.169, 60, 13717.184570
62.169, 60, 13717.629883
62.169, 60, 13718.074219
62.169, 60, 13718.519531
62.169, 60, 13718.964844
62.169, 60, 13719.410156
62.169, 60, 13719.854492
62.169, 60, 13720.299805
62.169, 60, 13720.745117
62.169, 60, 13721.189453
62.169, 60, 13721.634766
62.169, 60, 13722.080078
62.169, 60, 13722.525391
62.169, 60, 13722.969727
62.169, 60, 13723.415039
62.169, 60, 13723.860352
62.169, 60, 13724.304688
62.169, 60, 13724.750000
62.169, 60, 13725.195312
62.169, 60, 13725.640625
62.074, 60, 13726.084961
62.074, 60, 13726.530273
62.074, 60, 13726.975586
62.074, 60, 13727.419922
62.074, 60, 13727.865234
62.074, 60, 13728.310547
62.074, 60, 13728.755859
62.074, 60, 13729.200195
62.074, 60, 13729.645508
62.074, 60, 13730.090820
62.074, 60, 13730.535156
62.074, 60, 13730.980469
62.074, 60, 13731.425781
62.074, 60, 13731.871094
62.074, 60, 13732.315430
62.074, 60, 13732.760742
62.074, 60, 13733.206055
62.074, 60, 13733.650391
62.074, 60, 13734.095703
62.074, 60, 13734.541016
62.074, 60, 13734.986328
62.074, 60, 13735.430664
62.074, 60, 13735.875977
62.074, 60, 13736.321289
62.074, 60, 13736.765625
62.074, 60, 13737.210938
62.074, 60, 13737.656250
62.074, 60, 13738.100586
62.074, 60, 13738.545898
62.074, 60, 13738.991211
62.074, 60, 13739.436523
62.074, 60, 13739.880859
62.074, 60, 13740.326172
62.074, 60, 13740.771484
61.979, 60, 13741.215820
61.979, 60, 13741.661133
61.979, 60, 13742.106445
61.979, 60, 13742.551758
61.979, 60, 13742.996094
61.979, 60, 13743.441406
61.979, 60, 13743.886719
61.979, 60, 13744.331055
61.979, 60, 13744.776367
61.979, 60, 13745.221680
61.979, 60, 13745.666992
61.979, 60, 13746.111328
61.979, 60, 13746.556641
61.979, 60, 13747.001953
61.979, 60, 13747.446289
61.979, 60, 13747.891602
61.979, 60, 13748.336914
61.979, 60, 13748.782227
61.979, 60, 13749.226562
61.979, 60, 13749.671875
61.979, 60, 13750.117188
61.979, 60, 13750.561523
61.979, 60, 13751.006836
61.979, 60, 13751.452148
61.979, 60, 13751.897461
61.979, 60, 13752.341797
61.979, 60, 13752.787109
61.979, 60, 13753.232422
61.979, 60, 13753.676758
61.979, 60, 13754.122070
61.979, 60, 13754.567383
61.979, 60, 13755.012695
61.979, 60, 13755.457031
61.979, 60, 13755.902344
61.979, 60, 13756.347656
61.979, 60, 13756.791992
61.979, 60, 13757.237305
61.979, 60, 13757.682617
61.979, 60, 13758.127930
61.979, 60, 13758.572266
61.979, 60, 13759.017578
61.979, 60, 13759.462891
61.979, 60, 13759.907227
61.979, 60, 13760.352539
61.979, 60, 13760.797852
61.979, 60, 13761.242188
61.979, 60, 13761.687500
61.979, 60, 13762.132812
61.979, 60, 13762.578125
61.979, 60, 13763.022461
61.979, 60, 13763.467773
61.979, 60, 13763.913086
61.979, 60, 13764.357422
61.979, 60, 13764.802734
61.979, 60, 13765.248047
61.979, 60, 13765.693359
61.979, 60, 13766.137695
61.979, 60, 13766.583008
61.979, 60, 13767.028320
61.979, 60, 13767.472656
61.979, 60, 13767.917969
61.979, 60, 13768.363281
61.979, 60, 13768.808594
61.979, 60, 13769.252930
61.979, 60, 13769.698242
61.979, 60, 13770.143555
61.979, 60, 13770.587891
61.979, 60, 13771.033203
61.979, 60, 13771.478516
61.979, 60, 13771.923828
61.979, 60, 13772.368164
62.074, 60, 13772.813477
62.074, 60, 13773.258789
62.074, 60, 13773.703125
62.074, 60, 13774.148438
62.074, 60, 13774.593750
62.074, 60, 13775.039062
62.074, 60, 13775.483398
62.074, 60, 13775.928711
62.074, 60, 13776.374023
62.074, 60, 13776.818359
62.074, 60, 13777.263672
62.074, 60, 13777.708984
62.074, 60, 13778.154297
62.074, 60, 13778.598633
62.074, 60, 13779.043945
62.074, 60, 13779.489258
62.074, 60, 13779.933594
62.074, 60, 13780.378906
62.074, 60, 13780.824219
62.074, 60, 13781.269531
62.074, 60, 13781.713867
62.074, 60, 13782.159180
62.074, 60, 13782.604492
62.074, 60, 13783.048828
62.074, 60, 13783.494141
62.074, 60, 13783.939453
62.074, 60, 13784.383789
62.074, 60, 13784.829102
62.074, 60, 13785.274414
62.074, 60, 13785.719727
62.074, 60, 13786.164062
62.074, 60, 13786.609375
62.074, 60, 13787.054688
62.074, 60, 13787.499023
62.151, 60, 13787.944336
62.151, 60, 13788.389648
62.151, 60, 13788.834961
62.151, 60, 13789.279297
62.151, 60, 13789.724609
62.151, 60, 13790.169922
62.151, 60, 13790.614258
62.151, 60, 13791.059570
62.151, 60, 13791.504883
62.151, 60, 13791.950195
62.151, 60, 13792.394531
62.151, 60, 13792.839844
62.151, 60, 13793.285156
62.151, 60, 13793.729492
62.151, 60, 13794.174805
62.151, 60, 13794.620117
62.151, 60, 13795.065430
62.151, 60, 13795.509766
62.151, 60, 13795.955078
62.151, 60, 13796.400391
62.151, 60, 13796.844727
62.151, 60, 13797.290039
62.151, 60, 13797.735352
62.151, 60, 13798.180664
62.151, 60, 13798.625000
62.151, 60, 13799.070312
62.151, 60, 13799.515625
62.151, 60, 13799.959961
62.151, 60, 13800.405273
62.151, 60, 13800.850586
62.151, 60, 13801.295898
62.151, 60, 13801.740234
62.151, 60, 13802.185547
62.151, 60, 13802.630859
62.151, 60, 13803.075195
62.151, 60, 13803.520508
62.151, 60, 13803.965820
62.151, 60, 13804.411133
62.151, 60, 13804.855469
62.151, 60, 13805.300781
62.151, 60, 13805.746094
62.151, 60, 13806.190430
62.151, 60, 13806.635742
62.151, 60, 13807.081055
62.151, 60, 13807.525391
62.151, 60, 13807.970703
62.151, 60, 13808.416016
62.151, 60, 13808.861328
62.151, 60, 13809.305664
62.151, 60, 13809.750977
62.151, 60, 13810.196289
62.151, 60, 13810.640625
62.151, 60, 13811.085938
62.151, 60, 13811.531250
62.151, 60, 13811.976562
62.151, 60, 13812.420898
62.151, 60, 13812.866211
62.151, 60, 13813.311523
62.151, 60, 13813.755859
62.151, 60, 13814.201172
62.151, 60, 13814.646484
62.151, 60, 13815.091797
62.151, 60, 13815.536133
62.151, 60, 13815.981445
62.151, 60, 13816.426758
62.151, 60, 13816.871094
62.151, 60, 13817.316406
62.151, 60, 13817.761719
62.151, 60, 13818.207031
62.151, 60, 13818.651367
62.151, 60, 13819.096680
62.151, 60, 13819.541992
62.151, 60, 13819.986328
62.151, 60, 13820.431641
62.151, 60, 13820.876953
62.151, 60, 13821.322266
62.151, 60, 13821.766602
62.151, 60, 13822.211914
62.151, 60, 13822.657227
62.151, 60, 13823.101562
62.151, 60, 13823.546875
62.151, 60, 13823.992188
62.151, 60, 13824.437500
62.151, 60, 13824.881836
62.151, 60, 13825.327148
62.151, 60, 13825.772461
62.151, 60, 13826.216797
62.151, 60, 13826.662109
62.151, 60, 13827.107422
62.151, 60, 13827.552734
62.151, 60, 13827.997070
62.151, 60, 13828.442383
62.151, 60, 13828.887695
62.151, 60, 13829.332031
62.151, 60, 13829.777344
62.151, 60, 13830.222656
62.151, 60, 13830.666992
62.151, 60, 13831.112305
62.151, 60, 13831.557617
62.151, 60, 13832.002930
62.151, 60, 13832.447266
62.151, 60, 13832.892578
62.151, 60, 13833.337891
62.151, 60, 13833.782227
62.151, 60, 13834.227539
62.151, 60, 13834.672852
62.151, 60, 13835.118164
62.151, 60, 13835.562500
62.151, 60, 13836.007812
62.151, 60, 13836.453125
62.151, 60, 13836.897461
62.151, 60, 13837.342773
62.151, 60, 13837.788086
62.151, 60, 13838.233398
62.151, 60, 13838.677734
62.151, 60, 13839.123047
62.151, 60, 13839.568359
62.151, 60, 13840.012695
62.151, 60, 13840.458008
62.151, 60, 13840.903320
62.151, 60, 13841.348633
62.151, 60, 13841.792969
62.151, 60, 13842.238281
62.151, 60, 13842.683594
62.151, 60, 13843.127930
62.151, 60, 13843.573242
62.151, 60, 13844.018555
62.151, 60, 13844.463867
62.151, 60, 13844.908203
62.151, 60, 13845.353516
62.151, 60, 13845.798828
62.151, 60, 13846.243164
62.151, 60, 13846.688477
62.151, 60, 13847.133789
62.151, 60, 13847.579102
62.151, 60, 13848.023438
62.247, 60, 13848.468750
62.247, 60, 13848.914062
62.247, 60, 13849.358398
62.247, 60, 13849.803711
62.247, 60, 13850.249023
62.247, 60, 13850.694336
62.247, 60, 13851.138672
62.247, 60, 13851.583984
62.247, 60, 13852.029297
62.247, 60, 13852.473633
62.247, 60, 13852.918945
62.247, 60, 13853.364258
62.247, 60, 13853.808594
62.247, 60, 13854.253906
62.247, 60, 13854.699219
62.247, 60, 13855.144531
62.247, 60, 13855.588867
62.247, 60, 13856.034180
62.247, 60, 13856.479492
62.247, 60, 13856.923828
62.247, 60, 13857.369141
62.247, 60, 13857.814453
62.247, 60, 13858.259766
62.247, 60, 13858.704102
62.247, 60, 13859.149414
62.247, 60, 13859.594727
62.247, 60, 13860.039062
62.247, 60, 13860.484375
62.247, 60, 13860.929688
62.247, 60, 13861.375000
62.247, 60, 13861.819336
62.247, 60, 13862.264648
62.247, 60, 13862.709961
62.247, 60, 13863.154297
62.247, 60, 13863.599609
62.247, 60, 13864.044922
62.247, 60, 13864.490234
62.247, 60, 13864.934570
62.247, 60, 13865.379883
62.247, 60, 13865.825195
62.247, 60, 13866.269531
62.247, 60, 13866.714844
62.247, 60, 13867.160156
62.247, 60, 13867.605469
62.247, 60, 13868.049805
62.247, 60, 13868.495117
62.247, 60, 13868.940430
62.247, 60, 13869.384766
62.247, 60, 13869.830078
62.247, 60, 13870.275391
62.247, 60, 13870.720703
62.247, 60, 13871.165039
62.247, 60, 13871.610352
62.247, 60, 13872.055664
62.247, 60, 13872.500000
62.247, 60, 13872.945312
62.247, 60, 13873.390625
62.247, 60, 13873.835938
62.247, 60, 13874.280273
62.247, 60, 13874.725586
62.247, 60, 13875.170898
62.247, 60, 13875.615234
62.247, 60, 13876.060547
62.247, 60, 13876.505859
62.247, 60, 13876.950195
62.247, 60, 13877.395508
62.247, 60, 13877.840820
62.247, 60, 13878.286133
62.247, 60, 13878.730469
62.247, 60, 13879.175781
62.342, 60, 13879.621094
62.342, 60, 13880.065430
62.342, 60, 13880.510742
62.342, 60, 13880.956055
62.342, 60, 13881.401367
62.342, 60, 13881.845703
62.342, 60, 13882.291016
62.342, 60, 13882.736328
62.342, 60, 13883.180664
62.342, 60, 13883.625977
62.342, 60, 13884.071289
62.342, 60, 13884.516602
62.342, 60, 13884.960938
62.342, 60, 13885.406250
62.342, 60, 13885.851562
62.342, 60, 13886.295898
62.342, 60, 13886.741211
62.342, 60, 13887.186523
62.342, 60, 13887.631836
62.342, 60, 13888.076172
62.342, 60, 13888.521484
62.342, 60, 13888.966797
62.342, 60, 13889.411133
62.342, 60, 13889.856445
62.342, 60, 13890.301758
62.342, 60, 13890.747070
62.342, 60, 13891.191406
62.342, 60, 13891.636719
62.342, 60, 13892.082031
62.342, 60, 13892.526367
62.342, 60, 13892.971680
62.342, 60, 13893.416992
62.342, 60, 13893.862305
62.342, 60, 13894.306641
62.342, 60, 13894.751953
62.151, 60, 13895.197266
62.151, 60, 13895.641602
62.151, 60, 13896.086914
62.151, 60, 13896.532227
62.151, 60, 13896.977539
62.151, 60, 13897.421875
62.151, 60, 13897.867188
62.151, 60, 13898.312500
62.151, 60, 13898.756836
62.151, 60, 13899.202148
62.151, 60, 13899.647461
62.151, 60, 13900.091797
62.151, 60, 13900.537109
62.151, 60, 13900.982422
62.151, 60, 13901.427734
62.151, 60, 13901.872070
62.151, 60, 13902.317383
62.151, 60, 13902.762695
62.151, 60, 13903.207031
62.151, 60, 13903.652344
62.151, 60, 13904.097656
62.151, 60, 13904.542969
62.151, 60, 13904.987305
62.151, 60, 13905.432617
62.151, 60, 13905.877930
62.151, 60, 13906.322266
62.151, 60, 13906.767578
62.151, 60, 13907.212891
62.151, 60, 13907.658203
62.151, 60, 13908.102539
62.151, 60, 13908.547852
62.151, 60, 13908.993164
62.151, 60, 13909.437500
62.151, 60, 13909.882812
62.151, 60, 13910.328125
62.151, 60, 13910.773438
62.151, 60, 13911.217773
62.151, 60, 13911.663086
62.151, 60, 13912.108398
62.151, 60, 13912.552734
62.151, 60, 13912.998047
62.151, 60, 13913.443359
62.151, 60, 13913.888672
62.151, 60, 13914.333008
62.151, 60, 13914.778320
62.151, 60, 13915.223633
62.151, 60, 13915.667969
62.151, 60, 13916.113281
62.151, 60, 13916.558594
62.151, 60, 13917.003906
62.151, 60, 13917.448242
62.151, 60, 13917.893555
62.151, 60, 13918.338867
62.151, 60, 13918.783203
62.151, 60, 13919.228516
62.151, 60, 13919.673828
62.151, 60, 13920.119141
62.151, 60, 13920.563477
62.151, 60, 13921.008789
62.151, 60, 13921.454102
62.151, 60, 13921.898438
62.151, 60, 13922.343750
62.151, 60, 13922.789062
62.151, 60, 13923.233398
62.151, 60, 13923.678711
62.151, 60, 13924.124023
62.151, 60, 13924.569336
62.151, 60, 13925.013672
62.151, 60, 13925.458984
62.151, 60, 13925.904297
62.151, 60, 13926.348633
62.151, 60, 13926.793945
62.151, 60, 13927.239258
62.151, 60, 13927.684570
62.151, 60, 13928.128906
62.151, 60, 13928.574219
62.151, 60, 13929.019531
62.151, 60, 13929.463867
62.151, 60, 13929.909180
62.151, 60, 13930.354492
62.151, 60, 13930.799805
62.151, 60, 13931.244141
62.151, 60, 13931.689453
62.151, 60, 13932.134766
62.151, 60, 13932.579102
62.151, 60, 13933.024414
62.151, 60, 13933.469727
62.151, 60, 13933.915039
62.151, 60, 13934.359375
62.151, 60, 13934.804688
62.151, 60, 13935.250000
62.151, 60, 13935.694336
62.151, 60, 13936.139648
62.151, 60, 13936.584961
62.151, 60, 13937.030273
62.151, 60, 13937.474609
62.151, 60, 13937.919922
62.151, 60, 13938.365234
62.151, 60, 13938.809570
62.151, 60, 13939.254883
62.151, 60, 13939.700195
62.151, 60, 13940.145508
62.151, 60, 13940.589844
62.151, 60, 13941.035156
62.151, 60, 13941.480469
62.151, 60, 13941.924805
62.151, 60, 13942.370117
62.151, 60, 13942.815430
62.151, 60, 13943.260742
62.151, 60, 13943.705078
62.151, 60, 13944.150391
62.151, 60, 13944.595703
62.151, 60, 13945.040039
62.151, 60, 13945.485352
62.151, 60, 13945.930664
62.151, 60, 13946.375000
62.151, 60, 13946.820312
62.151, 60, 13947.265625
62.151, 60, 13947.710938
62.151, 60, 13948.155273
62.151, 60, 13948.600586
62.151, 60, 13949.045898
62.151, 60, 13949.490234
62.151, 60, 13949.935547
62.151, 60, 13950.380859
62.151, 60, 13950.826172
62.151, 60, 13951.270508
62.151, 60, 13951.715820
62.151, 60, 13952.161133
62.151, 60, 13952.605469
62.151, 60, 13953.050781
62.151, 60, 13953.496094
62.151, 60, 13953.941406
62.151, 60, 13954.385742
62.151, 60, 13954.831055
62.151, 60, 13955.276367
62.151, 60, 13955.720703
62.151, 60, 13956.166016
62.151, 60, 13956.611328
62.151, 60, 13957.056641
62.151, 60, 13957.500977
62.151, 60, 13957.946289
62.151, 60, 13958.391602
62.151, 60, 13958.835938
62.151, 60, 13959.281250
62.151, 60, 13959.726562
62.151, 60, 13960.171875
62.151, 60, 13960.616211
62.151, 60, 13961.061523
62.151, 60, 13961.506836
62.151, 60, 13961.951172
62.151, 60, 13962.396484
62.151, 60, 13962.841797
62.151, 60, 13963.287109
62.151, 60, 13963.731445
62.151, 60, 13964.176758
62.151, 60, 13964.622070
62.151, 60, 13965.066406
62.151, 60, 13965.511719
62.151, 60, 13965.957031
62.151, 60, 13966.402344
62.151, 60, 13966.846680
62.151, 60, 13967.291992
62.151, 60, 13967.737305
62.151, 60, 13968.181641
62.151, 60, 13968.626953
62.151, 60, 13969.072266
62.151, 60, 13969.516602
62.151, 60, 13969.961914
62.151, 60, 13970.407227
62.151, 60, 13970.852539
62.151, 60, 13971.296875
62.151, 60, 13971.742188
62.151, 60, 13972.187500
62.151, 60, 13972.631836
62.151, 60, 13973.077148
62.151, 60, 13973.522461
62.151, 60, 13973.967773
62.151, 60, 13974.412109
62.151, 60, 13974.857422
62.151, 60, 13975.302734
62.151, 60, 13975.747070
62.151, 60, 13976.192383
62.151, 60, 13976.637695
62.151, 60, 13977.083008
62.151, 60, 13977.527344
62.151, 60, 13977.972656
62.151, 60, 13978.417969
62.151, 60, 13978.862305
62.151, 60, 13979.307617
62.151, 60, 13979.752930
62.151, 60, 13980.198242
62.151, 60, 13980.642578
62.151, 60, 13981.087891
62.151, 60, 13981.533203
62.151, 60, 13981.977539
62.151, 60, 13982.422852
62.151, 60, 13982.868164
62.151, 60, 13983.313477
62.151, 60, 13983.757812
62.151, 60, 13984.203125
62.151, 60, 13984.648438
62.151, 60, 13985.092773
62.151, 60, 13985.538086
62.151, 60, 13985.983398
62.151, 60, 13986.428711
62.151, 60, 13986.873047
62.151, 60, 13987.318359
62.151, 60, 13987.763672
62.151, 60, 13988.208008
62.151, 60, 13988.653320
62.151, 60, 13989.098633
62.151, 60, 13989.543945
62.151, 60, 13989.988281
62.151, 60, 13990.433594
62.151, 60, 13990.878906
62.151, 60, 13991.323242
62.151, 60, 13991.768555
62.151, 60, 13992.213867
62.151, 60, 13992.658203
62.151, 60, 13993.103516
62.151, 60, 13993.548828
62.151, 60, 13993.994141
62.151, 60, 13994.438477
62.151, 60, 13994.883789
62.151, 60, 13995.329102
62.151, 60, 13995.773438
62.151, 60, 13996.218750
62.151, 60, 13996.664062
62.151, 60, 13997.109375
62.151, 60, 13997.553711
62.151, 60, 13997.999023
62.151, 60, 13998.444336
62.151, 60, 13998.888672
62.151, 60, 13999.333984
62.151, 60, 13999.779297
62.151, 60, 14000.224609
62.151, 60, 14000.668945
62.151, 60, 14001.114258
62.151, 60, 14001.559570
62.151, 60, 14002.003906
62.151, 60, 14002.449219
62.151, 60, 14002.894531
62.151, 60, 14003.339844
62.151, 60, 14003.784180
62.151, 60, 14004.229492
62.151, 60, 14004.674805
62.151, 60, 14005.119141
62.151, 60, 14005.564453
62.151, 60, 14006.009766
62.151, 60, 14006.455078
62.151, 60, 14006.899414
62.151, 60, 14007.344727
62.151, 60, 14007.790039
62.151, 60, 14008.234375
62.151, 60, 14008.679688
62.151, 60, 14009.125000
62.151, 60, 14009.570312
62.151, 60, 14010.014648
62.151, 60, 14010.459961
62.151, 60, 14010.905273
62.151, 60, 14011.349609
62.151, 60, 14011.794922
62.151, 60, 14012.240234
62.151, 60, 14012.685547
62.151, 60, 14013.129883
62.151, 60, 14013.575195
62.151, 60, 14014.020508
62.151, 60, 14014.464844
62.151, 60, 14014.910156
62.151, 60, 14015.355469
62.151, 60, 14015.799805
62.151, 60, 14016.245117
62.151, 60, 14016.690430
62.151, 60, 14017.135742
62.151, 60, 14017.580078
62.151, 60, 14018.025391
62.151, 60, 14018.470703
62.151, 60, 14018.915039
62.151, 60, 14019.360352
62.151, 60, 14019.805664
62.151, 60, 14020.250977
62.151, 60, 14020.695312
62.151, 60, 14021.140625
62.151, 60, 14021.585938
62.151, 60, 14022.030273
62.151, 60, 14022.475586
62.151, 60, 14022.920898
62.151, 60, 14023.366211
62.151, 60, 14023.810547
62.151, 60, 14024.255859
62.151, 60, 14024.701172
62.151, 60, 14025.145508
62.151, 60, 14025.590820
62.151, 60, 14026.036133
62.151, 60, 14026.481445
62.151, 60, 14026.925781
62.151, 60, 14027.371094
62.151, 60, 14027.816406
62.151, 60, 14028.260742
62.151, 60, 14028.706055
62.151, 60, 14029.151367
62.151, 60, 14029.596680
62.151, 60, 14030.041016
62.151, 60, 14030.486328
62.151, 60, 14030.931641
62.151, 60, 14031.375977
62.151, 60, 14031.821289
62.151, 60, 14032.266602
62.151, 60, 14032.711914
62.151, 60, 14033.156250
62.151, 60, 14033.601562
62.151, 60, 14034.046875
62.247, 60, 14034.491211
62.247, 60, 14034.936523
62.247, 60, 14035.381836
62.247, 60, 14035.827148
62.247, 60, 14036.271484
62.247, 60, 14036.716797
62.247, 60, 14037.162109
62.247, 60, 14037.606445
62.247, 60, 14038.051758
62.247, 60, 14038.497070
62.247, 60, 14038.941406
62.247, 60, 14039.386719
62.247, 60, 14039.832031
62.247, 60, 14040.277344
62.247, 60, 14040.721680
62.247, 60, 14041.166992
62.247, 60, 14041.612305
62.247, 60, 14042.056641
62.247, 60, 14042.501953
62.247, 60, 14042.947266
62.247, 60, 14043.392578
62.247, 60, 14043.836914
62.247, 60, 14044.282227
62.247, 60, 14044.727539
62.247, 60, 14045.171875
62.247, 60, 14045.617188
62.247, 60, 14046.062500
62.247, 60, 14046.507812
62.247, 60, 14046.952148
62.247, 60, 14047.397461
62.247, 60, 14047.842773
62.247, 60, 14048.287109
62.247, 60, 14048.732422
62.247, 60, 14049.177734
62.247, 60, 14049.623047
62.247, 60, 14050.067383
62.247, 60, 14050.512695
62.247, 60, 14050.958008
62.247, 60, 14051.402344
62.247, 60, 14051.847656
62.247, 60, 14052.292969
62.247, 60, 14052.738281
62.247, 60, 14053.182617
62.247, 60, 14053.627930
62.247, 60, 14054.073242
62.247, 60, 14054.517578
62.247, 60, 14054.962891
62.247, 60, 14055.408203
62.247, 60, 14055.853516
62.247, 60, 14056.297852
62.247, 60, 14056.743164
62.247, 60, 14057.188477
62.247, 60, 14057.632812
62.247, 60, 14058.078125
62.247, 60, 14058.523438
62.247, 60, 14058.968750
62.247, 60, 14059.413086
62.247, 60, 14059.858398
62.247, 60, 14060.303711
62.247, 60, 14060.748047
62.247, 60, 14061.193359
62.247, 60, 14061.638672
62.247, 60, 14062.083008
62.247, 60, 14062.528320
62.247, 60, 14062.973633
62.247, 60, 14063.418945
62.247, 60, 14063.863281
62.247, 60, 14064.308594
62.247, 60, 14064.753906
62.247, 60, 14065.198242
62.247, 60, 14065.643555
62.247, 60, 14066.088867
62.247, 60, 14066.534180
62.247, 60, 14066.978516
62.247, 60, 14067.423828
62.247, 60, 14067.869141
62.247, 60, 14068.313477
62.247, 60, 14068.758789
62.247, 60, 14069.204102
62.247, 60, 14069.649414
62.247, 60, 14070.093750
62.247, 60, 14070.539062
62.247, 60, 14070.984375
62.247, 60, 14071.428711
62.247, 60, 14071.874023
62.247, 60, 14072.319336
62.247, 60, 14072.764648
62.247, 60, 14073.208984
62.247, 60, 14073.654297
62.247, 60, 14074.099609
62.247, 60, 14074.543945
62.247, 60, 14074.989258
62.247, 60, 14075.434570
62.247, 60, 14075.879883
62.247, 60, 14076.324219
62.247, 60, 14076.769531
62.247, 60, 14077.214844
62.247, 60, 14077.659180
62.247, 60, 14078.104492
62.247, 60, 14078.549805
62.247, 60, 14078.995117
62.247, 60, 14079.439453
62.247, 60, 14079.884766
62.247, 60, 14080.330078
62.247, 60, 14080.774414
62.247, 60, 14081.219727
62.247, 60, 14081.665039
62.247, 60, 14082.110352
62.247, 60, 14082.554688
62.247, 60, 14083.000000
62.247, 60, 14083.445312
62.247, 60, 14083.889648
62.247, 60, 14084.334961
62.247, 60, 14084.780273
62.247, 60, 14085.224609
62.247, 60, 14085.669922
62.247, 60, 14086.115234
62.247, 60, 14086.560547
62.247, 60, 14087.004883
62.247, 60, 14087.450195
62.247, 60, 14087.895508
62.247, 60, 14088.339844
62.247, 60, 14088.785156
62.247, 60, 14089.230469
62.247, 60, 14089.675781
62.247, 60, 14090.120117
62.247, 60, 14090.565430
62.247, 60, 14091.010742
62.247, 60, 14091.455078
62.247, 60, 14091.900391
62.247, 60, 14092.345703
62.247, 60, 14092.791016
62.247, 60, 14093.235352
62.247, 60, 14093.680664
62.247, 60, 14094.125977
62.247, 60, 14094.570312
62.247, 60, 14095.015625
62.247, 60, 14095.460938
62.247, 60, 14095.906250
62.247, 60, 14096.350586
62.247, 60, 14096.795898
62.247, 60, 14097.241211
62.247, 60, 14097.685547
62.247, 60, 14098.130859
62.247, 60, 14098.576172
62.247, 60, 14099.021484
62.247, 60, 14099.465820
62.247, 60, 14099.911133
62.247, 60, 14100.356445
62.247, 60, 14100.800781
62.247, 60, 14101.246094
62.247, 60, 14101.691406
62.247, 60, 14102.136719
62.247, 60, 14102.581055
62.247, 60, 14103.026367
62.247, 60, 14103.471680
62.247, 60, 14103.916016
62.247, 60, 14104.361328
62.247, 60, 14104.806641
62.247, 60, 14105.251953
62.247, 60, 14105.696289
62.247, 60, 14106.141602
62.247, 60, 14106.586914
62.247, 60, 14107.031250
62.247, 60, 14107.476562
62.247, 60, 14107.921875
62.247, 60, 14108.366211
62.247, 60, 14108.811523
62.247, 60, 14109.256836
62.247, 60, 14109.702148
62.247, 60, 14110.146484
62.247, 60, 14110.591797
62.247, 60, 14111.037109
62.247, 60, 14111.481445
62.247, 60, 14111.926758
62.247, 60, 14112.372070
62.247, 60, 14112.817383
62.247, 60, 14113.261719
62.247, 60, 14113.707031
62.247, 60, 14114.152344
62.247, 60, 14114.596680
62.247, 60, 14115.041992
62.247, 60, 14115.487305
62.247, 60, 14115.932617
62.247, 60, 14116.376953
62.247, 60, 14116.822266
62.247, 60, 14117.267578
62.247, 60, 14117.711914
62.247, 60, 14118.157227
62.247, 60, 14118.602539
62.247, 60, 14119.047852
62.247, 60, 14119.492188
62.247, 60, 14119.937500
62.247, 60, 14120.382812
62.247, 60, 14120.827148
62.247, 60, 14121.272461
62.247, 60, 14121.717773
62.247, 60, 14122.163086
62.247, 60, 14122.607422
62.247, 60, 14123.052734
62.247, 60, 14123.498047
62.247, 60, 14123.942383
62.247, 60, 14124.387695
62.247, 60, 14124.833008
62.247, 60, 14125.278320
62.247, 60, 14125.722656
62.247, 60, 14126.167969
62.342, 60, 14126.613281
62.342, 60, 14127.057617
62.342, 60, 14127.502930
62.342, 60, 14127.948242
62.342, 60, 14128.393555
62.342, 60, 14128.837891
62.342, 60, 14129.283203
62.342, 60, 14129.728516
62.342, 60, 14130.172852
62.342, 60, 14130.618164
62.342, 60, 14131.063477
62.342, 60, 14131.507812
62.342, 60, 14131.953125
62.342, 60, 14132.398438
62.342, 60, 14132.843750
62.342, 60, 14133.288086
62.342, 60, 14133.733398
62.342, 60, 14134.178711
62.342, 60, 14134.623047
62.342, 60, 14135.068359
62.342, 60, 14135.513672
62.342, 60, 14135.958984
62.342, 60, 14136.403320
62.342, 60, 14136.848633
62.342, 60, 14137.293945
62.342, 60, 14137.738281
62.342, 60, 14138.183594
62.342, 60, 14138.628906
62.342, 60, 14139.074219
62.342, 60, 14139.518555
62.342, 60, 14139.963867
62.342, 60, 14140.409180
62.342, 60, 14140.853516
62.342, 60, 14141.298828
62.342, 60, 14141.744141
62.342, 60, 14142.189453
62.342, 60, 14142.633789
62.342, 60, 14143.079102
62.342, 60, 14143.524414
62.342, 60, 14143.968750
62.342, 60, 14144.414062
62.342, 60, 14144.859375
62.342, 60, 14145.304688
62.342, 60, 14145.749023
62.342, 60, 14146.194336
62.342, 60, 14146.639648
62.342, 60, 14147.083984
62.342, 60, 14147.529297
62.342, 60, 14147.974609
62.342, 60, 14148.419922
62.342, 60, 14148.864258
62.342, 60, 14149.309570
62.342, 60, 14149.754883
62.342, 60, 14150.199219
62.342, 60, 14150.644531
62.342, 60, 14151.089844
62.342, 60, 14151.535156
62.342, 60, 14151.979492
62.342, 60, 14152.424805
62.342, 60, 14152.870117
62.342, 60, 14153.314453
62.342, 60, 14153.759766
62.342, 60, 14154.205078
62.342, 60, 14154.649414
62.342, 60, 14155.094727
62.342, 60, 14155.540039
62.342, 60, 14155.985352
62.342, 60, 14156.429688
62.342, 60, 14156.875000
62.342, 60, 14157.320312
62.342, 60, 14157.764648
62.342, 60, 14158.209961
62.342, 60, 14158.655273
62.342, 60, 14159.100586
62.342, 60, 14159.544922
62.342, 60, 14159.990234
62.342, 60, 14160.435547
62.342, 60, 14160.879883
62.342, 60, 14161.325195
62.342, 60, 14161.770508
62.342, 60, 14162.215820
62.342, 60, 14162.660156
62.342, 60, 14163.105469
62.342, 60, 14163.550781
62.342, 60, 14163.995117
62.342, 60, 14164.440430
62.342, 60, 14164.885742
62.342, 60, 14165.331055
62.342, 60, 14165.775391
62.342, 60, 14166.220703
62.342, 60, 14166.666016
62.342, 60, 14167.110352
62.342, 60, 14167.555664
62.342, 60, 14168.000977
62.342, 60, 14168.446289
62.342, 60, 14168.890625
62.342, 60, 14169.335938
62.342, 60, 14169.781250
62.342, 60, 14170.225586
62.342, 60, 14170.670898
62.342, 60, 14171.116211
62.342, 60, 14171.561523
62.342, 60, 14172.005859
62.436, 60, 14172.451172
62.436, 60, 14172.896484
62.436, 60, 14173.340820
62.436, 60, 14173.786133
62.436, 60, 14174.231445
62.436, 60, 14174.676758
62.436, 60, 14175.121094
62.436, 60, 14175.566406
62.436, 60, 14176.011719
62.436, 60, 14176.456055
62.436, 60, 14176.901367
62.436, 60, 14177.346680
62.436, 60, 14177.791016
62.436, 60, 14178.236328
62.436, 60, 14178.681641
62.436, 60, 14179.126953
62.436, 60, 14179.571289
62.436, 60, 14180.016602
62.436, 60, 14180.461914
62.436, 60, 14180.906250
62.436, 60, 14181.351562
62.436, 60, 14181.796875
62.436, 60, 14182.242188
62.436, 60, 14182.686523
62.436, 60, 14183.131836
62.436, 60, 14183.577148
62.436, 60, 14184.021484
62.436, 60, 14184.466797
62.436, 60, 14184.912109
62.436, 60, 14185.357422
62.436, 60, 14185.801758
62.436, 60, 14186.247070
62.436, 60, 14186.692383
62.436, 60, 14187.136719
62.531, 60, 14187.582031
62.531, 60, 14188.027344
62.531, 60, 14188.472656
62.531, 60, 14188.916992
62.531, 60, 14189.362305
62.531, 60, 14189.807617
62.531, 60, 14190.251953
62.531, 60, 14190.697266
62.531, 60, 14191.142578
62.531, 60, 14191.587891
62.531, 60, 14192.032227
62.531, 60, 14192.477539
62.531, 60, 14192.922852
62.531, 60, 14193.367188
62.531, 60, 14193.812500
62.531, 60, 14194.257812
62.531, 60, 14194.703125
62.531, 60, 14195.147461
62.531, 60, 14195.592773
62.531, 60, 14196.038086
62.531, 60, 14196.482422
62.531, 60, 14196.927734
62.531, 60, 14197.373047
62.531, 60, 14197.818359
62.531, 60, 14198.262695
62.531, 60, 14198.708008
62.531, 60, 14199.153320
62.531, 60, 14199.597656
62.531, 60, 14200.042969
62.531, 60, 14200.488281
62.531, 60, 14200.932617
62.531, 60, 14201.377930
62.531, 60, 14201.823242
62.531, 60, 14202.268555
62.531, 60, 14202.712891
62.247, 60, 14203.158203
62.247, 60, 14203.603516
62.247, 60, 14204.047852
62.247, 60, 14204.493164
62.247, 60, 14204.938477
62.247, 60, 14205.383789
62.247, 60, 14205.828125
62.247, 60, 14206.273438
62.247, 60, 14206.718750
62.247, 60, 14207.163086
62.247, 60, 14207.608398
62.247, 60, 14208.053711
62.247, 60, 14208.499023
62.247, 60, 14208.943359
62.247, 60, 14209.388672
62.247, 60, 14209.833984
62.247, 60, 14210.278320
62.247, 60, 14210.723633
62.247, 60, 14211.168945
62.247, 60, 14211.614258
62.247, 60, 14212.058594
62.247, 60, 14212.503906
62.247, 60, 14212.949219
62.247, 60, 14213.393555
62.247, 60, 14213.838867
62.247, 60, 14214.284180
62.247, 60, 14214.729492
62.247, 60, 14215.173828
62.247, 60, 14215.619141
62.247, 60, 14216.064453
62.247, 60, 14216.508789
62.247, 60, 14216.954102
62.247, 60, 14217.399414
62.247, 60, 14217.844727
62.247, 60, 14218.289062
62.151, 60, 14218.734375
62.151, 60, 14219.179688
62.151, 60, 14219.624023
62.151, 60, 14220.069336
62.151, 60, 14220.514648
62.151, 60, 14220.959961
62.151, 60, 14221.404297
62.151, 60, 14221.849609
62.151, 60, 14222.294922
62.151, 60, 14222.739258
62.151, 60, 14223.184570
62.151, 60, 14223.629883
62.151, 60, 14224.074219
62.151, 60, 14224.519531
62.151, 60, 14224.964844
62.151, 60, 14225.410156
62.151, 60, 14225.854492
62.151, 60, 14226.299805
62.151, 60, 14226.745117
62.151, 60, 14227.189453
62.151, 60, 14227.634766
62.151, 60, 14228.080078
62.151, 60, 14228.525391
62.151, 60, 14228.969727
62.151, 60, 14229.415039
62.151, 60, 14229.860352
62.151, 60, 14230.304688
62.151, 60, 14230.750000
62.151, 60, 14231.195312
62.151, 60, 14231.640625
62.151, 60, 14232.084961
62.151, 60, 14232.530273
62.151, 60, 14232.975586
62.151, 60, 14233.419922
62.151, 60, 14233.865234
62.074, 60, 14234.310547
62.074, 60, 14234.755859
62.074, 60, 14235.200195
62.074, 60, 14235.645508
62.074, 60, 14236.090820
62.074, 60, 14236.535156
62.074, 60, 14236.980469
62.074, 60, 14237.425781
62.074, 60, 14237.871094
62.074, 60, 14238.315430
62.074, 60, 14238.760742
62.074, 60, 14239.206055
62.074, 60, 14239.650391
62.074, 60, 14240.095703
62.074, 60, 14240.541016
62.074, 60, 14240.986328
62.074, 60, 14241.430664
62.074, 60, 14241.875977
62.074, 60, 14242.321289
62.074, 60, 14242.765625
62.074, 60, 14243.210938
62.074, 60, 14243.656250
62.074, 60, 14244.101562
62.074, 60, 14244.545898
62.074, 60, 14244.991211
62.074, 60, 14245.436523
62.074, 60, 14245.880859
62.074, 60, 14246.326172
62.074, 60, 14246.771484
62.074, 60, 14247.215820
62.074, 60, 14247.661133
62.074, 60, 14248.106445
62.074, 60, 14248.551758
62.074, 60, 14248.996094
62.074, 60, 14249.441406
61.979, 60, 14249.886719
61.979, 60, 14250.331055
61.979, 60, 14250.776367
61.979, 60, 14251.221680
61.979, 60, 14251.666992
61.979, 60, 14252.111328
61.979, 60, 14252.556641
61.979, 60, 14253.001953
61.979, 60, 14253.446289
61.979, 60, 14253.891602
61.979, 60, 14254.336914
61.979, 60, 14254.782227
61.979, 60, 14255.226562
61.979, 60, 14255.671875
61.979, 60, 14256.117188
61.979, 60, 14256.561523
61.979, 60, 14257.006836
61.979, 60, 14257.452148
61.979, 60, 14257.897461
61.979, 60, 14258.341797
61.979, 60, 14258.787109
61.979, 60, 14259.232422
61.979, 60, 14259.676758
61.979, 60, 14260.122070
61.979, 60, 14260.567383
61.979, 60, 14261.012695
61.979, 60, 14261.457031
61.979, 60, 14261.902344
61.979, 60, 14262.347656
61.979, 60, 14262.791992
61.979, 60, 14263.237305
61.979, 60, 14263.682617
61.979, 60, 14264.127930
61.979, 60, 14264.572266
61.979, 60, 14265.017578
61.979, 60, 14265.462891
61.979, 60, 14265.907227
61.979, 60, 14266.352539
61.979, 60, 14266.797852
61.979, 60, 14267.243164
61.979, 60, 14267.687500
61.979, 60, 14268.132812
61.979, 60, 14268.578125
61.979, 60, 14269.022461
61.979, 60, 14269.467773
61.979, 60, 14269.913086
61.979, 60, 14270.357422
61.979, 60, 14270.802734
61.979, 60, 14271.248047
61.979, 60, 14271.693359
61.979, 60, 14272.137695
61.979, 60, 14272.583008
61.979, 60, 14273.028320
61.979, 60, 14273.472656
61.979, 60, 14273.917969
61.979, 60, 14274.363281
61.979, 60, 14274.808594
61.979, 60, 14275.252930
61.979, 60, 14275.698242
61.979, 60, 14276.143555
61.979, 60, 14276.587891
61.979, 60, 14277.033203
61.979, 60, 14277.478516
61.979, 60, 14277.923828
61.979, 60, 14278.368164
61.979, 60, 14278.813477
61.979, 60, 14279.258789
61.979, 60, 14279.703125
61.979, 60, 14280.148438
61.961, 60, 14280.593750
61.961, 60, 14281.039062
61.961, 60, 14281.483398
61.961, 60, 14281.928711
61.961, 60, 14282.374023
61.961, 60, 14282.818359
61.961, 60, 14283.263672
61.961, 60, 14283.708984
61.961, 60, 14284.154297
61.961, 60, 14284.598633
61.961, 60, 14285.043945
61.961, 60, 14285.489258
61.961, 60, 14285.933594
61.961, 60, 14286.378906
61.961, 60, 14286.824219
61.961, 60, 14287.269531
61.961, 60, 14287.713867
61.961, 60, 14288.159180
61.961, 60, 14288.604492
61.961, 60, 14289.048828
61.961, 60, 14289.494141
61.961, 60, 14289.939453
61.961, 60, 14290.384766
61.961, 60, 14290.829102
61.961, 60, 14291.274414
61.961, 60, 14291.719727
61.961, 60, 14292.164062
61.961, 60, 14292.609375
61.961, 60, 14293.054688
61.961, 60, 14293.499023
61.961, 60, 14293.944336
61.961, 60, 14294.389648
61.961, 60, 14294.834961
61.961, 60, 14295.279297
61.961, 60, 14295.724609
61.979, 60, 14296.169922
61.979, 60, 14296.614258
61.979, 60, 14297.059570
61.979, 60, 14297.504883
61.979, 60, 14297.950195
61.979, 60, 14298.394531
61.979, 60, 14298.839844
61.979, 60, 14299.285156
61.979, 60, 14299.729492
61.979, 60, 14300.174805
61.979, 60, 14300.620117
61.979, 60, 14301.065430
61.979, 60, 14301.509766
61.979, 60, 14301.955078
61.979, 60, 14302.400391
61.979, 60, 14302.844727
61.979, 60, 14303.290039
61.979, 60, 14303.735352
61.979, 60, 14304.180664
61.979, 60, 14304.625000
61.979, 60, 14305.070312
61.979, 60, 14305.515625
61.979, 60, 14305.959961
61.979, 60, 14306.405273
61.979, 60, 14306.850586
61.979, 60, 14307.295898
61.979, 60, 14307.740234
61.979, 60, 14308.185547
61.979, 60, 14308.630859
61.979, 60, 14309.075195
61.979, 60, 14309.520508
61.979, 60, 14309.965820
61.979, 60, 14310.411133
61.979, 60, 14310.855469
61.979, 60, 14311.300781
61.961, 60, 14311.746094
61.961, 60, 14312.190430
61.961, 60, 14312.635742
61.961, 60, 14313.081055
61.961, 60, 14313.526367
61.961, 60, 14313.970703
61.961, 60, 14314.416016
61.961, 60, 14314.861328
61.961, 60, 14315.305664
61.961, 60, 14315.750977
61.961, 60, 14316.196289
61.961, 60, 14316.640625
61.961, 60, 14317.085938
61.961, 60, 14317.531250
61.961, 60, 14317.976562
61.961, 60, 14318.420898
61.961, 60, 14318.866211
61.961, 60, 14319.311523
61.961, 60, 14319.755859
61.961, 60, 14320.201172
61.961, 60, 14320.646484
61.961, 60, 14321.091797
61.961, 60, 14321.536133
61.961, 60, 14321.981445
61.961, 60, 14322.426758
61.961, 60, 14322.871094
61.961, 60, 14323.316406
61.961, 60, 14323.761719
61.961, 60, 14324.207031
61.961, 60, 14324.651367
61.961, 60, 14325.096680
61.961, 60, 14325.541992
61.961, 60, 14325.986328
61.961, 60, 14326.431641
61.961, 60, 14326.876953
61.961, 60, 14327.322266
61.961, 60, 14327.766602
61.961, 60, 14328.211914
61.961, 60, 14328.657227
61.961, 60, 14329.101562
61.961, 60, 14329.546875
61.961, 60, 14329.992188
61.961, 60, 14330.437500
61.961, 60, 14330.881836
61.961, 60, 14331.327148
61.961, 60, 14331.772461
61.961, 60, 14332.216797
61.961, 60, 14332.662109
61.961, 60, 14333.107422
61.961, 60, 14333.552734
61.961, 60, 14333.997070
61.961, 60, 14334.442383
61.961, 60, 14334.887695
61.961, 60, 14335.332031
61.961, 60, 14335.777344
61.961, 60, 14336.222656
61.961, 60, 14336.667969
61.961, 60, 14337.112305
61.961, 60, 14337.557617
61.961, 60, 14338.002930
61.961, 60, 14338.447266
61.961, 60, 14338.892578
61.961, 60, 14339.337891
61.961, 60, 14339.782227
61.961, 60, 14340.227539
61.961, 60, 14340.672852
61.961, 60, 14341.118164
61.961, 60, 14341.562500
61.961, 60, 14342.007812
62.056, 60, 14342.453125
62.056, 60, 14342.897461
62.056, 60, 14343.342773
62.056, 60, 14343.788086
62.056, 60, 14344.233398
62.056, 60, 14344.677734
62.056, 60, 14345.123047
62.056, 60, 14345.568359
62.056, 60, 14346.012695
62.056, 60, 14346.458008
62.056, 60, 14346.903320
62.056, 60, 14347.348633
62.056, 60, 14347.792969
62.056, 60, 14348.238281
62.056, 60, 14348.683594
62.056, 60, 14349.127930
62.056, 60, 14349.573242
62.056, 60, 14350.018555
62.056, 60, 14350.463867
62.056, 60, 14350.908203
62.056, 60, 14351.353516
62.056, 60, 14351.798828
62.056, 60, 14352.243164
62.056, 60, 14352.688477
62.056, 60, 14353.133789
62.056, 60, 14353.579102
62.056, 60, 14354.023438
62.056, 60, 14354.468750
62.056, 60, 14354.914062
62.056, 60, 14355.358398
62.056, 60, 14355.803711
62.056, 60, 14356.249023
62.056, 60, 14356.694336
62.056, 60, 14357.138672
62.056, 60, 14357.583984
62.151, 60, 14358.029297
62.151, 60, 14358.473633
62.151, 60, 14358.918945
62.151, 60, 14359.364258
62.151, 60, 14359.809570
62.151, 60, 14360.253906
62.151, 60, 14360.699219
62.151, 60, 14361.144531
62.151, 60, 14361.588867
62.151, 60, 14362.034180
62.151, 60, 14362.479492
62.151, 60, 14362.923828
62.151, 60, 14363.369141
62.151, 60, 14363.814453
62.151, 60, 14364.259766
62.151, 60, 14364.704102
62.151, 60, 14365.149414
62.151, 60, 14365.594727
62.151, 60, 14366.039062
62.151, 60, 14366.484375
62.151, 60, 14366.929688
62.151, 60, 14367.375000
62.151, 60, 14367.819336
62.151, 60, 14368.264648
62.151, 60, 14368.709961
62.151, 60, 14369.154297
62.151, 60, 14369.599609
62.151, 60, 14370.044922
62.151, 60, 14370.490234
62.151, 60, 14370.934570
62.151, 60, 14371.379883
62.151, 60, 14371.825195
62.151, 60, 14372.269531
62.151, 60, 14372.714844
62.151, 60, 14373.160156
62.074, 60, 14373.605469
62.074, 60, 14374.049805
62.074, 60, 14374.495117
62.074, 60, 14374.940430
62.074, 60, 14375.384766
62.074, 60, 14375.830078
62.074, 60, 14376.275391
62.074, 60, 14376.720703
62.074, 60, 14377.165039
62.074, 60, 14377.610352
62.074, 60, 14378.055664
62.074, 60, 14378.500000
62.074, 60, 14378.945312
62.074, 60, 14379.390625
62.074, 60, 14379.835938
62.074, 60, 14380.280273
62.074, 60, 14380.725586
62.074, 60, 14381.170898
62.074, 60, 14381.615234
62.074, 60, 14382.060547
62.074, 60, 14382.505859
62.074, 60, 14382.951172
62.074, 60, 14383.395508
62.074, 60, 14383.840820
62.074, 60, 14384.286133
62.074, 60, 14384.730469
62.074, 60, 14385.175781
62.074, 60, 14385.621094
62.074, 60, 14386.065430
62.074, 60, 14386.510742
62.074, 60, 14386.956055
62.074, 60, 14387.401367
62.074, 60, 14387.845703
62.074, 60, 14388.291016
62.056, 60, 14388.736328
62.056, 60, 14389.180664
62.056, 60, 14389.625977
62.056, 60, 14390.071289
62.056, 60, 14390.516602
62.056, 60, 14390.960938
62.056, 60, 14391.406250
62.056, 60, 14391.851562
62.056, 60, 14392.295898
62.056, 60, 14392.741211
62.056, 60, 14393.186523
62.056, 60, 14393.631836
62.056, 60, 14394.076172
62.056, 60, 14394.521484
62.056, 60, 14394.966797
62.056, 60, 14395.411133
62.056, 60, 14395.856445
62.056, 60, 14396.301758
62.056, 60, 14396.747070
62.056, 60, 14397.191406
62.056, 60, 14397.636719
62.056, 60, 14398.082031
62.056, 60, 14398.526367
62.056, 60, 14398.971680
62.056, 60, 14399.416992
62.056, 60, 14399.862305
62.056, 60, 14400.306641
62.056, 60, 14400.751953
62.056, 60, 14401.197266
62.056, 60, 14401.641602
62.056, 60, 14402.086914
62.056, 60, 14402.532227
62.056, 60, 14402.977539
62.056, 60, 14403.421875
62.056, 60, 14403.867188
62.056, 60, 14404.312500
62.056, 60, 14404.756836
62.056, 60, 14405.202148
62.056, 60, 14405.647461
62.056, 60, 14406.092773
62.056, 60, 14406.537109
62.056, 60, 14406.982422
62.056, 60, 14407.427734
62.056, 60, 14407.872070
62.056, 60, 14408.317383
62.056, 60, 14408.762695
62.056, 60, 14409.207031
62.056, 60, 14409.652344
62.056, 60, 14410.097656
62.056, 60, 14410.542969
62.056, 60, 14410.987305
62.056, 60, 14411.432617
62.056, 60, 14411.877930
62.056, 60, 14412.322266
62.056, 60, 14412.767578
62.056, 60, 14413.212891
62.056, 60, 14413.658203
62.056, 60, 14414.102539
62.056, 60, 14414.547852
62.056, 60, 14414.993164
62.056, 60, 14415.437500
62.056, 60, 14415.882812
62.056, 60, 14416.328125
62.056, 60, 14416.773438
62.056, 60, 14417.217773
62.056, 60, 14417.663086
62.056, 60, 14418.108398
62.056, 60, 14418.552734
62.056, 60, 14418.998047
62.056, 60, 14419.443359
62.056, 60, 14419.888672
62.056, 60, 14420.333008
62.056, 60, 14420.778320
62.056, 60, 14421.223633
62.056, 60, 14421.667969
62.056, 60, 14422.113281
62.056, 60, 14422.558594
62.056, 60, 14423.003906
62.056, 60, 14423.448242
62.056, 60, 14423.893555
62.056, 60, 14424.338867
62.056, 60, 14424.783203
62.056, 60, 14425.228516
62.056, 60, 14425.673828
62.056, 60, 14426.119141
62.056, 60, 14426.563477
62.056, 60, 14427.008789
62.056, 60, 14427.454102
62.056, 60, 14427.898438
62.056, 60, 14428.343750
62.056, 60, 14428.789062
62.056, 60, 14429.234375
62.056, 60, 14429.678711
62.056, 60, 14430.124023
62.056, 60, 14430.569336
62.056, 60, 14431.013672
62.056, 60, 14431.458984
62.056, 60, 14431.904297
62.056, 60, 14432.348633
62.056, 60, 14432.793945
62.056, 60, 14433.239258
62.056, 60, 14433.684570
62.151, 60, 14434.128906
62.151, 60, 14434.574219
62.151, 60, 14435.019531
62.151, 60, 14435.463867
62.151, 60, 14435.909180
62.151, 60, 14436.354492
62.151, 60, 14436.799805
62.151, 60, 14437.244141
62.151, 60, 14437.689453
62.151, 60, 14438.134766
62.151, 60, 14438.579102
62.151, 60, 14439.024414
62.151, 60, 14439.469727
62.151, 60, 14439.915039
62.151, 60, 14440.359375
62.151, 60, 14440.804688
62.151, 60, 14441.250000
62.151, 60, 14441.694336
62.151, 60, 14442.139648
62.151, 60, 14442.584961
62.151, 60, 14443.030273
62.151, 60, 14443.474609
62.151, 60, 14443.919922
62.151, 60, 14444.365234
62.151, 60, 14444.809570
62.151, 60, 14445.254883
62.151, 60, 14445.700195
62.151, 60, 14446.145508
62.151, 60, 14446.589844
62.151, 60, 14447.035156
62.151, 60, 14447.480469
62.151, 60, 14447.924805
62.151, 60, 14448.370117
62.151, 60, 14448.815430
62.151, 60, 14449.260742
62.151, 60, 14449.705078
62.151, 60, 14450.150391
62.151, 60, 14450.595703
62.151, 60, 14451.040039
62.151, 60, 14451.485352
62.151, 60, 14451.930664
62.151, 60, 14452.375977
62.151, 60, 14452.820312
62.151, 60, 14453.265625
62.151, 60, 14453.710938
62.151, 60, 14454.155273
62.151, 60, 14454.600586
62.151, 60, 14455.045898
62.151, 60, 14455.490234
62.151, 60, 14455.935547
62.151, 60, 14456.380859
62.151, 60, 14456.826172
62.151, 60, 14457.270508
62.151, 60, 14457.715820
62.151, 60, 14458.161133
62.151, 60, 14458.605469
62.151, 60, 14459.050781
62.151, 60, 14459.496094
62.151, 60, 14459.941406
62.151, 60, 14460.385742
62.151, 60, 14460.831055
62.151, 60, 14461.276367
62.151, 60, 14461.720703
62.151, 60, 14462.166016
62.151, 60, 14462.611328
62.151, 60, 14463.056641
62.151, 60, 14463.500977
62.151, 60, 14463.946289
62.151, 60, 14464.391602
62.151, 60, 14464.835938
62.151, 60, 14465.281250
62.151, 60, 14465.726562
62.151, 60, 14466.171875
62.151, 60, 14466.616211
62.151, 60, 14467.061523
62.151, 60, 14467.506836
62.151, 60, 14467.951172
62.151, 60, 14468.396484
62.151, 60, 14468.841797
62.151, 60, 14469.287109
62.151, 60, 14469.731445
62.151, 60, 14470.176758
62.151, 60, 14470.622070
62.151, 60, 14471.066406
62.151, 60, 14471.511719
62.151, 60, 14471.957031
62.151, 60, 14472.402344
62.151, 60, 14472.846680
62.151, 60, 14473.291992
62.151, 60, 14473.737305
62.151, 60, 14474.181641
62.151, 60, 14474.626953
62.151, 60, 14475.072266
62.151, 60, 14475.517578
62.151, 60, 14475.961914
62.151, 60, 14476.407227
62.151, 60, 14476.852539
62.151, 60, 14477.296875
62.151, 60, 14477.742188
62.151, 60, 14478.187500
62.151, 60, 14478.631836
62.151, 60, 14479.077148
62.151, 60, 14479.522461
62.151, 60, 14479.967773
62.151, 60, 14480.412109
62.151, 60, 14480.857422
62.151, 60, 14481.302734
62.151, 60, 14481.747070
62.151, 60, 14482.192383
62.151, 60, 14482.637695
62.151, 60, 14483.083008
62.151, 60, 14483.527344
62.151, 60, 14483.972656
62.151, 60, 14484.417969
62.151, 60, 14484.862305
62.151, 60, 14485.307617
62.151, 60, 14485.752930
62.151, 60, 14486.198242
62.151, 60, 14486.642578
62.151, 60, 14487.087891
62.151, 60, 14487.533203
62.151, 60, 14487.977539
62.151, 60, 14488.422852
62.151, 60, 14488.868164
62.151, 60, 14489.313477
62.151, 60, 14489.757812
62.151, 60, 14490.203125
62.151, 60, 14490.648438
62.151, 60, 14491.092773
62.151, 60, 14491.538086
62.151, 60, 14491.983398
62.151, 60, 14492.428711
62.151, 60, 14492.873047
62.151, 60, 14493.318359
62.151, 60, 14493.763672
62.151, 60, 14494.208008
62.151, 60, 14494.653320
62.247, 60, 14495.098633
62.247, 60, 14495.543945
62.247, 60, 14495.988281
62.247, 60, 14496.433594
62.247, 60, 14496.878906
62.247, 60, 14497.323242
62.247, 60, 14497.768555
62.247, 60, 14498.213867
62.247, 60, 14498.659180
62.247, 60, 14499.103516
62.247, 60, 14499.548828
62.247, 60, 14499.994141
62.247, 60, 14500.438477
62.247, 60, 14500.883789
62.247, 60, 14501.329102
62.247, 60, 14501.773438
62.247, 60, 14502.218750
62.247, 60, 14502.664062
62.247, 60, 14503.109375
62.247, 60, 14503.553711
62.247, 60, 14503.999023
62.247, 60, 14504.444336
62.247, 60, 14504.888672
62.247, 60, 14505.333984
62.247, 60, 14505.779297
62.247, 60, 14506.224609
62.247, 60, 14506.668945
62.247, 60, 14507.114258
62.247, 60, 14507.559570
62.247, 60, 14508.003906
62.247, 60, 14508.449219
62.247, 60, 14508.894531
62.247, 60, 14509.339844
62.247, 60, 14509.784180
62.247, 60, 14510.229492
62.247, 60, 14510.674805
62.247, 60, 14511.119141
62.247, 60, 14511.564453
62.247, 60, 14512.009766
62.247, 60, 14512.455078
62.247, 60, 14512.899414
62.247, 60, 14513.344727
62.247, 60, 14513.790039
62.247, 60, 14514.234375
62.247, 60, 14514.679688
62.247, 60, 14515.125000
62.247, 60, 14515.570312
62.247, 60, 14516.014648
62.247, 60, 14516.459961
62.247, 60, 14516.905273
62.247, 60, 14517.349609
62.247, 60, 14517.794922
62.247, 60, 14518.240234
62.247, 60, 14518.685547
62.247, 60, 14519.129883
62.247, 60, 14519.575195
62.247, 60, 14520.020508
62.247, 60, 14520.464844
62.247, 60, 14520.910156
62.247, 60, 14521.355469
62.247, 60, 14521.800781
62.247, 60, 14522.245117
62.247, 60, 14522.690430
62.247, 60, 14523.135742
62.247, 60, 14523.580078
62.247, 60, 14524.025391
62.247, 60, 14524.470703
62.247, 60, 14524.915039
62.247, 60, 14525.360352
62.247, 60, 14525.805664
62.342, 60, 14526.250977
62.342, 60, 14526.695312
62.342, 60, 14527.140625
62.342, 60, 14527.585938
62.342, 60, 14528.030273
62.342, 60, 14528.475586
62.342, 60, 14528.920898
62.342, 60, 14529.366211
62.342, 60, 14529.810547
62.342, 60, 14530.255859
62.342, 60, 14530.701172
62.342, 60, 14531.145508
62.342, 60, 14531.590820
62.342, 60, 14532.036133
62.342, 60, 14532.481445
62.342, 60, 14532.925781
62.342, 60, 14533.371094
62.342, 60, 14533.816406
62.342, 60, 14534.260742
62.342, 60, 14534.706055
62.342, 60, 14535.151367
62.342, 60, 14535.596680
62.342, 60, 14536.041016
62.342, 60, 14536.486328
62.342, 60, 14536.931641
62.342, 60, 14537.375977
62.342, 60, 14537.821289
62.342, 60, 14538.266602
62.342, 60, 14538.711914
62.342, 60, 14539.156250
62.342, 60, 14539.601562
62.342, 60, 14540.046875
62.342, 60, 14540.491211
62.342, 60, 14540.936523
62.342, 60, 14541.381836
62.247, 60, 14541.827148
62.247, 60, 14542.271484
62.247, 60, 14542.716797
62.247, 60, 14543.162109
62.247, 60, 14543.606445
62.247, 60, 14544.051758
62.247, 60, 14544.497070
62.247, 60, 14544.942383
62.247, 60, 14545.386719
62.247, 60, 14545.832031
62.247, 60, 14546.277344
62.247, 60, 14546.721680
62.247, 60, 14547.166992
62.247, 60, 14547.612305
62.247, 60, 14548.056641
62.247, 60, 14548.501953
62.247, 60, 14548.947266
62.247, 60, 14549.392578
62.247, 60, 14549.836914
62.247, 60, 14550.282227
62.247, 60, 14550.727539
62.247, 60, 14551.171875
62.247, 60, 14551.617188
62.247, 60, 14552.062500
62.247, 60, 14552.507812
62.247, 60, 14552.952148
62.247, 60, 14553.397461
62.247, 60, 14553.842773
62.247, 60, 14554.287109
62.247, 60, 14554.732422
62.247, 60, 14555.177734
62.247, 60, 14555.623047
62.247, 60, 14556.067383
62.247, 60, 14556.512695
62.247, 60, 14556.958008
62.151, 60, 14557.402344
62.151, 60, 14557.847656
62.151, 60, 14558.292969
62.151, 60, 14558.738281
62.151, 60, 14559.182617
62.151, 60, 14559.627930
62.151, 60, 14560.073242
62.151, 60, 14560.517578
62.151, 60, 14560.962891
62.151, 60, 14561.408203
62.151, 60, 14561.853516
62.151, 60, 14562.297852
62.151, 60, 14562.743164
62.151, 60, 14563.188477
62.151, 60, 14563.632812
62.151, 60, 14564.078125
62.151, 60, 14564.523438
62.151, 60, 14564.968750
62.151, 60, 14565.413086
62.151, 60, 14565.858398
62.151, 60, 14566.303711
62.151, 60, 14566.748047
62.151, 60, 14567.193359
62.151, 60, 14567.638672
62.151, 60, 14568.083984
62.151, 60, 14568.528320
62.151, 60, 14568.973633
62.151, 60, 14569.418945
62.151, 60, 14569.863281
62.151, 60, 14570.308594
62.151, 60, 14570.753906
62.151, 60, 14571.198242
62.151, 60, 14571.643555
62.151, 60, 14572.088867
62.151, 60, 14572.534180
62.151, 60, 14572.978516
62.151, 60, 14573.423828
62.151, 60, 14573.869141
62.151, 60, 14574.313477
62.151, 60, 14574.758789
62.151, 60, 14575.204102
62.151, 60, 14575.649414
62.151, 60, 14576.093750
62.151, 60, 14576.539062
62.151, 60, 14576.984375
62.151, 60, 14577.428711
62.151, 60, 14577.874023
62.151, 60, 14578.319336
62.151, 60, 14578.764648
62.151, 60, 14579.208984
62.151, 60, 14579.654297
62.151, 60, 14580.099609
62.151, 60, 14580.543945
62.151, 60, 14580.989258
62.151, 60, 14581.434570
62.151, 60, 14581.879883
62.151, 60, 14582.324219
62.151, 60, 14582.769531
62.151, 60, 14583.214844
62.151, 60, 14583.659180
62.151, 60, 14584.104492
62.151, 60, 14584.549805
62.151, 60, 14584.995117
62.151, 60, 14585.439453
62.151, 60, 14585.884766
62.151, 60, 14586.330078
62.151, 60, 14586.774414
62.151, 60, 14587.219727
62.151, 60, 14587.665039
62.151, 60, 14588.110352
62.151, 60, 14588.554688
62.151, 60, 14589.000000
62.151, 60, 14589.445312
62.151, 60, 14589.889648
62.151, 60, 14590.334961
62.151, 60, 14590.780273
62.151, 60, 14591.225586
62.151, 60, 14591.669922
62.151, 60, 14592.115234
62.151, 60, 14592.560547
62.151, 60, 14593.004883
62.151, 60, 14593.450195
62.151, 60, 14593.895508
62.151, 60, 14594.340820
62.151, 60, 14594.785156
62.151, 60, 14595.230469
62.151, 60, 14595.675781
62.151, 60, 14596.120117
62.151, 60, 14596.565430
62.151, 60, 14597.010742
62.151, 60, 14597.455078
62.151, 60, 14597.900391
62.151, 60, 14598.345703
62.151, 60, 14598.791016
62.151, 60, 14599.235352
62.151, 60, 14599.680664
62.151, 60, 14600.125977
62.151, 60, 14600.570312
62.151, 60, 14601.015625
62.151, 60, 14601.460938
62.151, 60, 14601.906250
62.151, 60, 14602.350586
62.151, 60, 14602.795898
62.151, 60, 14603.241211
62.151, 60, 14603.685547
62.151, 60, 14604.130859
62.151, 60, 14604.576172
62.151, 60, 14605.021484
62.151, 60, 14605.465820
62.151, 60, 14605.911133
62.151, 60, 14606.356445
62.151, 60, 14606.800781
62.151, 60, 14607.246094
62.151, 60, 14607.691406
62.151, 60, 14608.136719
62.151, 60, 14608.581055
62.151, 60, 14609.026367
62.151, 60, 14609.471680
62.151, 60, 14609.916016
62.151, 60, 14610.361328
62.151, 60, 14610.806641
62.151, 60, 14611.251953
62.151, 60, 14611.696289
62.151, 60, 14612.141602
62.151, 60, 14612.586914
62.151, 60, 14613.031250
62.151, 60, 14613.476562
62.151, 60, 14613.921875
62.151, 60, 14614.367188
62.151, 60, 14614.811523
62.151, 60, 14615.256836
62.151, 60, 14615.702148
62.151, 60, 14616.146484
62.151, 60, 14616.591797
62.151, 60, 14617.037109
62.151, 60, 14617.482422
62.151, 60, 14617.926758
62.151, 60, 14618.372070
62.151, 60, 14618.817383
62.151, 60, 14619.261719
62.151, 60, 14619.707031
62.151, 60, 14620.152344
62.151, 60, 14620.596680
62.151, 60, 14621.041992
62.151, 60, 14621.487305
62.151, 60, 14621.932617
62.151, 60, 14622.376953
62.151, 60, 14622.822266
62.151, 60, 14623.267578
62.151, 60, 14623.711914
62.151, 60, 14624.157227
62.151, 60, 14624.602539
62.151, 60, 14625.047852
62.151, 60, 14625.492188
62.151, 60, 14625.937500
62.151, 60, 14626.382812
62.151, 60, 14626.827148
62.151, 60, 14627.272461
62.151, 60, 14627.717773
62.151, 60, 14628.163086
62.151, 60, 14628.607422
62.151, 60, 14629.052734
62.151, 60, 14629.498047
62.151, 60, 14629.942383
62.151, 60, 14630.387695
62.151, 60, 14630.833008
62.151, 60, 14631.278320
62.151, 60, 14631.722656
62.151, 60, 14632.167969
62.151, 60, 14632.613281
62.151, 60, 14633.057617
62.151, 60, 14633.502930
62.151, 60, 14633.948242
62.151, 60, 14634.393555
62.151, 60, 14634.837891
62.151, 60, 14635.283203
62.151, 60, 14635.728516
62.151, 60, 14636.172852
62.151, 60, 14636.618164
62.151, 60, 14637.063477
62.151, 60, 14637.508789
62.151, 60, 14637.953125
62.151, 60, 14638.398438
62.151, 60, 14638.843750
62.151, 60, 14639.288086
62.151, 60, 14639.733398
62.151, 60, 14640.178711
62.151, 60, 14640.624023
62.151, 60, 14641.068359
62.151, 60, 14641.513672
62.151, 60, 14641.958984
62.151, 60, 14642.403320
62.151, 60, 14642.848633
62.151, 60, 14643.293945
62.151, 60, 14643.738281
62.151, 60, 14644.183594
62.151, 60, 14644.628906
62.151, 60, 14645.074219
62.151, 60, 14645.518555
62.151, 60, 14645.963867
62.151, 60, 14646.409180
62.151, 60, 14646.853516
62.151, 60, 14647.298828
62.151, 60, 14647.744141
62.151, 60, 14648.189453
62.151, 60, 14648.633789
62.151, 60, 14649.079102
62.151, 60, 14649.524414
62.151, 60, 14649.968750
62.151, 60, 14650.414062
62.151, 60, 14650.859375
62.151, 60, 14651.304688
62.151, 60, 14651.749023
62.151, 60, 14652.194336
62.151, 60, 14652.639648
62.151, 60, 14653.083984
62.151, 60, 14653.529297
62.151, 60, 14653.974609
62.151, 60, 14654.419922
62.151, 60, 14654.864258
62.151, 60, 14655.309570
62.151, 60, 14655.754883
62.151, 60, 14656.199219
62.151, 60, 14656.644531
62.151, 60, 14657.089844
62.151, 60, 14657.535156
62.151, 60, 14657.979492
62.151, 60, 14658.424805
62.151, 60, 14658.870117
62.151, 60, 14659.314453
62.151, 60, 14659.759766
62.151, 60, 14660.205078
62.151, 60, 14660.650391
62.151, 60, 14661.094727
62.151, 60, 14661.540039
62.151, 60, 14661.985352
62.151, 60, 14662.429688
62.151, 60, 14662.875000
62.151, 60, 14663.320312
62.151, 60, 14663.765625
62.247, 60, 14664.209961
62.247, 60, 14664.655273
62.247, 60, 14665.100586
62.247, 60, 14665.544922
62.247, 60, 14665.990234
62.247, 60, 14666.435547
62.247, 60, 14666.879883
62.247, 60, 14667.325195
62.247, 60, 14667.770508
62.247, 60, 14668.215820
62.247, 60, 14668.660156
62.247, 60, 14669.105469
62.247, 60, 14669.550781
62.247, 60, 14669.995117
62.247, 60, 14670.440430
62.247, 60, 14670.885742
62.247, 60, 14671.331055
62.247, 60, 14671.775391
62.247, 60, 14672.220703
62.247, 60, 14672.666016
62.247, 60, 14673.110352
62.247, 60, 14673.555664
62.247, 60, 14674.000977
62.247, 60, 14674.446289
62.247, 60, 14674.890625
62.247, 60, 14675.335938
62.247, 60, 14675.781250
62.247, 60, 14676.225586
62.247, 60, 14676.670898
62.247, 60, 14677.116211
62.247, 60, 14677.561523
62.247, 60, 14678.005859
62.247, 60, 14678.451172
62.247, 60, 14678.896484
62.247, 60, 14679.340820
62.247, 60, 14679.786133
62.247, 60, 14680.231445
62.247, 60, 14680.676758
62.247, 60, 14681.121094
62.247, 60, 14681.566406
62.247, 60, 14682.011719
62.247, 60, 14682.456055
62.247, 60, 14682.901367
62.247, 60, 14683.346680
62.247, 60, 14683.791992
62.247, 60, 14684.236328
62.247, 60, 14684.681641
62.247, 60, 14685.126953
62.247, 60, 14685.571289
62.247, 60, 14686.016602
62.247, 60, 14686.461914
62.247, 60, 14686.907227
62.247, 60, 14687.351562
62.247, 60, 14687.796875
62.247, 60, 14688.242188
62.247, 60, 14688.686523
62.247, 60, 14689.131836
62.247, 60, 14689.577148
62.247, 60, 14690.021484
62.247, 60, 14690.466797
62.247, 60, 14690.912109
62.247, 60, 14691.357422
62.247, 60, 14691.801758
62.247, 60, 14692.247070
62.247, 60, 14692.692383
62.247, 60, 14693.136719
62.247, 60, 14693.582031
62.247, 60, 14694.027344
62.247, 60, 14694.472656
62.342, 60, 14694.916992
62.342, 60, 14695.362305
62.342, 60, 14695.807617
62.342, 60, 14696.251953
62.342, 60, 14696.697266
62.342, 60, 14697.142578
62.342, 60, 14697.587891
62.342, 60, 14698.032227
62.342, 60, 14698.477539
62.342, 60, 14698.922852
62.342, 60, 14699.367188
62.342, 60, 14699.812500
62.342, 60, 14700.257812
62.342, 60, 14700.703125
62.342, 60, 14701.147461
62.342, 60, 14701.592773
62.342, 60, 14702.038086
62.342, 60, 14702.482422
62.342, 60, 14702.927734
62.342, 60, 14703.373047
62.342, 60, 14703.818359
62.342, 60, 14704.262695
62.342, 60, 14704.708008
62.342, 60, 14705.153320
62.342, 60, 14705.597656
62.342, 60, 14706.042969
62.342, 60, 14706.488281
62.342, 60, 14706.933594
62.342, 60, 14707.377930
62.342, 60, 14707.823242
62.342, 60, 14708.268555
62.342, 60, 14708.712891
62.342, 60, 14709.158203
62.342, 60, 14709.603516
62.342, 60, 14710.048828
62.247, 60, 14710.493164
62.247, 60, 14710.938477
62.247, 60, 14711.383789
62.247, 60, 14711.828125
62.247, 60, 14712.273438
62.247, 60, 14712.718750
62.247, 60, 14713.163086
62.247, 60, 14713.608398
62.247, 60, 14714.053711
62.247, 60, 14714.499023
62.247, 60, 14714.943359
62.247, 60, 14715.388672
62.247, 60, 14715.833984
62.247, 60, 14716.278320
62.247, 60, 14716.723633
62.247, 60, 14717.168945
62.247, 60, 14717.614258
62.247, 60, 14718.058594
62.247, 60, 14718.503906
62.247, 60, 14718.949219
62.247, 60, 14719.393555
62.247, 60, 14719.838867
62.247, 60, 14720.284180
62.247, 60, 14720.729492
62.247, 60, 14721.173828
62.247, 60, 14721.619141
62.247, 60, 14722.064453
62.247, 60, 14722.508789
62.247, 60, 14722.954102
62.247, 60, 14723.399414
62.247, 60, 14723.844727
62.247, 60, 14724.289062
62.247, 60, 14724.734375
62.247, 60, 14725.179688
62.247, 60, 14725.624023
62.247, 60, 14726.069336
62.247, 60, 14726.514648
62.247, 60, 14726.959961
62.247, 60, 14727.404297
62.247, 60, 14727.849609
62.247, 60, 14728.294922
62.247, 60, 14728.739258
62.247, 60, 14729.184570
62.247, 60, 14729.629883
62.247, 60, 14730.075195
62.247, 60, 14730.519531
62.247, 60, 14730.964844
62.247, 60, 14731.410156
62.247, 60, 14731.854492
62.247, 60, 14732.299805
62.247, 60, 14732.745117
62.247, 60, 14733.190430
62.247, 60, 14733.634766
62.247, 60, 14734.080078
62.247, 60, 14734.525391
62.247, 60, 14734.969727
62.247, 60, 14735.415039
62.247, 60, 14735.860352
62.247, 60, 14736.304688
62.247, 60, 14736.750000
62.247, 60, 14737.195312
62.247, 60, 14737.640625
62.247, 60, 14738.084961
62.247, 60, 14738.530273
62.247, 60, 14738.975586
62.247, 60, 14739.419922
62.247, 60, 14739.865234
62.247, 60, 14740.310547
62.247, 60, 14740.755859
62.247, 60, 14741.200195
62.342, 60, 14741.645508
62.342, 60, 14742.090820
62.342, 60, 14742.535156
62.342, 60, 14742.980469
62.342, 60, 14743.425781
62.342, 60, 14743.871094
62.342, 60, 14744.315430
62.342, 60, 14744.760742
62.342, 60, 14745.206055
62.342, 60, 14745.650391
62.342, 60, 14746.095703
62.342, 60, 14746.541016
62.342, 60, 14746.986328
62.342, 60, 14747.430664
62.342, 60, 14747.875977
62.342, 60, 14748.321289
62.342, 60, 14748.765625
62.342, 60, 14749.210938
62.342, 60, 14749.656250
62.342, 60, 14750.101562
62.342, 60, 14750.545898
62.342, 60, 14750.991211
62.342, 60, 14751.436523
62.342, 60, 14751.880859
62.342, 60, 14752.326172
62.342, 60, 14752.771484
62.342, 60, 14753.216797
62.342, 60, 14753.661133
62.342, 60, 14754.106445
62.342, 60, 14754.551758
62.342, 60, 14754.996094
62.342, 60, 14755.441406
62.342, 60, 14755.886719
62.342, 60, 14756.332031
62.342, 60, 14756.776367
62.247, 60, 14757.221680
62.247, 60, 14757.666992
62.247, 60, 14758.111328
62.247, 60, 14758.556641
62.247, 60, 14759.001953
62.247, 60, 14759.446289
62.247, 60, 14759.891602
62.247, 60, 14760.336914
62.247, 60, 14760.782227
62.247, 60, 14761.226562
62.247, 60, 14761.671875
62.247, 60, 14762.117188
62.247, 60, 14762.561523
62.247, 60, 14763.006836
62.247, 60, 14763.452148
62.247, 60, 14763.897461
62.247, 60, 14764.341797
62.247, 60, 14764.787109
62.247, 60, 14765.232422
62.247, 60, 14765.676758
62.247, 60, 14766.122070
62.247, 60, 14766.567383
62.247, 60, 14767.012695
62.247, 60, 14767.457031
62.247, 60, 14767.902344
62.247, 60, 14768.347656
62.247, 60, 14768.791992
62.247, 60, 14769.237305
62.247, 60, 14769.682617
62.247, 60, 14770.127930
62.247, 60, 14770.572266
62.247, 60, 14771.017578
62.247, 60, 14771.462891
62.247, 60, 14771.907227
62.247, 60, 14772.352539
62.342, 60, 14772.797852
62.342, 60, 14773.243164
62.342, 60, 14773.687500
62.342, 60, 14774.132812
62.342, 60, 14774.578125
62.342, 60, 14775.022461
62.342, 60, 14775.467773
62.342, 60, 14775.913086
62.342, 60, 14776.358398
62.342, 60, 14776.802734
62.342, 60, 14777.248047
62.342, 60, 14777.693359
62.342, 60, 14778.137695
62.342, 60, 14778.583008
62.342, 60, 14779.028320
62.342, 60, 14779.473633
62.342, 60, 14779.917969
62.342, 60, 14780.363281
62.342, 60, 14780.808594
62.342, 60, 14781.252930
62.342, 60, 14781.698242
62.342, 60, 14782.143555
62.342, 60, 14782.587891
62.342, 60, 14783.033203
62.342, 60, 14783.478516
62.342, 60, 14783.923828
62.342, 60, 14784.368164
62.342, 60, 14784.813477
62.342, 60, 14785.258789
62.342, 60, 14785.703125
62.342, 60, 14786.148438
62.342, 60, 14786.593750
62.342, 60, 14787.039062
62.342, 60, 14787.483398
62.342, 60, 14787.928711
62.342, 60, 14788.374023
62.342, 60, 14788.818359
62.342, 60, 14789.263672
62.342, 60, 14789.708984
62.342, 60, 14790.154297
62.342, 60, 14790.598633
62.342, 60, 14791.043945
62.342, 60, 14791.489258
62.342, 60, 14791.933594
62.342, 60, 14792.378906
62.342, 60, 14792.824219
62.342, 60, 14793.269531
62.342, 60, 14793.713867
62.342, 60, 14794.159180
62.342, 60, 14794.604492
62.342, 60, 14795.048828
62.342, 60, 14795.494141
62.342, 60, 14795.939453
62.342, 60, 14796.384766
62.342, 60, 14796.829102
62.342, 60, 14797.274414
62.342, 60, 14797.719727
62.342, 60, 14798.164062
62.342, 60, 14798.609375
62.342, 60, 14799.054688
62.342, 60, 14799.500000
62.342, 60, 14799.944336
62.342, 60, 14800.389648
62.342, 60, 14800.834961
62.342, 60, 14801.279297
62.342, 60, 14801.724609
62.342, 60, 14802.169922
62.342, 60, 14802.615234
62.342, 60, 14803.059570
62.342, 60, 14803.504883
62.342, 60, 14803.950195
62.342, 60, 14804.394531
62.342, 60, 14804.839844
62.342, 60, 14805.285156
62.342, 60, 14805.729492
62.342, 60, 14806.174805
62.342, 60, 14806.620117
62.342, 60, 14807.065430
62.342, 60, 14807.509766
62.342, 60, 14807.955078
62.342, 60, 14808.400391
62.342, 60, 14808.844727
62.342, 60, 14809.290039
62.342, 60, 14809.735352
62.342, 60, 14810.180664
62.342, 60, 14810.625000
62.342, 60, 14811.070312
62.342, 60, 14811.515625
62.342, 60, 14811.959961
62.342, 60, 14812.405273
62.342, 60, 14812.850586
62.342, 60, 14813.295898
62.342, 60, 14813.740234
62.342, 60, 14814.185547
62.342, 60, 14814.630859
62.342, 60, 14815.075195
62.342, 60, 14815.520508
62.342, 60, 14815.965820
62.342, 60, 14816.411133
62.342, 60, 14816.855469
62.342, 60, 14817.300781
62.342, 60, 14817.746094
62.342, 60, 14818.190430
62.342, 60, 14818.635742
62.342, 60, 14819.081055
62.342, 60, 14819.526367
62.342, 60, 14819.970703
62.342, 60, 14820.416016
62.342, 60, 14820.861328
62.342, 60, 14821.305664
62.342, 60, 14821.750977
62.342, 60, 14822.196289
62.342, 60, 14822.641602
62.342, 60, 14823.085938
62.342, 60, 14823.531250
62.342, 60, 14823.976562
62.342, 60, 14824.420898
62.342, 60, 14824.866211
62.342, 60, 14825.311523
62.342, 60, 14825.756836
62.342, 60, 14826.201172
62.342, 60, 14826.646484
62.342, 60, 14827.091797
62.342, 60, 14827.536133
62.342, 60, 14827.981445
62.342, 60, 14828.426758
62.342, 60, 14828.871094
62.342, 60, 14829.316406
62.342, 60, 14829.761719
62.342, 60, 14830.207031
62.342, 60, 14830.651367
62.342, 60, 14831.096680
62.342, 60, 14831.541992
62.342, 60, 14831.986328
62.342, 60, 14832.431641
62.342, 60, 14832.876953
62.342, 60, 14833.322266
62.342, 60, 14833.766602
62.531, 60, 14834.211914
62.531, 60, 14834.657227
62.531, 60, 14835.101562
62.531, 60, 14835.546875
62.531, 60, 14835.992188
62.531, 60, 14836.437500
62.531, 60, 14836.881836
62.531, 60, 14837.327148
62.531, 60, 14837.772461
62.531, 60, 14838.216797
62.531, 60, 14838.662109
62.531, 60, 14839.107422
62.531, 60, 14839.552734
62.531, 60, 14839.997070
62.531, 60, 14840.442383
62.531, 60, 14840.887695
62.531, 60, 14841.332031
62.531, 60, 14841.777344
62.531, 60, 14842.222656
62.531, 60, 14842.667969
62.531, 60, 14843.112305
62.531, 60, 14843.557617
62.531, 60, 14844.002930
62.531, 60, 14844.447266
62.531, 60, 14844.892578
62.531, 60, 14845.337891
62.531, 60, 14845.783203
62.531, 60, 14846.227539
62.531, 60, 14846.672852
62.531, 60, 14847.118164
62.531, 60, 14847.562500
62.531, 60, 14848.007812
62.531, 60, 14848.453125
62.531, 60, 14848.898438
62.247, 60, 14849.342773
62.247, 60, 14849.788086
62.247, 60, 14850.233398
62.247, 60, 14850.677734
62.247, 60, 14851.123047
62.247, 60, 14851.568359
62.247, 60, 14852.012695
62.247, 60, 14852.458008
62.247, 60, 14852.903320
62.247, 60, 14853.348633
62.247, 60, 14853.792969
62.247, 60, 14854.238281
62.247, 60, 14854.683594
62.247, 60, 14855.127930
62.247, 60, 14855.573242
62.247, 60, 14856.018555
62.247, 60, 14856.463867
62.247, 60, 14856.908203
62.247, 60, 14857.353516
62.247, 60, 14857.798828
62.247, 60, 14858.243164
62.247, 60, 14858.688477
62.247, 60, 14859.133789
62.247, 60, 14859.579102
62.247, 60, 14860.023438
62.247, 60, 14860.468750
62.247, 60, 14860.914062
62.247, 60, 14861.358398
62.247, 60, 14861.803711
62.247, 60, 14862.249023
62.247, 60, 14862.694336
62.247, 60, 14863.138672
62.247, 60, 14863.583984
62.247, 60, 14864.029297
62.247, 60, 14864.473633
62.151, 60, 14864.918945
62.151, 60, 14865.364258
62.151, 60, 14865.809570
62.151, 60, 14866.253906
62.151, 60, 14866.699219
62.151, 60, 14867.144531
62.151, 60, 14867.588867
62.151, 60, 14868.034180
62.151, 60, 14868.479492
62.151, 60, 14868.924805
62.151, 60, 14869.369141
62.151, 60, 14869.814453
62.151, 60, 14870.259766
62.151, 60, 14870.704102
62.151, 60, 14871.149414
62.151, 60, 14871.594727
62.151, 60, 14872.040039
62.151, 60, 14872.484375
62.151, 60, 14872.929688
62.151, 60, 14873.375000
62.151, 60, 14873.819336
62.151, 60, 14874.264648
62.151, 60, 14874.709961
62.151, 60, 14875.154297
62.151, 60, 14875.599609
62.151, 60, 14876.044922
62.151, 60, 14876.490234
62.151, 60, 14876.934570
62.151, 60, 14877.379883
62.151, 60, 14877.825195
62.151, 60, 14878.269531
62.151, 60, 14878.714844
62.151, 60, 14879.160156
62.151, 60, 14879.605469
62.151, 60, 14880.049805
62.056, 60, 14880.495117
62.056, 60, 14880.940430
62.056, 60, 14881.384766
62.056, 60, 14881.830078
62.056, 60, 14882.275391
62.056, 60, 14882.720703
62.056, 60, 14883.165039
62.056, 60, 14883.610352
62.056, 60, 14884.055664
62.056, 60, 14884.500000
62.056, 60, 14884.945312
62.056, 60, 14885.390625
62.056, 60, 14885.835938
62.056, 60, 14886.280273
62.056, 60, 14886.725586
62.056, 60, 14887.170898
62.056, 60, 14887.615234
62.056, 60, 14888.060547
62.056, 60, 14888.505859
62.056, 60, 14888.951172
62.056, 60, 14889.395508
62.056, 60, 14889.840820
62.056, 60, 14890.286133
62.056, 60, 14890.730469
62.056, 60, 14891.175781
62.056, 60, 14891.621094
62.056, 60, 14892.066406
62.056, 60, 14892.510742
62.056, 60, 14892.956055
62.056, 60, 14893.401367
62.056, 60, 14893.845703
62.056, 60, 14894.291016
62.056, 60, 14894.736328
62.056, 60, 14895.181641
61.961, 60, 14895.625977
61.961, 60, 14896.071289
61.961, 60, 14896.516602
61.961, 60, 14896.960938
61.961, 60, 14897.406250
61.961, 60, 14897.851562
61.961, 60, 14898.295898
61.961, 60, 14898.741211
61.961, 60, 14899.186523
61.961, 60, 14899.631836
61.961, 60, 14900.076172
61.961, 60, 14900.521484
61.961, 60, 14900.966797
61.961, 60, 14901.411133
61.961, 60, 14901.856445
61.961, 60, 14902.301758
61.961, 60, 14902.747070
61.961, 60, 14903.191406
61.961, 60, 14903.636719
61.961, 60, 14904.082031
61.961, 60, 14904.526367
61.961, 60, 14904.971680
61.961, 60, 14905.416992
61.961, 60, 14905.862305
61.961, 60, 14906.306641
61.961, 60, 14906.751953
61.961, 60, 14907.197266
61.961, 60, 14907.641602
61.961, 60, 14908.086914
61.961, 60, 14908.532227
61.961, 60, 14908.977539
61.961, 60, 14909.421875
61.961, 60, 14909.867188
61.961, 60, 14910.312500
61.979, 60, 14910.756836
61.979, 60, 14911.202148
61.979, 60, 14911.647461
61.979, 60, 14912.092773
61.979, 60, 14912.537109
61.979, 60, 14912.982422
61.979, 60, 14913.427734
61.979, 60, 14913.872070
61.979, 60, 14914.317383
61.979, 60, 14914.762695
61.979, 60, 14915.208008
61.979, 60, 14915.652344
61.979, 60, 14916.097656
61.979, 60, 14916.542969
61.979, 60, 14916.987305
61.979, 60, 14917.432617
61.979, 60, 14917.877930
61.979, 60, 14918.323242
61.979, 60, 14918.767578
61.979, 60, 14919.212891
61.979, 60, 14919.658203
61.979, 60, 14920.102539
61.979, 60, 14920.547852
61.979, 60, 14920.993164
61.979, 60, 14921.437500
61.979, 60, 14921.882812
61.979, 60, 14922.328125
61.979, 60, 14922.773438
61.979, 60, 14923.217773
61.979, 60, 14923.663086
61.979, 60, 14924.108398
61.979, 60, 14924.552734
61.979, 60, 14924.998047
61.979, 60, 14925.443359
61.979, 60, 14925.888672
61.979, 60, 14926.333008
61.979, 60, 14926.778320
61.979, 60, 14927.223633
61.979, 60, 14927.667969
61.979, 60, 14928.113281
61.979, 60, 14928.558594
61.979, 60, 14929.003906
61.979, 60, 14929.448242
61.979, 60, 14929.893555
61.979, 60, 14930.338867
61.979, 60, 14930.783203
61.979, 60, 14931.228516
61.979, 60, 14931.673828
61.979, 60, 14932.119141
61.979, 60, 14932.563477
61.979, 60, 14933.008789
61.979, 60, 14933.454102
61.979, 60, 14933.898438
61.979, 60, 14934.343750
61.979, 60, 14934.789062
61.979, 60, 14935.234375
61.979, 60, 14935.678711
61.979, 60, 14936.124023
61.979, 60, 14936.569336
61.979, 60, 14937.013672
61.979, 60, 14937.458984
61.979, 60, 14937.904297
61.979, 60, 14938.349609
61.979, 60, 14938.793945
61.979, 60, 14939.239258
61.979, 60, 14939.684570
61.979, 60, 14940.128906
61.979, 60, 14940.574219
61.979, 60, 14941.019531
61.979, 60, 14941.464844
61.979, 60, 14941.909180
61.979, 60, 14942.354492
61.979, 60, 14942.799805
61.979, 60, 14943.244141
61.979, 60, 14943.689453
61.979, 60, 14944.134766
61.979, 60, 14944.579102
61.979, 60, 14945.024414
61.979, 60, 14945.469727
61.979, 60, 14945.915039
61.979, 60, 14946.359375
61.979, 60, 14946.804688
61.979, 60, 14947.250000
61.979, 60, 14947.694336
61.979, 60, 14948.139648
61.979, 60, 14948.584961
61.979, 60, 14949.030273
61.979, 60, 14949.474609
61.979, 60, 14949.919922
61.979, 60, 14950.365234
61.979, 60, 14950.809570
61.979, 60, 14951.254883
61.979, 60, 14951.700195
61.979, 60, 14952.145508
61.979, 60, 14952.589844
61.979, 60, 14953.035156
61.979, 60, 14953.480469
61.979, 60, 14953.924805
61.979, 60, 14954.370117
61.979, 60, 14954.815430
61.979, 60, 14955.260742
61.979, 60, 14955.705078
61.979, 60, 14956.150391
61.961, 60, 14956.595703
61.961, 60, 14957.040039
61.961, 60, 14957.485352
61.961, 60, 14957.930664
61.961, 60, 14958.375977
61.961, 60, 14958.820312
61.961, 60, 14959.265625
61.961, 60, 14959.710938
61.961, 60, 14960.155273
61.961, 60, 14960.600586
61.961, 60, 14961.045898
61.961, 60, 14961.491211
61.961, 60, 14961.935547
61.961, 60, 14962.380859
61.961, 60, 14962.826172
61.961, 60, 14963.270508
61.961, 60, 14963.715820
61.961, 60, 14964.161133
61.961, 60, 14964.606445
61.961, 60, 14965.050781
61.961, 60, 14965.496094
61.961, 60, 14965.941406
61.961, 60, 14966.385742
61.961, 60, 14966.831055
61.961, 60, 14967.276367
61.961, 60, 14967.720703
61.961, 60, 14968.166016
61.961, 60, 14968.611328
61.961, 60, 14969.056641
61.961, 60, 14969.500977
61.961, 60, 14969.946289
61.961, 60, 14970.391602
61.961, 60, 14970.835938
61.961, 60, 14971.281250
61.961, 60, 14971.726562
61.961, 60, 14972.171875
61.961, 60, 14972.616211
61.961, 60, 14973.061523
61.961, 60, 14973.506836
61.961, 60, 14973.951172
61.961, 60, 14974.396484
61.961, 60, 14974.841797
61.961, 60, 14975.287109
61.961, 60, 14975.731445
61.961, 60, 14976.176758
61.961, 60, 14976.622070
61.961, 60, 14977.066406
61.961, 60, 14977.511719
61.961, 60, 14977.957031
61.961, 60, 14978.402344
61.961, 60, 14978.846680
61.961, 60, 14979.291992
61.961, 60, 14979.737305
61.961, 60, 14980.181641
61.961, 60, 14980.626953
61.961, 60, 14981.072266
61.961, 60, 14981.517578
61.961, 60, 14981.961914
61.961, 60, 14982.407227
61.961, 60, 14982.852539
61.961, 60, 14983.296875
61.961, 60, 14983.742188
61.961, 60, 14984.187500
61.961, 60, 14984.632812
61.961, 60, 14985.077148
61.961, 60, 14985.522461
61.961, 60, 14985.967773
61.961, 60, 14986.412109
61.961, 60, 14986.857422
61.961, 60, 14987.302734
61.961, 60, 14987.748047
61.961, 60, 14988.192383
61.961, 60, 14988.637695
61.961, 60, 14989.083008
61.961, 60, 14989.527344
61.961, 60, 14989.972656
61.961, 60, 14990.417969
61.961, 60, 14990.862305
61.961, 60, 14991.307617
61.961, 60, 14991.752930
61.961, 60, 14992.198242
61.961, 60, 14992.642578
61.961, 60, 14993.087891
61.961, 60, 14993.533203
61.961, 60, 14993.977539
61.961, 60, 14994.422852
61.961, 60, 14994.868164
61.961, 60, 14995.313477
61.961, 60, 14995.757812
61.961, 60, 14996.203125
61.961, 60, 14996.648438
61.961, 60, 14997.092773
61.961, 60, 14997.538086
61.961, 60, 14997.983398
61.961, 60, 14998.428711
61.961, 60, 14998.873047
61.961, 60, 14999.318359
61.961, 60, 14999.763672
61.961, 60, 15000.208008
61.961, 60, 15000.653320
61.961, 60, 15001.098633
62.151, 60, 15001.543945
62.151, 60, 15001.988281
62.151, 60, 15002.433594
62.151, 60, 15002.878906
62.151, 60, 15003.323242
62.151, 60, 15003.768555
62.151, 60, 15004.213867
62.151, 60, 15004.659180
62.151, 60, 15005.103516
62.151, 60, 15005.548828
62.151, 60, 15005.994141
62.151, 60, 15006.438477
62.151, 60, 15006.883789
62.151, 60, 15007.329102
62.151, 60, 15007.774414
62.151, 60, 15008.218750
62.151, 60, 15008.664062
62.151, 60, 15009.109375
62.151, 60, 15009.553711
62.151, 60, 15009.999023
62.151, 60, 15010.444336
62.151, 60, 15010.889648
62.151, 60, 15011.333984
62.151, 60, 15011.779297
62.151, 60, 15012.224609
62.151, 60, 15012.668945
62.151, 60, 15013.114258
62.151, 60, 15013.559570
62.151, 60, 15014.003906
62.151, 60, 15014.449219
62.151, 60, 15014.894531
62.151, 60, 15015.339844
62.151, 60, 15015.784180
62.151, 60, 15016.229492
62.151, 60, 15016.674805
61.961, 60, 15017.119141
61.961, 60, 15017.564453
61.961, 60, 15018.009766
61.961, 60, 15018.455078
61.961, 60, 15018.899414
61.961, 60, 15019.344727
61.961, 60, 15019.790039
61.961, 60, 15020.234375
61.961, 60, 15020.679688
61.961, 60, 15021.125000
61.961, 60, 15021.570312
61.961, 60, 15022.014648
61.961, 60, 15022.459961
61.961, 60, 15022.905273
61.961, 60, 15023.349609
61.961, 60, 15023.794922
61.961, 60, 15024.240234
61.961, 60, 15024.685547
61.961, 60, 15025.129883
61.961, 60, 15025.575195
61.961, 60, 15026.020508
61.961, 60, 15026.464844
61.961, 60, 15026.910156
61.961, 60, 15027.355469
61.961, 60, 15027.800781
61.961, 60, 15028.245117
61.961, 60, 15028.690430
61.961, 60, 15029.135742
61.961, 60, 15029.580078
61.961, 60, 15030.025391
61.961, 60, 15030.470703
61.961, 60, 15030.916016
61.961, 60, 15031.360352
61.961, 60, 15031.805664
61.961, 60, 15032.250977
61.961, 60, 15032.695312
61.961, 60, 15033.140625
61.961, 60, 15033.585938
61.961, 60, 15034.031250
61.961, 60, 15034.475586
61.961, 60, 15034.920898
61.961, 60, 15035.366211
61.961, 60, 15035.810547
61.961, 60, 15036.255859
61.961, 60, 15036.701172
61.961, 60, 15037.145508
61.961, 60, 15037.590820
61.961, 60, 15038.036133
61.961, 60, 15038.481445
61.961, 60, 15038.925781
61.961, 60, 15039.371094
61.961, 60, 15039.816406
61.961, 60, 15040.260742
61.961, 60, 15040.706055
61.961, 60, 15041.151367
61.961, 60, 15041.596680
61.961, 60, 15042.041016
61.961, 60, 15042.486328
61.961, 60, 15042.931641
61.961, 60, 15043.375977
61.961, 60, 15043.821289
61.961, 60, 15044.266602
61.961, 60, 15044.711914
61.961, 60, 15045.156250
61.961, 60, 15045.601562
61.961, 60, 15046.046875
61.961, 60, 15046.491211
61.961, 60, 15046.936523
61.961, 60, 15047.381836
61.961, 60, 15047.827148
61.961, 60, 15048.271484
61.961, 60, 15048.716797
61.961, 60, 15049.162109
61.961, 60, 15049.606445
61.961, 60, 15050.051758
61.961, 60, 15050.497070
61.961, 60, 15050.942383
61.961, 60, 15051.386719
61.961, 60, 15051.832031
61.961, 60, 15052.277344
61.961, 60, 15052.721680
61.961, 60, 15053.166992
61.961, 60, 15053.612305
61.961, 60, 15054.057617
61.961, 60, 15054.501953
61.961, 60, 15054.947266
61.961, 60, 15055.392578
61.961, 60, 15055.836914
61.961, 60, 15056.282227
61.961, 60, 15056.727539
61.961, 60, 15057.172852
61.961, 60, 15057.617188
61.961, 60, 15058.062500
61.961, 60, 15058.507812
61.961, 60, 15058.952148
61.961, 60, 15059.397461
61.961, 60, 15059.842773
61.961, 60, 15060.287109
61.961, 60, 15060.732422
61.961, 60, 15061.177734
61.961, 60, 15061.623047
61.961, 60, 15062.067383
61.961, 60, 15062.512695
62.151, 60, 15062.958008
62.151, 60, 15063.402344
62.151, 60, 15063.847656
62.151, 60, 15064.292969
62.151, 60, 15064.738281
62.151, 60, 15065.182617
62.151, 60, 15065.627930
62.151, 60, 15066.073242
62.151, 60, 15066.517578
62.151, 60, 15066.962891
62.151, 60, 15067.408203
62.151, 60, 15067.853516
62.151, 60, 15068.297852
62.151, 60, 15068.743164
62.151, 60, 15069.188477
62.151, 60, 15069.632812
62.151, 60, 15070.078125
62.151, 60, 15070.523438
62.151, 60, 15070.968750
62.151, 60, 15071.413086
62.151, 60, 15071.858398
62.151, 60, 15072.303711
62.151, 60, 15072.748047
62.151, 60, 15073.193359
62.151, 60, 15073.638672
62.151, 60, 15074.083984
62.151, 60, 15074.528320
62.151, 60, 15074.973633
62.151, 60, 15075.418945
62.151, 60, 15075.863281
62.151, 60, 15076.308594
62.151, 60, 15076.753906
62.151, 60, 15077.199219
62.151, 60, 15077.643555
62.151, 60, 15078.088867
62.151, 60, 15078.534180
62.151, 60, 15078.978516
62.151, 60, 15079.423828
62.151, 60, 15079.869141
62.151, 60, 15080.314453
62.151, 60, 15080.758789
62.151, 60, 15081.204102
62.151, 60, 15081.649414
62.151, 60, 15082.093750
62.151, 60, 15082.539062
62.151, 60, 15082.984375
62.151, 60, 15083.428711
62.151, 60, 15083.874023
62.151, 60, 15084.319336
62.151, 60, 15084.764648
62.151, 60, 15085.208984
62.151, 60, 15085.654297
62.151, 60, 15086.099609
62.151, 60, 15086.543945
62.151, 60, 15086.989258
62.151, 60, 15087.434570
62.151, 60, 15087.879883
62.151, 60, 15088.324219
62.151, 60, 15088.769531
62.151, 60, 15089.214844
62.151, 60, 15089.659180
62.151, 60, 15090.104492
62.151, 60, 15090.549805
62.151, 60, 15090.995117
62.151, 60, 15091.439453
62.151, 60, 15091.884766
62.151, 60, 15092.330078
62.151, 60, 15092.774414
62.151, 60, 15093.219727
62.151, 60, 15093.665039
62.151, 60, 15094.110352
62.151, 60, 15094.554688
62.151, 60, 15095.000000
62.151, 60, 15095.445312
62.151, 60, 15095.889648
62.151, 60, 15096.334961
62.151, 60, 15096.780273
62.151, 60, 15097.225586
62.151, 60, 15097.669922
62.151, 60, 15098.115234
62.151, 60, 15098.560547
62.151, 60, 15099.004883
62.151, 60, 15099.450195
62.151, 60, 15099.895508
62.151, 60, 15100.340820
62.151, 60, 15100.785156
62.151, 60, 15101.230469
62.151, 60, 15101.675781
62.151, 60, 15102.120117
62.151, 60, 15102.565430
62.151, 60, 15103.010742
62.151, 60, 15103.456055
62.151, 60, 15103.900391
62.151, 60, 15104.345703
62.151, 60, 15104.791016
62.151, 60, 15105.235352
62.151, 60, 15105.680664
62.151, 60, 15106.125977
62.151, 60, 15106.570312
62.151, 60, 15107.015625
62.151, 60, 15107.460938
62.151, 60, 15107.906250
62.151, 60, 15108.350586
62.151, 60, 15108.795898
62.151, 60, 15109.241211
62.151, 60, 15109.685547
62.151, 60, 15110.130859
62.151, 60, 15110.576172
62.151, 60, 15111.021484
62.151, 60, 15111.465820
62.151, 60, 15111.911133
62.151, 60, 15112.356445
62.151, 60, 15112.800781
62.151, 60, 15113.246094
62.151, 60, 15113.691406
62.151, 60, 15114.136719
62.151, 60, 15114.581055
62.151, 60, 15115.026367
62.151, 60, 15115.471680
62.151, 60, 15115.916016
62.151, 60, 15116.361328
62.151, 60, 15116.806641
62.151, 60, 15117.251953
62.151, 60, 15117.696289
62.151, 60, 15118.141602
62.151, 60, 15118.586914
62.151, 60, 15119.031250
62.151, 60, 15119.476562
62.151, 60, 15119.921875
62.151, 60, 15120.367188
62.151, 60, 15120.811523
62.151, 60, 15121.256836
62.151, 60, 15121.702148
62.151, 60, 15122.146484
62.151, 60, 15122.591797
62.151, 60, 15123.037109
62.151, 60, 15123.482422
62.151, 60, 15123.926758
62.151, 60, 15124.372070
62.151, 60, 15124.817383
62.151, 60, 15125.261719
62.151, 60, 15125.707031
62.151, 60, 15126.152344
62.151, 60, 15126.597656
62.151, 60, 15127.041992
62.151, 60, 15127.487305
62.151, 60, 15127.932617
62.151, 60, 15128.376953
62.151, 60, 15128.822266
62.151, 60, 15129.267578
62.151, 60, 15129.711914
62.151, 60, 15130.157227
62.151, 60, 15130.602539
62.151, 60, 15131.047852
62.151, 60, 15131.492188
62.151, 60, 15131.937500
62.151, 60, 15132.382812
62.151, 60, 15132.827148
62.151, 60, 15133.272461
62.151, 60, 15133.717773
62.151, 60, 15134.163086
62.151, 60, 15134.607422
62.151, 60, 15135.052734
62.151, 60, 15135.498047
62.151, 60, 15135.942383
62.151, 60, 15136.387695
62.151, 60, 15136.833008
62.151, 60, 15137.278320
62.151, 60, 15137.722656
62.151, 60, 15138.167969
62.151, 60, 15138.613281
62.151, 60, 15139.057617
62.151, 60, 15139.502930
62.247, 60, 15139.948242
62.247, 60, 15140.393555
62.247, 60, 15140.837891
62.247, 60, 15141.283203
62.247, 60, 15141.728516
62.247, 60, 15142.172852
62.247, 60, 15142.618164
62.247, 60, 15143.063477
62.247, 60, 15143.508789
62.247, 60, 15143.953125
62.247, 60, 15144.398438
62.247, 60, 15144.843750
62.247, 60, 15145.288086
62.247, 60, 15145.733398
62.247, 60, 15146.178711
62.247, 60, 15146.624023
62.247, 60, 15147.068359
62.247, 60, 15147.513672
62.247, 60, 15147.958984
62.247, 60, 15148.403320
62.247, 60, 15148.848633
62.247, 60, 15149.293945
62.247, 60, 15149.739258
62.247, 60, 15150.183594
62.247, 60, 15150.628906
62.247, 60, 15151.074219
62.247, 60, 15151.518555
62.247, 60, 15151.963867
62.247, 60, 15152.409180
62.247, 60, 15152.853516
62.247, 60, 15153.298828
62.247, 60, 15153.744141
62.247, 60, 15154.189453
62.247, 60, 15154.633789
62.247, 60, 15155.079102
62.247, 60, 15155.524414
62.247, 60, 15155.968750
62.247, 60, 15156.414062
62.247, 60, 15156.859375
62.247, 60, 15157.304688
62.247, 60, 15157.749023
62.247, 60, 15158.194336
62.247, 60, 15158.639648
62.247, 60, 15159.083984
62.247, 60, 15159.529297
62.247, 60, 15159.974609
62.247, 60, 15160.419922
62.247, 60, 15160.864258
62.247, 60, 15161.309570
62.247, 60, 15161.754883
62.247, 60, 15162.199219
62.247, 60, 15162.644531
62.247, 60, 15163.089844
62.247, 60, 15163.535156
62.247, 60, 15163.979492
62.247, 60, 15164.424805
62.247, 60, 15164.870117
62.247, 60, 15165.314453
62.247, 60, 15165.759766
62.247, 60, 15166.205078
62.247, 60, 15166.650391
62.247, 60, 15167.094727
62.247, 60, 15167.540039
62.247, 60, 15167.985352
62.247, 60, 15168.429688
62.247, 60, 15168.875000
62.247, 60, 15169.320312
62.247, 60, 15169.765625
62.247, 60, 15170.209961
62.247, 60, 15170.655273
62.342, 60, 15171.100586
62.342, 60, 15171.544922
62.342, 60, 15171.990234
62.342, 60, 15172.435547
62.342, 60, 15172.880859
62.342, 60, 15173.325195
62.342, 60, 15173.770508
62.342, 60, 15174.215820
62.342, 60, 15174.660156
62.342, 60, 15175.105469
62.342, 60, 15175.550781
62.342, 60, 15175.995117
62.342, 60, 15176.440430
62.342, 60, 15176.885742
62.342, 60, 15177.331055
62.342, 60, 15177.775391
62.342, 60, 15178.220703
62.342, 60, 15178.666016
62.342, 60, 15179.110352
62.342, 60, 15179.555664
62.342, 60, 15180.000977
62.342, 60, 15180.446289
62.342, 60, 15180.890625
62.342, 60, 15181.335938
62.342, 60, 15181.781250
62.342, 60, 15182.225586
62.342, 60, 15182.670898
62.342, 60, 15183.116211
62.342, 60, 15183.561523
62.342, 60, 15184.005859
62.342, 60, 15184.451172
62.342, 60, 15184.896484
62.342, 60, 15185.340820
62.247, 60, 15185.786133
62.247, 60, 15186.231445
62.247, 60, 15186.676758
62.247, 60, 15187.121094
62.247, 60, 15187.566406
62.247, 60, 15188.011719
62.247, 60, 15188.456055
62.247, 60, 15188.901367
62.247, 60, 15189.346680
62.247, 60, 15189.791992
62.247, 60, 15190.236328
62.247, 60, 15190.681641
62.247, 60, 15191.126953
62.247, 60, 15191.571289
62.247, 60, 15192.016602
62.247, 60, 15192.461914
62.247, 60, 15192.907227
62.247, 60, 15193.351562
62.247, 60, 15193.796875
62.247, 60, 15194.242188
62.247, 60, 15194.686523
62.247, 60, 15195.131836
62.247, 60, 15195.577148
62.247, 60, 15196.022461
62.247, 60, 15196.466797
62.247, 60, 15196.912109
62.247, 60, 15197.357422
62.247, 60, 15197.801758
62.247, 60, 15198.247070
62.247, 60, 15198.692383
62.247, 60, 15199.136719
62.247, 60, 15199.582031
62.247, 60, 15200.027344
62.247, 60, 15200.472656
62.151, 60, 15200.916992
62.151, 60, 15201.362305
62.151, 60, 15201.807617
62.151, 60, 15202.251953
62.151, 60, 15202.697266
62.151, 60, 15203.142578
62.151, 60, 15203.587891
62.151, 60, 15204.032227
62.151, 60, 15204.477539
62.151, 60, 15204.922852
62.151, 60, 15205.367188
62.151, 60, 15205.812500
62.151, 60, 15206.257812
62.151, 60, 15206.703125
62.151, 60, 15207.147461
62.151, 60, 15207.592773
62.151, 60, 15208.038086
62.151, 60, 15208.482422
62.151, 60, 15208.927734
62.151, 60, 15209.373047
62.151, 60, 15209.818359
62.151, 60, 15210.262695
62.151, 60, 15210.708008
62.151, 60, 15211.153320
62.151, 60, 15211.597656
62.151, 60, 15212.042969
62.151, 60, 15212.488281
62.151, 60, 15212.933594
62.151, 60, 15213.377930
62.151, 60, 15213.823242
62.151, 60, 15214.268555
62.151, 60, 15214.712891
62.151, 60, 15215.158203
62.151, 60, 15215.603516
62.151, 60, 15216.048828
62.151, 60, 15216.493164
62.151, 60, 15216.938477
62.151, 60, 15217.383789
62.151, 60, 15217.828125
62.151, 60, 15218.273438
62.151, 60, 15218.718750
62.151, 60, 15219.164062
62.151, 60, 15219.608398
62.151, 60, 15220.053711
62.151, 60, 15220.499023
62.151, 60, 15220.943359
62.151, 60, 15221.388672
62.151, 60, 15221.833984
62.151, 60, 15222.278320
62.151, 60, 15222.723633
62.151, 60, 15223.168945
62.151, 60, 15223.614258
62.151, 60, 15224.058594
62.151, 60, 15224.503906
62.151, 60, 15224.949219
62.151, 60, 15225.393555
62.151, 60, 15225.838867
62.151, 60, 15226.284180
62.151, 60, 15226.729492
62.151, 60, 15227.173828
62.151, 60, 15227.619141
62.151, 60, 15228.064453
62.151, 60, 15228.508789
62.151, 60, 15228.954102
62.151, 60, 15229.399414
62.151, 60, 15229.844727
62.151, 60, 15230.289062
62.151, 60, 15230.734375
62.151, 60, 15231.179688
62.151, 60, 15231.624023
62.151, 60, 15232.069336
62.151, 60, 15232.514648
62.151, 60, 15232.959961
62.151, 60, 15233.404297
62.151, 60, 15233.849609
62.151, 60, 15234.294922
62.151, 60, 15234.739258
62.151, 60, 15235.184570
62.151, 60, 15235.629883
62.151, 60, 15236.075195
62.151, 60, 15236.519531
62.151, 60, 15236.964844
62.151, 60, 15237.410156
62.151, 60, 15237.854492
62.151, 60, 15238.299805
62.151, 60, 15238.745117
62.151, 60, 15239.190430
62.151, 60, 15239.634766
62.151, 60, 15240.080078
62.151, 60, 15240.525391
62.151, 60, 15240.969727
62.151, 60, 15241.415039
62.151, 60, 15241.860352
62.151, 60, 15242.305664
62.151, 60, 15242.750000
62.151, 60, 15243.195312
62.151, 60, 15243.640625
62.151, 60, 15244.084961
62.151, 60, 15244.530273
62.151, 60, 15244.975586
62.151, 60, 15245.419922
62.151, 60, 15245.865234
62.151, 60, 15246.310547
62.151, 60, 15246.755859
62.151, 60, 15247.200195
62.151, 60, 15247.645508
62.151, 60, 15248.090820
62.151, 60, 15248.535156
62.151, 60, 15248.980469
62.151, 60, 15249.425781
62.151, 60, 15249.871094
62.151, 60, 15250.315430
62.151, 60, 15250.760742
62.151, 60, 15251.206055
62.151, 60, 15251.650391
62.151, 60, 15252.095703
62.151, 60, 15252.541016
62.151, 60, 15252.986328
62.151, 60, 15253.430664
62.151, 60, 15253.875977
62.151, 60, 15254.321289
62.151, 60, 15254.765625
62.151, 60, 15255.210938
62.151, 60, 15255.656250
62.151, 60, 15256.101562
62.151, 60, 15256.545898
62.151, 60, 15256.991211
62.151, 60, 15257.436523
62.151, 60, 15257.880859
62.151, 60, 15258.326172
62.151, 60, 15258.771484
62.151, 60, 15259.216797
62.151, 60, 15259.661133
62.151, 60, 15260.106445
62.151, 60, 15260.551758
62.151, 60, 15260.996094
62.151, 60, 15261.441406
62.151, 60, 15261.886719
62.151, 60, 15262.332031
62.151, 60, 15262.776367
62.151, 60, 15263.221680
62.151, 60, 15263.666992
62.151, 60, 15264.111328
62.151, 60, 15264.556641
62.151, 60, 15265.001953
62.151, 60, 15265.447266
62.151, 60, 15265.891602
62.151, 60, 15266.336914
62.151, 60, 15266.782227
62.151, 60, 15267.226562
62.151, 60, 15267.671875
62.151, 60, 15268.117188
62.151, 60, 15268.561523
62.151, 60, 15269.006836
62.151, 60, 15269.452148
62.151, 60, 15269.897461
62.151, 60, 15270.341797
62.151, 60, 15270.787109
62.151, 60, 15271.232422
62.151, 60, 15271.676758
62.151, 60, 15272.122070
62.151, 60, 15272.567383
62.151, 60, 15273.012695
62.151, 60, 15273.457031
62.151, 60, 15273.902344
62.151, 60, 15274.347656
62.151, 60, 15274.791992
62.151, 60, 15275.237305
62.151, 60, 15275.682617
62.151, 60, 15276.127930
62.151, 60, 15276.572266
62.151, 60, 15277.017578
62.151, 60, 15277.462891
62.151, 60, 15277.907227
62.151, 60, 15278.352539
62.151, 60, 15278.797852
62.151, 60, 15279.243164
62.151, 60, 15279.687500
62.151, 60, 15280.132812
62.151, 60, 15280.578125
62.151, 60, 15281.022461
62.151, 60, 15281.467773
62.151, 60, 15281.913086
62.151, 60, 15282.358398
62.151, 60, 15282.802734
62.151, 60, 15283.248047
62.151, 60, 15283.693359
62.151, 60, 15284.137695
62.151, 60, 15284.583008
62.151, 60, 15285.028320
62.151, 60, 15285.473633
62.151, 60, 15285.917969
62.151, 60, 15286.363281
62.151, 60, 15286.808594
62.151, 60, 15287.252930
62.151, 60, 15287.698242
62.151, 60, 15288.143555
62.151, 60, 15288.588867
62.151, 60, 15289.033203
62.151, 60, 15289.478516
62.151, 60, 15289.923828
62.151, 60, 15290.368164
62.151, 60, 15290.813477
62.151, 60, 15291.258789
62.151, 60, 15291.703125
62.151, 60, 15292.148438
62.151, 60, 15292.593750
62.151, 60, 15293.039062
62.151, 60, 15293.483398
62.247, 60, 15293.928711
62.247, 60, 15294.374023
62.247, 60, 15294.818359
62.247, 60, 15295.263672
62.247, 60, 15295.708984
62.247, 60, 15296.154297
62.247, 60, 15296.598633
62.247, 60, 15297.043945
62.247, 60, 15297.489258
62.247, 60, 15297.933594
62.247, 60, 15298.378906
62.247, 60, 15298.824219
62.247, 60, 15299.269531
62.247, 60, 15299.713867
62.247, 60, 15300.159180
62.247, 60, 15300.604492
62.247, 60, 15301.048828
62.247, 60, 15301.494141
62.247, 60, 15301.939453
62.247, 60, 15302.384766
62.247, 60, 15302.829102
62.247, 60, 15303.274414
62.247, 60, 15303.719727
62.247, 60, 15304.164062
62.247, 60, 15304.609375
62.247, 60, 15305.054688
62.247, 60, 15305.500000
62.247, 60, 15305.944336
62.247, 60, 15306.389648
62.247, 60, 15306.834961
62.247, 60, 15307.279297
62.247, 60, 15307.724609
62.247, 60, 15308.169922
62.247, 60, 15308.615234
62.247, 60, 15309.059570
62.247, 60, 15309.504883
62.247, 60, 15309.950195
62.247, 60, 15310.394531
62.247, 60, 15310.839844
62.247, 60, 15311.285156
62.247, 60, 15311.730469
62.247, 60, 15312.174805
62.247, 60, 15312.620117
62.247, 60, 15313.065430
62.247, 60, 15313.509766
62.247, 60, 15313.955078
62.247, 60, 15314.400391
62.247, 60, 15314.844727
62.247, 60, 15315.290039
62.247, 60, 15315.735352
62.247, 60, 15316.180664
62.247, 60, 15316.625000
62.247, 60, 15317.070312
62.247, 60, 15317.515625
62.247, 60, 15317.959961
62.247, 60, 15318.405273
62.247, 60, 15318.850586
62.247, 60, 15319.295898
62.247, 60, 15319.740234
62.247, 60, 15320.185547
62.247, 60, 15320.630859
62.247, 60, 15321.075195
62.247, 60, 15321.520508
62.247, 60, 15321.965820
62.247, 60, 15322.411133
62.247, 60, 15322.855469
62.247, 60, 15323.300781
62.247, 60, 15323.746094
62.247, 60, 15324.190430
62.247, 60, 15324.635742
62.247, 60, 15325.081055
62.247, 60, 15325.526367
62.247, 60, 15325.970703
62.247, 60, 15326.416016
62.247, 60, 15326.861328
62.247, 60, 15327.305664
62.247, 60, 15327.750977
62.247, 60, 15328.196289
62.247, 60, 15328.641602
62.247, 60, 15329.085938
62.247, 60, 15329.531250
62.247, 60, 15329.976562
62.247, 60, 15330.420898
62.247, 60, 15330.866211
62.247, 60, 15331.311523
62.247, 60, 15331.756836
62.247, 60, 15332.201172
62.247, 60, 15332.646484
62.247, 60, 15333.091797
62.247, 60, 15333.536133
62.247, 60, 15333.981445
62.247, 60, 15334.426758
62.247, 60, 15334.872070
62.247, 60, 15335.316406
62.247, 60, 15335.761719
62.247, 60, 15336.207031
62.247, 60, 15336.651367
62.247, 60, 15337.096680
62.247, 60, 15337.541992
62.247, 60, 15337.986328
62.247, 60, 15338.431641
62.247, 60, 15338.876953
62.247, 60, 15339.322266
62.247, 60, 15339.766602
62.342, 60, 15340.211914
62.342, 60, 15340.657227
62.342, 60, 15341.101562
62.342, 60, 15341.546875
62.342, 60, 15341.992188
62.342, 60, 15342.437500
62.342, 60, 15342.881836
62.342, 60, 15343.327148
62.342, 60, 15343.772461
62.342, 60, 15344.216797
62.342, 60, 15344.662109
62.342, 60, 15345.107422
62.342, 60, 15345.552734
62.342, 60, 15345.997070
62.342, 60, 15346.442383
62.342, 60, 15346.887695
62.342, 60, 15347.332031
62.342, 60, 15347.777344
62.342, 60, 15348.222656
62.342, 60, 15348.667969
62.342, 60, 15349.112305
62.342, 60, 15349.557617
62.342, 60, 15350.002930
62.342, 60, 15350.447266
62.342, 60, 15350.892578
62.342, 60, 15351.337891
62.342, 60, 15351.783203
62.342, 60, 15352.227539
62.342, 60, 15352.672852
62.342, 60, 15353.118164
62.342, 60, 15353.562500
62.342, 60, 15354.007812
62.342, 60, 15354.453125
62.342, 60, 15354.898438
62.247, 60, 15355.342773
62.247, 60, 15355.788086
62.247, 60, 15356.233398
62.247, 60, 15356.677734
62.247, 60, 15357.123047
62.247, 60, 15357.568359
62.247, 60, 15358.013672
62.247, 60, 15358.458008
62.247, 60, 15358.903320
62.247, 60, 15359.348633
62.247, 60, 15359.792969
62.247, 60, 15360.238281
62.247, 60, 15360.683594
62.247, 60, 15361.127930
62.247, 60, 15361.573242
62.247, 60, 15362.018555
62.247, 60, 15362.463867
62.247, 60, 15362.908203
62.247, 60, 15363.353516
62.247, 60, 15363.798828
62.247, 60, 15364.243164
62.247, 60, 15364.688477
62.247, 60, 15365.133789
62.247, 60, 15365.579102
62.247, 60, 15366.023438
62.247, 60, 15366.468750
62.247, 60, 15366.914062
62.247, 60, 15367.358398
62.247, 60, 15367.803711
62.247, 60, 15368.249023
62.247, 60, 15368.694336
62.247, 60, 15369.138672
62.247, 60, 15369.583984
62.247, 60, 15370.029297
62.247, 60, 15370.473633
62.247, 60, 15370.918945
62.247, 60, 15371.364258
62.247, 60, 15371.809570
62.247, 60, 15372.253906
62.247, 60, 15372.699219
62.247, 60, 15373.144531
62.247, 60, 15373.588867
62.247, 60, 15374.034180
62.247, 60, 15374.479492
62.247, 60, 15374.924805
62.247, 60, 15375.369141
62.247, 60, 15375.814453
62.247, 60, 15376.259766
62.247, 60, 15376.704102
62.247, 60, 15377.149414
62.247, 60, 15377.594727
62.247, 60, 15378.040039
62.247, 60, 15378.484375
62.247, 60, 15378.929688
62.247, 60, 15379.375000
62.247, 60, 15379.819336
62.247, 60, 15380.264648
62.247, 60, 15380.709961
62.247, 60, 15381.155273
62.247, 60, 15381.599609
62.247, 60, 15382.044922
62.247, 60, 15382.490234
62.247, 60, 15382.934570
62.247, 60, 15383.379883
62.247, 60, 15383.825195
62.247, 60, 15384.269531
62.247, 60, 15384.714844
62.342, 60, 15385.160156
62.342, 60, 15385.605469
62.342, 60, 15386.049805
62.342, 60, 15386.495117
62.342, 60, 15386.940430
62.342, 60, 15387.384766
62.342, 60, 15387.830078
62.342, 60, 15388.275391
62.342, 60, 15388.720703
62.342, 60, 15389.165039
62.342, 60, 15389.610352
62.342, 60, 15390.055664
62.342, 60, 15390.500000
62.342, 60, 15390.945312
62.342, 60, 15391.390625
62.342, 60, 15391.835938
62.342, 60, 15392.280273
62.342, 60, 15392.725586
62.342, 60, 15393.170898
62.342, 60, 15393.615234
62.342, 60, 15394.060547
62.342, 60, 15394.505859
62.342, 60, 15394.951172
62.342, 60, 15395.395508
62.342, 60, 15395.840820
62.342, 60, 15396.286133
62.342, 60, 15396.730469
62.342, 60, 15397.175781
62.342, 60, 15397.621094
62.342, 60, 15398.066406
62.342, 60, 15398.510742
62.342, 60, 15398.956055
62.342, 60, 15399.401367
62.342, 60, 15399.845703
62.342, 60, 15400.291016
62.342, 60, 15400.736328
62.342, 60, 15401.181641
62.342, 60, 15401.625977
62.342, 60, 15402.071289
62.342, 60, 15402.516602
62.342, 60, 15402.960938
62.342, 60, 15403.406250
62.342, 60, 15403.851562
62.342, 60, 15404.296875
62.342, 60, 15404.741211
62.342, 60, 15405.186523
62.342, 60, 15405.631836
62.342, 60, 15406.076172
62.342, 60, 15406.521484
62.342, 60, 15406.966797
62.342, 60, 15407.411133
62.342, 60, 15407.856445
62.342, 60, 15408.301758
62.342, 60, 15408.747070
62.342, 60, 15409.191406
62.342, 60, 15409.636719
62.342, 60, 15410.082031
62.342, 60, 15410.526367
62.342, 60, 15410.971680
62.342, 60, 15411.416992
62.342, 60, 15411.862305
62.342, 60, 15412.306641
62.342, 60, 15412.751953
62.342, 60, 15413.197266
62.342, 60, 15413.641602
62.342, 60, 15414.086914
62.342, 60, 15414.532227
62.342, 60, 15414.977539
62.342, 60, 15415.421875
62.342, 60, 15415.867188
62.342, 60, 15416.312500
62.342, 60, 15416.756836
62.342, 60, 15417.202148
62.342, 60, 15417.647461
62.342, 60, 15418.092773
62.342, 60, 15418.537109
62.342, 60, 15418.982422
62.342, 60, 15419.427734
62.342, 60, 15419.872070
62.342, 60, 15420.317383
62.342, 60, 15420.762695
62.342, 60, 15421.208008
62.342, 60, 15421.652344
62.342, 60, 15422.097656
62.342, 60, 15422.542969
62.342, 60, 15422.987305
62.342, 60, 15423.432617
62.342, 60, 15423.877930
62.342, 60, 15424.323242
62.342, 60, 15424.767578
62.342, 60, 15425.212891
62.342, 60, 15425.658203
62.342, 60, 15426.102539
62.342, 60, 15426.547852
62.342, 60, 15426.993164
62.342, 60, 15427.438477
62.342, 60, 15427.882812
62.342, 60, 15428.328125
62.342, 60, 15428.773438
62.342, 60, 15429.217773
62.342, 60, 15429.663086
62.342, 60, 15430.108398
62.342, 60, 15430.552734
62.342, 60, 15430.998047
62.342, 60, 15431.443359
62.342, 60, 15431.888672
62.342, 60, 15432.333008
62.342, 60, 15432.778320
62.342, 60, 15433.223633
62.342, 60, 15433.667969
62.342, 60, 15434.113281
62.342, 60, 15434.558594
62.342, 60, 15435.003906
62.342, 60, 15435.448242
62.342, 60, 15435.893555
62.342, 60, 15436.338867
62.342, 60, 15436.783203
62.342, 60, 15437.228516
62.342, 60, 15437.673828
62.342, 60, 15438.119141
62.342, 60, 15438.563477
62.342, 60, 15439.008789
62.342, 60, 15439.454102
62.342, 60, 15439.898438
62.342, 60, 15440.343750
62.342, 60, 15440.789062
62.342, 60, 15441.234375
62.342, 60, 15441.678711
62.342, 60, 15442.124023
62.342, 60, 15442.569336
62.342, 60, 15443.013672
62.342, 60, 15443.458984
62.342, 60, 15443.904297
62.342, 60, 15444.349609
62.342, 60, 15444.793945
62.342, 60, 15445.239258
62.342, 60, 15445.684570
62.342, 60, 15446.128906
62.342, 60, 15446.574219
62.342, 60, 15447.019531
62.342, 60, 15447.464844
62.342, 60, 15447.909180
62.342, 60, 15448.354492
62.342, 60, 15448.799805
62.342, 60, 15449.244141
62.342, 60, 15449.689453
62.342, 60, 15450.134766
62.342, 60, 15450.580078
62.342, 60, 15451.024414
62.342, 60, 15451.469727
62.342, 60, 15451.915039
62.342, 60, 15452.359375
62.342, 60, 15452.804688
62.342, 60, 15453.250000
62.342, 60, 15453.694336
62.342, 60, 15454.139648
62.342, 60, 15454.584961
62.342, 60, 15455.030273
62.342, 60, 15455.474609
62.342, 60, 15455.919922
62.342, 60, 15456.365234
62.342, 60, 15456.809570
62.342, 60, 15457.254883
62.342, 60, 15457.700195
62.342, 60, 15458.145508
62.342, 60, 15458.589844
62.342, 60, 15459.035156
62.342, 60, 15459.480469
62.342, 60, 15459.924805
62.342, 60, 15460.370117
62.342, 60, 15460.815430
62.342, 60, 15461.260742
62.342, 60, 15461.705078
62.342, 60, 15462.150391
62.437, 60, 15462.595703
62.437, 60, 15463.040039
62.437, 60, 15463.485352
62.437, 60, 15463.930664
62.437, 60, 15464.375977
62.437, 60, 15464.820312
62.437, 60, 15465.265625
62.437, 60, 15465.710938
62.437, 60, 15466.155273
62.437, 60, 15466.600586
62.437, 60, 15467.045898
62.437, 60, 15467.491211
62.437, 60, 15467.935547
62.437, 60, 15468.380859
62.437, 60, 15468.826172
62.437, 60, 15469.270508
62.437, 60, 15469.715820
62.437, 60, 15470.161133
62.437, 60, 15470.606445
62.437, 60, 15471.050781
62.437, 60, 15471.496094
62.437, 60, 15471.941406
62.437, 60, 15472.385742
62.437, 60, 15472.831055
62.437, 60, 15473.276367
62.437, 60, 15473.721680
62.437, 60, 15474.166016
62.437, 60, 15474.611328
62.437, 60, 15475.056641
62.437, 60, 15475.500977
62.437, 60, 15475.946289
62.437, 60, 15476.391602
62.437, 60, 15476.835938
62.437, 60, 15477.281250
62.531, 60, 15477.726562
62.531, 60, 15478.171875
62.531, 60, 15478.616211
62.531, 60, 15479.061523
62.531, 60, 15479.506836
62.531, 60, 15479.951172
62.531, 60, 15480.396484
62.531, 60, 15480.841797
62.531, 60, 15481.287109
62.531, 60, 15481.731445
62.531, 60, 15482.176758
62.531, 60, 15482.622070
62.531, 60, 15483.066406
62.531, 60, 15483.511719
62.531, 60, 15483.957031
62.531, 60, 15484.402344
62.531, 60, 15484.846680
62.531, 60, 15485.291992
62.531, 60, 15485.737305
62.531, 60, 15486.181641
62.531, 60, 15486.626953
62.531, 60, 15487.072266
62.531, 60, 15487.517578
62.531, 60, 15487.961914
62.531, 60, 15488.407227
62.531, 60, 15488.852539
62.531, 60, 15489.296875
62.531, 60, 15489.742188
62.531, 60, 15490.187500
62.531, 60, 15490.632812
62.531, 60, 15491.077148
62.531, 60, 15491.522461
62.531, 60, 15491.967773
62.531, 60, 15492.412109
62.247, 60, 15492.857422
62.247, 60, 15493.302734
62.247, 60, 15493.748047
62.247, 60, 15494.192383
62.247, 60, 15494.637695
62.247, 60, 15495.083008
62.247, 60, 15495.527344
62.247, 60, 15495.972656
62.247, 60, 15496.417969
62.247, 60, 15496.863281
62.247, 60, 15497.307617
62.247, 60, 15497.752930
62.247, 60, 15498.198242
62.247, 60, 15498.642578
62.247, 60, 15499.087891
62.247, 60, 15499.533203
62.247, 60, 15499.978516
62.247, 60, 15500.422852
62.247, 60, 15500.868164
62.247, 60, 15501.313477
62.247, 60, 15501.757812
62.247, 60, 15502.203125
62.247, 60, 15502.648438
62.247, 60, 15503.092773
62.247, 60, 15503.538086
62.247, 60, 15503.983398
62.247, 60, 15504.428711
62.247, 60, 15504.873047
62.247, 60, 15505.318359
62.247, 60, 15505.763672
62.247, 60, 15506.208008
62.247, 60, 15506.653320
62.247, 60, 15507.098633
62.247, 60, 15507.543945
62.151, 60, 15507.988281
62.151, 60, 15508.433594
62.151, 60, 15508.878906
62.151, 60, 15509.323242
62.151, 60, 15509.768555
62.151, 60, 15510.213867
62.151, 60, 15510.659180
62.151, 60, 15511.103516
62.151, 60, 15511.548828
62.151, 60, 15511.994141
62.151, 60, 15512.438477
62.151, 60, 15512.883789
62.151, 60, 15513.329102
62.151, 60, 15513.774414
62.151, 60, 15514.218750
62.151, 60, 15514.664062
62.151, 60, 15515.109375
62.151, 60, 15515.553711
62.151, 60, 15515.999023
62.151, 60, 15516.444336
62.151, 60, 15516.889648
62.151, 60, 15517.333984
62.151, 60, 15517.779297
62.151, 60, 15518.224609
62.151, 60, 15518.668945
62.151, 60, 15519.114258
62.151, 60, 15519.559570
62.151, 60, 15520.004883
62.151, 60, 15520.449219
62.151, 60, 15520.894531
62.151, 60, 15521.339844
62.151, 60, 15521.784180
62.151, 60, 15522.229492
62.151, 60, 15522.674805
62.056, 60, 15523.120117
62.056, 60, 15523.564453
62.056, 60, 15524.009766
62.056, 60, 15524.455078
62.056, 60, 15524.899414
62.056, 60, 15525.344727
62.056, 60, 15525.790039
62.056, 60, 15526.234375
62.056, 60, 15526.679688
62.056, 60, 15527.125000
62.056, 60, 15527.570312
62.056, 60, 15528.014648
62.056, 60, 15528.459961
62.056, 60, 15528.905273
62.056, 60, 15529.349609
62.056, 60, 15529.794922
62.056, 60, 15530.240234
62.056, 60, 15530.685547
62.056, 60, 15531.129883
62.056, 60, 15531.575195
62.056, 60, 15532.020508
62.056, 60, 15532.464844
62.056, 60, 15532.910156
62.056, 60, 15533.355469
62.056, 60, 15533.800781
62.056, 60, 15534.245117
62.056, 60, 15534.690430
62.056, 60, 15535.135742
62.056, 60, 15535.580078
62.056, 60, 15536.025391
62.056, 60, 15536.470703
62.056, 60, 15536.916016
62.056, 60, 15537.360352
62.056, 60, 15537.805664
62.056, 60, 15538.250977
61.961, 60, 15538.695312
61.961, 60, 15539.140625
61.961, 60, 15539.585938
61.961, 60, 15540.031250
61.961, 60, 15540.475586
61.961, 60, 15540.920898
61.961, 60, 15541.366211
61.961, 60, 15541.810547
61.961, 60, 15542.255859
61.961, 60, 15542.701172
61.961, 60, 15543.146484
61.961, 60, 15543.590820
61.961, 60, 15544.036133
61.961, 60, 15544.481445
61.961, 60, 15544.925781
61.961, 60, 15545.371094
61.961, 60, 15545.816406
61.961, 60, 15546.261719
61.961, 60, 15546.706055
61.961, 60, 15547.151367
61.961, 60, 15547.596680
61.961, 60, 15548.041016
61.961, 60, 15548.486328
61.961, 60, 15548.931641
61.961, 60, 15549.375977
61.961, 60, 15549.821289
61.961, 60, 15550.266602
61.961, 60, 15550.711914
61.961, 60, 15551.156250
61.961, 60, 15551.601562
61.961, 60, 15552.046875
61.961, 60, 15552.491211
61.961, 60, 15552.936523
61.961, 60, 15553.381836
61.961, 60, 15553.827148
61.961, 60, 15554.271484
61.961, 60, 15554.716797
61.961, 60, 15555.162109
61.961, 60, 15555.606445
61.961, 60, 15556.051758
61.961, 60, 15556.497070
61.961, 60, 15556.942383
61.961, 60, 15557.386719
61.961, 60, 15557.832031
61.961, 60, 15558.277344
61.961, 60, 15558.721680
61.961, 60, 15559.166992
61.961, 60, 15559.612305
61.961, 60, 15560.057617
61.961, 60, 15560.501953
61.961, 60, 15560.947266
61.961, 60, 15561.392578
61.961, 60, 15561.836914
61.961, 60, 15562.282227
61.961, 60, 15562.727539
61.961, 60, 15563.172852
61.961, 60, 15563.617188
61.961, 60, 15564.062500
61.961, 60, 15564.507812
61.961, 60, 15564.952148
61.961, 60, 15565.397461
61.961, 60, 15565.842773
61.961, 60, 15566.288086
61.961, 60, 15566.732422
61.961, 60, 15567.177734
61.961, 60, 15567.623047
61.961, 60, 15568.067383
61.961, 60, 15568.512695
61.961, 60, 15568.958008
61.961, 60, 15569.403320
61.961, 60, 15569.847656
61.961, 60, 15570.292969
61.961, 60, 15570.738281
61.961, 60, 15571.182617
61.961, 60, 15571.627930
61.961, 60, 15572.073242
61.961, 60, 15572.517578
61.961, 60, 15572.962891
61.961, 60, 15573.408203
61.961, 60, 15573.853516
61.961, 60, 15574.297852
61.961, 60, 15574.743164
61.961, 60, 15575.188477
61.961, 60, 15575.632812
61.961, 60, 15576.078125
61.961, 60, 15576.523438
61.961, 60, 15576.968750
61.961, 60, 15577.413086
61.961, 60, 15577.858398
61.961, 60, 15578.303711
61.961, 60, 15578.748047
61.961, 60, 15579.193359
61.961, 60, 15579.638672
61.961, 60, 15580.083984
61.961, 60, 15580.528320
61.961, 60, 15580.973633
61.961, 60, 15581.418945
61.961, 60, 15581.863281
61.961, 60, 15582.308594
61.961, 60, 15582.753906
61.961, 60, 15583.199219
61.961, 60, 15583.643555
61.961, 60, 15584.088867
61.961, 60, 15584.534180
61.961, 60, 15584.978516
61.961, 60, 15585.423828
61.961, 60, 15585.869141
61.961, 60, 15586.314453
61.961, 60, 15586.758789
61.961, 60, 15587.204102
61.961, 60, 15587.649414
61.961, 60, 15588.093750
61.961, 60, 15588.539062
61.961, 60, 15588.984375
61.961, 60, 15589.429688
61.961, 60, 15589.874023
61.961, 60, 15590.319336
61.961, 60, 15590.764648
61.961, 60, 15591.208984
61.961, 60, 15591.654297
61.961, 60, 15592.099609
61.961, 60, 15592.544922
61.961, 60, 15592.989258
61.961, 60, 15593.434570
61.961, 60, 15593.879883
61.961, 60, 15594.324219
61.961, 60, 15594.769531
61.961, 60, 15595.214844
61.961, 60, 15595.659180
61.961, 60, 15596.104492
61.961, 60, 15596.549805
61.961, 60, 15596.995117
61.961, 60, 15597.439453
61.961, 60, 15597.884766
61.961, 60, 15598.330078
61.961, 60, 15598.774414
61.961, 60, 15599.219727
61.961, 60, 15599.665039
61.961, 60, 15600.110352
61.961, 60, 15600.554688
61.961, 60, 15601.000000
61.961, 60, 15601.445312
61.961, 60, 15601.889648
61.961, 60, 15602.334961
61.961, 60, 15602.780273
61.961, 60, 15603.225586
61.961, 60, 15603.669922
61.961, 60, 15604.115234
61.961, 60, 15604.560547
61.961, 60, 15605.004883
61.961, 60, 15605.450195
61.961, 60, 15605.895508
61.961, 60, 15606.340820
61.961, 60, 15606.785156
61.961, 60, 15607.230469
61.961, 60, 15607.675781
61.961, 60, 15608.120117
61.961, 60, 15608.565430
61.961, 60, 15609.010742
61.961, 60, 15609.456055
61.961, 60, 15609.900391
61.961, 60, 15610.345703
61.961, 60, 15610.791016
61.961, 60, 15611.235352
61.961, 60, 15611.680664
61.961, 60, 15612.125977
61.961, 60, 15612.571289
61.961, 60, 15613.015625
61.961, 60, 15613.460938
61.961, 60, 15613.906250
61.961, 60, 15614.350586
61.961, 60, 15614.795898
61.961, 60, 15615.241211
61.961, 60, 15615.686523
61.961, 60, 15616.130859
61.961, 60, 15616.576172
61.961, 60, 15617.021484
61.961, 60, 15617.465820
61.961, 60, 15617.911133
61.961, 60, 15618.356445
61.961, 60, 15618.800781
61.961, 60, 15619.246094
61.961, 60, 15619.691406
61.961, 60, 15620.136719
61.961, 60, 15620.581055
61.961, 60, 15621.026367
61.961, 60, 15621.471680
61.961, 60, 15621.916016
61.961, 60, 15622.361328
61.961, 60, 15622.806641
61.961, 60, 15623.251953
61.961, 60, 15623.696289
61.961, 60, 15624.141602
61.961, 60, 15624.586914
61.961, 60, 15625.031250
61.961, 60, 15625.476562
61.961, 60, 15625.921875
61.961, 60, 15626.367188
61.961, 60, 15626.811523
61.961, 60, 15627.256836
61.961, 60, 15627.702148
61.961, 60, 15628.146484
61.961, 60, 15628.591797
61.961, 60, 15629.037109
61.961, 60, 15629.482422
61.961, 60, 15629.926758
61.961, 60, 15630.372070
61.961, 60, 15630.817383
61.961, 60, 15631.261719
61.961, 60, 15631.707031
61.961, 60, 15632.152344
61.961, 60, 15632.597656
61.961, 60, 15633.041992
61.961, 60, 15633.487305
61.961, 60, 15633.932617
61.961, 60, 15634.376953
61.961, 60, 15634.822266
61.961, 60, 15635.267578
61.961, 60, 15635.712891
61.961, 60, 15636.157227
61.961, 60, 15636.602539
61.961, 60, 15637.047852
61.961, 60, 15637.492188
61.961, 60, 15637.937500
61.961, 60, 15638.382812
61.961, 60, 15638.828125
61.961, 60, 15639.272461
61.961, 60, 15639.717773
61.961, 60, 15640.163086
61.961, 60, 15640.607422
61.961, 60, 15641.052734
61.961, 60, 15641.498047
61.961, 60, 15641.942383
61.961, 60, 15642.387695
61.961, 60, 15642.833008
61.961, 60, 15643.278320
61.961, 60, 15643.722656
61.961, 60, 15644.167969
61.961, 60, 15644.613281
61.961, 60, 15645.057617
61.961, 60, 15645.502930
62.151, 60, 15645.948242
62.151, 60, 15646.393555
62.151, 60, 15646.837891
62.151, 60, 15647.283203
62.151, 60, 15647.728516
62.151, 60, 15648.172852
62.151, 60, 15648.618164
62.151, 60, 15649.063477
62.151, 60, 15649.508789
62.151, 60, 15649.953125
62.151, 60, 15650.398438
62.151, 60, 15650.843750
62.151, 60, 15651.288086
62.151, 60, 15651.733398
62.151, 60, 15652.178711
62.151, 60, 15652.624023
62.151, 60, 15653.068359
62.151, 60, 15653.513672
62.151, 60, 15653.958984
62.151, 60, 15654.403320
62.151, 60, 15654.848633
62.151, 60, 15655.293945
62.151, 60, 15655.739258
62.151, 60, 15656.183594
62.151, 60, 15656.628906
62.151, 60, 15657.074219
62.151, 60, 15657.518555
62.151, 60, 15657.963867
62.151, 60, 15658.409180
62.151, 60, 15658.854492
62.151, 60, 15659.298828
62.151, 60, 15659.744141
62.151, 60, 15660.189453
62.151, 60, 15660.633789
62.151, 60, 15661.079102
62.056, 60, 15661.524414
62.056, 60, 15661.969727
62.056, 60, 15662.414062
62.056, 60, 15662.859375
62.056, 60, 15663.304688
62.056, 60, 15663.749023
62.056, 60, 15664.194336
62.056, 60, 15664.639648
62.056, 60, 15665.083984
62.056, 60, 15665.529297
62.056, 60, 15665.974609
62.056, 60, 15666.419922
62.056, 60, 15666.864258
62.056, 60, 15667.309570
62.056, 60, 15667.754883
62.056, 60, 15668.199219
62.056, 60, 15668.644531
62.056, 60, 15669.089844
62.056, 60, 15669.535156
62.056, 60, 15669.979492
62.056, 60, 15670.424805
62.056, 60, 15670.870117
62.056, 60, 15671.314453
62.056, 60, 15671.759766
62.056, 60, 15672.205078
62.056, 60, 15672.650391
62.056, 60, 15673.094727
62.056, 60, 15673.540039
62.056, 60, 15673.985352
62.056, 60, 15674.429688
62.056, 60, 15674.875000
62.056, 60, 15675.320312
62.056, 60, 15675.765625
62.056, 60, 15676.209961
62.056, 60, 15676.655273
61.961, 60, 15677.100586
61.961, 60, 15677.544922
61.961, 60, 15677.990234
61.961, 60, 15678.435547
61.961, 60, 15678.880859
61.961, 60, 15679.325195
61.961, 60, 15679.770508
61.961, 60, 15680.215820
61.961, 60, 15680.660156
61.961, 60, 15681.105469
61.961, 60, 15681.550781
61.961, 60, 15681.996094
61.961, 60, 15682.440430
61.961, 60, 15682.885742
61.961, 60, 15683.331055
61.961, 60, 15683.775391
61.961, 60, 15684.220703
61.961, 60, 15684.666016
61.961, 60, 15685.111328
61.961, 60, 15685.555664
61.961, 60, 15686.000977
61.961, 60, 15686.446289
61.961, 60, 15686.890625
61.961, 60, 15687.335938
61.961, 60, 15687.781250
61.961, 60, 15688.225586
61.961, 60, 15688.670898
61.961, 60, 15689.116211
61.961, 60, 15689.561523
61.961, 60, 15690.005859
61.961, 60, 15690.451172
61.961, 60, 15690.896484
61.961, 60, 15691.340820
61.961, 60, 15691.786133
61.961, 60, 15692.231445
61.961, 60, 15692.676758
61.961, 60, 15693.121094
61.961, 60, 15693.566406
61.961, 60, 15694.011719
61.961, 60, 15694.456055
61.961, 60, 15694.901367
61.961, 60, 15695.346680
61.961, 60, 15695.791992
61.961, 60, 15696.236328
61.961, 60, 15696.681641
61.961, 60, 15697.126953
61.961, 60, 15697.571289
61.961, 60, 15698.016602
61.961, 60, 15698.461914
61.961, 60, 15698.907227
61.961, 60, 15699.351562
61.961, 60, 15699.796875
61.961, 60, 15700.242188
61.961, 60, 15700.686523
61.961, 60, 15701.131836
61.961, 60, 15701.577148
61.961, 60, 15702.022461
61.961, 60, 15702.466797
61.961, 60, 15702.912109
61.961, 60, 15703.357422
61.961, 60, 15703.801758
61.961, 60, 15704.247070
61.961, 60, 15704.692383
61.961, 60, 15705.137695
61.961, 60, 15705.582031
61.961, 60, 15706.027344
61.961, 60, 15706.472656
61.961, 60, 15706.916992
61.961, 60, 15707.362305
62.056, 60, 15707.807617
62.056, 60, 15708.252930
62.056, 60, 15708.697266
62.056, 60, 15709.142578
62.056, 60, 15709.587891
62.056, 60, 15710.032227
62.056, 60, 15710.477539
62.056, 60, 15710.922852
62.056, 60, 15711.367188
62.056, 60, 15711.812500
62.056, 60, 15712.257812
62.056, 60, 15712.703125
62.056, 60, 15713.147461
62.056, 60, 15713.592773
62.056, 60, 15714.038086
62.056, 60, 15714.482422
62.056, 60, 15714.927734
62.056, 60, 15715.373047
62.056, 60, 15715.818359
62.056, 60, 15716.262695
62.056, 60, 15716.708008
62.056, 60, 15717.153320
62.056, 60, 15717.597656
62.056, 60, 15718.042969
62.056, 60, 15718.488281
62.056, 60, 15718.933594
62.056, 60, 15719.377930
62.056, 60, 15719.823242
62.056, 60, 15720.268555
62.056, 60, 15720.712891
62.056, 60, 15721.158203
62.056, 60, 15721.603516
62.056, 60, 15722.048828
62.056, 60, 15722.493164
62.151, 60, 15722.938477
62.151, 60, 15723.383789
62.151, 60, 15723.828125
62.151, 60, 15724.273438
62.151, 60, 15724.718750
62.151, 60, 15725.164062
62.151, 60, 15725.608398
62.151, 60, 15726.053711
62.151, 60, 15726.499023
62.151, 60, 15726.943359
62.151, 60, 15727.388672
62.151, 60, 15727.833984
62.151, 60, 15728.279297
62.151, 60, 15728.723633
62.151, 60, 15729.168945
62.151, 60, 15729.614258
62.151, 60, 15730.058594
62.151, 60, 15730.503906
62.151, 60, 15730.949219
62.151, 60, 15731.394531
62.151, 60, 15731.838867
62.151, 60, 15732.284180
62.151, 60, 15732.729492
62.151, 60, 15733.173828
62.151, 60, 15733.619141
62.151, 60, 15734.064453
62.151, 60, 15734.508789
62.151, 60, 15734.954102
62.151, 60, 15735.399414
62.151, 60, 15735.844727
62.151, 60, 15736.289062
62.151, 60, 15736.734375
62.151, 60, 15737.179688
62.151, 60, 15737.624023
62.151, 60, 15738.069336
62.151, 60, 15738.514648
62.151, 60, 15738.959961
62.151, 60, 15739.404297
62.151, 60, 15739.849609
62.151, 60, 15740.294922
62.151, 60, 15740.739258
62.151, 60, 15741.184570
62.151, 60, 15741.629883
62.151, 60, 15742.075195
62.151, 60, 15742.519531
62.151, 60, 15742.964844
62.151, 60, 15743.410156
62.151, 60, 15743.854492
62.151, 60, 15744.299805
62.151, 60, 15744.745117
62.151, 60, 15745.190430
62.151, 60, 15745.634766
62.151, 60, 15746.080078
62.151, 60, 15746.525391
62.151, 60, 15746.969727
62.151, 60, 15747.415039
62.151, 60, 15747.860352
62.151, 60, 15748.305664
62.151, 60, 15748.750000
62.151, 60, 15749.195312
62.151, 60, 15749.640625
62.151, 60, 15750.084961
62.151, 60, 15750.530273
62.151, 60, 15750.975586
62.151, 60, 15751.420898
62.151, 60, 15751.865234
62.151, 60, 15752.310547
62.151, 60, 15752.755859
62.151, 60, 15753.200195
62.151, 60, 15753.645508
62.151, 60, 15754.090820
62.151, 60, 15754.536133
62.151, 60, 15754.980469
62.151, 60, 15755.425781
62.151, 60, 15755.871094
62.151, 60, 15756.315430
62.151, 60, 15756.760742
62.151, 60, 15757.206055
62.151, 60, 15757.650391
62.151, 60, 15758.095703
62.151, 60, 15758.541016
62.151, 60, 15758.986328
62.151, 60, 15759.430664
62.151, 60, 15759.875977
62.151, 60, 15760.321289
62.151, 60, 15760.765625
62.151, 60, 15761.210938
62.151, 60, 15761.656250
62.151, 60, 15762.101562
62.151, 60, 15762.545898
62.151, 60, 15762.991211
62.151, 60, 15763.436523
62.151, 60, 15763.880859
62.151, 60, 15764.326172
62.151, 60, 15764.771484
62.151, 60, 15765.216797
62.151, 60, 15765.661133
62.151, 60, 15766.106445
62.151, 60, 15766.551758
62.151, 60, 15766.996094
62.151, 60, 15767.441406
62.151, 60, 15767.886719
62.151, 60, 15768.332031
62.151, 60, 15768.776367
62.151, 60, 15769.221680
62.151, 60, 15769.666992
62.151, 60, 15770.111328
62.151, 60, 15770.556641
62.151, 60, 15771.001953
62.151, 60, 15771.447266
62.151, 60, 15771.891602
62.151, 60, 15772.336914
62.151, 60, 15772.782227
62.151, 60, 15773.226562
62.151, 60, 15773.671875
62.151, 60, 15774.117188
62.151, 60, 15774.562500
62.151, 60, 15775.006836
62.151, 60, 15775.452148
62.151, 60, 15775.897461
62.151, 60, 15776.341797
62.151, 60, 15776.787109
62.151, 60, 15777.232422
62.151, 60, 15777.677734
62.151, 60, 15778.122070
62.151, 60, 15778.567383
62.151, 60, 15779.012695
62.151, 60, 15779.457031
62.151, 60, 15779.902344
62.151, 60, 15780.347656
62.151, 60, 15780.791992
62.151, 60, 15781.237305
62.151, 60, 15781.682617
62.151, 60, 15782.127930
62.151, 60, 15782.572266
62.151, 60, 15783.017578
62.151, 60, 15783.462891
62.151, 60, 15783.907227
62.151, 60, 15784.352539
62.247, 60, 15784.797852
62.247, 60, 15785.243164
62.247, 60, 15785.687500
62.247, 60, 15786.132812
62.247, 60, 15786.578125
62.247, 60, 15787.022461
62.247, 60, 15787.467773
62.247, 60, 15787.913086
62.247, 60, 15788.358398
62.247, 60, 15788.802734
62.247, 60, 15789.248047
62.247, 60, 15789.693359
62.247, 60, 15790.137695
62.247, 60, 15790.583008
62.247, 60, 15791.028320
62.247, 60, 15791.473633
62.247, 60, 15791.917969
62.247, 60, 15792.363281
62.247, 60, 15792.808594
62.247, 60, 15793.252930
62.247, 60, 15793.698242
62.247, 60, 15794.143555
62.247, 60, 15794.588867
62.247, 60, 15795.033203
62.247, 60, 15795.478516
62.247, 60, 15795.923828
62.247, 60, 15796.368164
62.247, 60, 15796.813477
62.247, 60, 15797.258789
62.247, 60, 15797.704102
62.247, 60, 15798.148438
62.247, 60, 15798.593750
62.247, 60, 15799.039062
62.247, 60, 15799.483398
62.247, 60, 15799.928711
62.247, 60, 15800.374023
62.247, 60, 15800.819336
62.247, 60, 15801.263672
62.247, 60, 15801.708984
62.247, 60, 15802.154297
62.247, 60, 15802.598633
62.247, 60, 15803.043945
62.247, 60, 15803.489258
62.247, 60, 15803.933594
62.247, 60, 15804.378906
62.247, 60, 15804.824219
62.247, 60, 15805.269531
62.247, 60, 15805.713867
62.247, 60, 15806.159180
62.247, 60, 15806.604492
62.247, 60, 15807.048828
62.247, 60, 15807.494141
62.247, 60, 15807.939453
62.247, 60, 15808.384766
62.247, 60, 15808.829102
62.247, 60, 15809.274414
62.247, 60, 15809.719727
62.247, 60, 15810.164062
62.247, 60, 15810.609375
62.247, 60, 15811.054688
62.247, 60, 15811.500000
62.247, 60, 15811.944336
62.247, 60, 15812.389648
62.247, 60, 15812.834961
62.247, 60, 15813.279297
62.247, 60, 15813.724609
62.247, 60, 15814.169922
62.342, 60, 15814.615234
62.342, 60, 15815.059570
62.342, 60, 15815.504883
62.342, 60, 15815.950195
62.342, 60, 15816.394531
62.342, 60, 15816.839844
62.342, 60, 15817.285156
62.342, 60, 15817.730469
62.342, 60, 15818.174805
62.342, 60, 15818.620117
62.342, 60, 15819.065430
62.342, 60, 15819.509766
62.342, 60, 15819.955078
62.342, 60, 15820.400391
62.342, 60, 15820.845703
62.342, 60, 15821.290039
62.342, 60, 15821.735352
62.342, 60, 15822.180664
62.342, 60, 15822.625000
62.342, 60, 15823.070312
62.342, 60, 15823.515625
62.342, 60, 15823.960938
62.342, 60, 15824.405273
62.342, 60, 15824.850586
62.342, 60, 15825.295898
62.342, 60, 15825.740234
62.342, 60, 15826.185547
62.342, 60, 15826.630859
62.342, 60, 15827.075195
62.342, 60, 15827.520508
62.342, 60, 15827.965820
62.342, 60, 15828.411133
62.342, 60, 15828.855469
62.247, 60, 15829.300781
62.247, 60, 15829.746094
62.247, 60, 15830.190430
62.247, 60, 15830.635742
62.247, 60, 15831.081055
62.247, 60, 15831.526367
62.247, 60, 15831.970703
62.247, 60, 15832.416016
62.247, 60, 15832.861328
62.247, 60, 15833.305664
62.247, 60, 15833.750977
62.247, 60, 15834.196289
62.247, 60, 15834.641602
62.247, 60, 15835.085938
62.247, 60, 15835.531250
62.247, 60, 15835.976562
62.247, 60, 15836.420898
62.247, 60, 15836.866211
62.247, 60, 15837.311523
62.247, 60, 15837.756836
62.247, 60, 15838.201172
62.247, 60, 15838.646484
62.247, 60, 15839.091797
62.247, 60, 15839.536133
62.247, 60, 15839.981445
62.247, 60, 15840.426758
62.247, 60, 15840.872070
62.247, 60, 15841.316406
62.247, 60, 15841.761719
62.247, 60, 15842.207031
62.247, 60, 15842.651367
62.247, 60, 15843.096680
62.247, 60, 15843.541992
62.247, 60, 15843.987305
62.151, 60, 15844.431641
62.151, 60, 15844.876953
62.151, 60, 15845.322266
62.151, 60, 15845.766602
62.151, 60, 15846.211914
62.151, 60, 15846.657227
62.151, 60, 15847.102539
62.151, 60, 15847.546875
62.151, 60, 15847.992188
62.151, 60, 15848.437500
62.151, 60, 15848.881836
62.151, 60, 15849.327148
62.151, 60, 15849.772461
62.151, 60, 15850.216797
62.151, 60, 15850.662109
62.151, 60, 15851.107422
62.151, 60, 15851.552734
62.151, 60, 15851.997070
62.151, 60, 15852.442383
62.151, 60, 15852.887695
62.151, 60, 15853.332031
62.151, 60, 15853.777344
62.151, 60, 15854.222656
62.151, 60, 15854.667969
62.151, 60, 15855.112305
62.151, 60, 15855.557617
62.151, 60, 15856.002930
62.151, 60, 15856.447266
62.151, 60, 15856.892578
62.151, 60, 15857.337891
62.151, 60, 15857.783203
62.151, 60, 15858.227539
62.151, 60, 15858.672852
62.151, 60, 15859.118164
62.151, 60, 15859.562500
62.151, 60, 15860.007812
62.151, 60, 15860.453125
62.151, 60, 15860.898438
62.151, 60, 15861.342773
62.151, 60, 15861.788086
62.151, 60, 15862.233398
62.151, 60, 15862.677734
62.151, 60, 15863.123047
62.151, 60, 15863.568359
62.151, 60, 15864.013672
62.151, 60, 15864.458008
62.151, 60, 15864.903320
62.151, 60, 15865.348633
62.151, 60, 15865.792969
62.151, 60, 15866.238281
62.151, 60, 15866.683594
62.151, 60, 15867.128906
62.151, 60, 15867.573242
62.151, 60, 15868.018555
62.151, 60, 15868.463867
62.151, 60, 15868.908203
62.151, 60, 15869.353516
62.151, 60, 15869.798828
62.151, 60, 15870.244141
62.151, 60, 15870.688477
62.151, 60, 15871.133789
62.151, 60, 15871.579102
62.151, 60, 15872.023438
62.151, 60, 15872.468750
62.151, 60, 15872.914062
62.151, 60, 15873.358398
62.151, 60, 15873.803711
62.151, 60, 15874.249023
62.151, 60, 15874.694336
62.151, 60, 15875.138672
62.151, 60, 15875.583984
62.151, 60, 15876.029297
62.151, 60, 15876.473633
62.151, 60, 15876.918945
62.151, 60, 15877.364258
62.151, 60, 15877.809570
62.151, 60, 15878.253906
62.151, 60, 15878.699219
62.151, 60, 15879.144531
62.151, 60, 15879.588867
62.151, 60, 15880.034180
62.151, 60, 15880.479492
62.151, 60, 15880.924805
62.151, 60, 15881.369141
62.151, 60, 15881.814453
62.151, 60, 15882.259766
62.151, 60, 15882.704102
62.151, 60, 15883.149414
62.151, 60, 15883.594727
62.151, 60, 15884.040039
62.151, 60, 15884.484375
62.151, 60, 15884.929688
62.151, 60, 15885.375000
62.151, 60, 15885.819336
62.151, 60, 15886.264648
62.151, 60, 15886.709961
62.151, 60, 15887.155273
62.151, 60, 15887.599609
62.151, 60, 15888.044922
62.151, 60, 15888.490234
62.151, 60, 15888.934570
62.151, 60, 15889.379883
62.151, 60, 15889.825195
62.151, 60, 15890.270508
62.151, 60, 15890.714844
62.151, 60, 15891.160156
62.151, 60, 15891.605469
62.151, 60, 15892.049805
62.151, 60, 15892.495117
62.151, 60, 15892.940430
62.151, 60, 15893.385742
62.151, 60, 15893.830078
62.151, 60, 15894.275391
62.151, 60, 15894.720703
62.151, 60, 15895.165039
62.151, 60, 15895.610352
62.151, 60, 15896.055664
62.151, 60, 15896.500000
62.151, 60, 15896.945312
62.151, 60, 15897.390625
62.151, 60, 15897.835938
62.151, 60, 15898.280273
62.151, 60, 15898.725586
62.151, 60, 15899.170898
62.151, 60, 15899.615234
62.151, 60, 15900.060547
62.151, 60, 15900.505859
62.151, 60, 15900.951172
62.151, 60, 15901.395508
62.151, 60, 15901.840820
62.151, 60, 15902.286133
62.151, 60, 15902.730469
62.151, 60, 15903.175781
62.151, 60, 15903.621094
62.151, 60, 15904.066406
62.151, 60, 15904.510742
62.151, 60, 15904.956055
62.151, 60, 15905.401367
62.151, 60, 15905.845703
62.151, 60, 15906.291016
62.151, 60, 15906.736328
62.151, 60, 15907.181641
62.151, 60, 15907.625977
62.151, 60, 15908.071289
62.151, 60, 15908.516602
62.151, 60, 15908.960938
62.151, 60, 15909.406250
62.151, 60, 15909.851562
62.151, 60, 15910.296875
62.151, 60, 15910.741211
62.151, 60, 15911.186523
62.151, 60, 15911.631836
62.151, 60, 15912.076172
62.151, 60, 15912.521484
62.151, 60, 15912.966797
62.151, 60, 15913.412109
62.151, 60, 15913.856445
62.151, 60, 15914.301758
62.151, 60, 15914.747070
62.151, 60, 15915.191406
62.151, 60, 15915.636719
62.151, 60, 15916.082031
62.151, 60, 15916.527344
62.151, 60, 15916.971680
62.151, 60, 15917.416992
62.151, 60, 15917.862305
62.151, 60, 15918.306641
62.151, 60, 15918.751953
62.151, 60, 15919.197266
62.151, 60, 15919.641602
62.151, 60, 15920.086914
62.151, 60, 15920.532227
62.151, 60, 15920.977539
62.247, 60, 15921.421875
62.247, 60, 15921.867188
62.247, 60, 15922.312500
62.247, 60, 15922.756836
62.247, 60, 15923.202148
62.247, 60, 15923.647461
62.247, 60, 15924.092773
62.247, 60, 15924.537109
62.247, 60, 15924.982422
62.247, 60, 15925.427734
62.247, 60, 15925.872070
62.247, 60, 15926.317383
62.247, 60, 15926.762695
62.247, 60, 15927.208008
62.247, 60, 15927.652344
62.247, 60, 15928.097656
62.247, 60, 15928.542969
62.247, 60, 15928.987305
62.247, 60, 15929.432617
62.247, 60, 15929.877930
62.247, 60, 15930.323242
62.247, 60, 15930.767578
62.247, 60, 15931.212891
62.247, 60, 15931.658203
62.247, 60, 15932.102539
62.247, 60, 15932.547852
62.247, 60, 15932.993164
62.247, 60, 15933.438477
62.247, 60, 15933.882812
62.247, 60, 15934.328125
62.247, 60, 15934.773438
62.247, 60, 15935.217773
62.247, 60, 15935.663086
62.247, 60, 15936.108398
62.247, 60, 15936.553711
62.247, 60, 15936.998047
62.247, 60, 15937.443359
62.247, 60, 15937.888672
62.247, 60, 15938.333008
62.247, 60, 15938.778320
62.247, 60, 15939.223633
62.247, 60, 15939.668945
62.247, 60, 15940.113281
62.247, 60, 15940.558594
62.247, 60, 15941.003906
62.247, 60, 15941.448242
62.247, 60, 15941.893555
62.247, 60, 15942.338867
62.247, 60, 15942.783203
62.247, 60, 15943.228516
62.247, 60, 15943.673828
62.247, 60, 15944.119141
62.247, 60, 15944.563477
62.247, 60, 15945.008789
62.247, 60, 15945.454102
62.247, 60, 15945.898438
62.247, 60, 15946.343750
62.247, 60, 15946.789062
62.247, 60, 15947.234375
62.247, 60, 15947.678711
62.247, 60, 15948.124023
62.247, 60, 15948.569336
62.247, 60, 15949.013672
62.247, 60, 15949.458984
62.247, 60, 15949.904297
62.247, 60, 15950.349609
62.247, 60, 15950.793945
62.247, 60, 15951.239258
62.247, 60, 15951.684570
62.247, 60, 15952.128906
62.247, 60, 15952.574219
62.247, 60, 15953.019531
62.247, 60, 15953.464844
62.247, 60, 15953.909180
62.247, 60, 15954.354492
62.247, 60, 15954.799805
62.247, 60, 15955.244141
62.247, 60, 15955.689453
62.247, 60, 15956.134766
62.247, 60, 15956.580078
62.247, 60, 15957.024414
62.247, 60, 15957.469727
62.247, 60, 15957.915039
62.247, 60, 15958.359375
62.247, 60, 15958.804688
62.247, 60, 15959.250000
62.247, 60, 15959.695312
62.247, 60, 15960.139648
62.247, 60, 15960.584961
62.247, 60, 15961.030273
62.247, 60, 15961.474609
62.247, 60, 15961.919922
62.247, 60, 15962.365234
62.247, 60, 15962.810547
62.247, 60, 15963.254883
62.247, 60, 15963.700195
62.247, 60, 15964.145508
62.247, 60, 15964.589844
62.247, 60, 15965.035156
62.247, 60, 15965.480469
62.247, 60, 15965.924805
62.247, 60, 15966.370117
62.247, 60, 15966.815430
62.247, 60, 15967.260742
62.247, 60, 15967.705078
62.247, 60, 15968.150391
62.247, 60, 15968.595703
62.247, 60, 15969.040039
62.247, 60, 15969.485352
62.247, 60, 15969.930664
62.247, 60, 15970.375977
62.247, 60, 15970.820312
62.247, 60, 15971.265625
62.247, 60, 15971.710938
62.247, 60, 15972.155273
62.247, 60, 15972.600586
62.247, 60, 15973.045898
62.247, 60, 15973.491211
62.247, 60, 15973.935547
62.247, 60, 15974.380859
62.247, 60, 15974.826172
62.247, 60, 15975.270508
62.247, 60, 15975.715820
62.247, 60, 15976.161133
62.247, 60, 15976.606445
62.247, 60, 15977.050781
62.247, 60, 15977.496094
62.247, 60, 15977.941406
62.247, 60, 15978.385742
62.247, 60, 15978.831055
62.247, 60, 15979.276367
62.247, 60, 15979.721680
62.247, 60, 15980.166016
62.247, 60, 15980.611328
62.247, 60, 15981.056641
62.247, 60, 15981.500977
62.247, 60, 15981.946289
62.247, 60, 15982.391602
62.342, 60, 15982.836914
62.342, 60, 15983.281250
62.342, 60, 15983.726562
62.342, 60, 15984.171875
62.342, 60, 15984.616211
62.342, 60, 15985.061523
62.342, 60, 15985.506836
62.342, 60, 15985.952148
62.342, 60, 15986.396484
62.342, 60, 15986.841797
62.342, 60, 15987.287109
62.342, 60, 15987.731445
62.342, 60, 15988.176758
62.342, 60, 15988.622070
62.342, 60, 15989.066406
62.342, 60, 15989.511719
62.342, 60, 15989.957031
62.342, 60, 15990.402344
62.342, 60, 15990.846680
62.342, 60, 15991.291992
62.342, 60, 15991.737305
62.342, 60, 15992.181641
62.342, 60, 15992.626953
62.342, 60, 15993.072266
62.342, 60, 15993.517578
62.342, 60, 15993.961914
62.342, 60, 15994.407227
62.342, 60, 15994.852539
62.342, 60, 15995.296875
62.342, 60, 15995.742188
62.342, 60, 15996.187500
62.342, 60, 15996.632812
62.342, 60, 15997.077148
62.342, 60, 15997.522461
62.247, 60, 15997.967773
62.247, 60, 15998.412109
62.247, 60, 15998.857422
62.247, 60, 15999.302734
62.247, 60, 15999.748047
62.247, 60, 16000.192383
62.247, 60, 16000.637695
62.247, 60, 16001.083008
62.247, 60, 16001.527344
62.247, 60, 16001.972656
62.247, 60, 16002.417969
62.247, 60, 16002.863281
62.247, 60, 16003.307617
62.247, 60, 16003.752930
62.247, 60, 16004.198242
62.247, 60, 16004.642578
62.247, 60, 16005.087891
62.247, 60, 16005.533203
62.247, 60, 16005.978516
62.247, 60, 16006.422852
62.247, 60, 16006.868164
62.247, 60, 16007.313477
62.247, 60, 16007.757812
62.247, 60, 16008.203125
62.247, 60, 16008.648438
62.247, 60, 16009.093750
62.247, 60, 16009.538086
62.247, 60, 16009.983398
62.247, 60, 16010.428711
62.247, 60, 16010.873047
62.247, 60, 16011.318359
62.247, 60, 16011.763672
62.247, 60, 16012.208008
62.247, 60, 16012.653320
62.247, 60, 16013.098633
62.247, 60, 16013.543945
62.247, 60, 16013.988281
62.247, 60, 16014.433594
62.247, 60, 16014.878906
62.247, 60, 16015.323242
62.247, 60, 16015.768555
62.247, 60, 16016.213867
62.247, 60, 16016.659180
62.247, 60, 16017.103516
62.247, 60, 16017.548828
62.247, 60, 16017.994141
62.247, 60, 16018.438477
62.247, 60, 16018.883789
62.247, 60, 16019.329102
62.247, 60, 16019.774414
62.247, 60, 16020.218750
62.247, 60, 16020.664062
62.247, 60, 16021.109375
62.247, 60, 16021.553711
62.247, 60, 16021.999023
62.247, 60, 16022.444336
62.247, 60, 16022.889648
62.247, 60, 16023.333984
62.247, 60, 16023.779297
62.247, 60, 16024.224609
62.247, 60, 16024.668945
62.247, 60, 16025.114258
62.247, 60, 16025.559570
62.247, 60, 16026.004883
62.247, 60, 16026.449219
62.247, 60, 16026.894531
62.247, 60, 16027.339844
62.247, 60, 16027.784180
62.247, 60, 16028.229492
62.342, 60, 16028.674805
62.342, 60, 16029.120117
62.342, 60, 16029.564453
62.342, 60, 16030.009766
62.342, 60, 16030.455078
62.342, 60, 16030.899414
62.342, 60, 16031.344727
62.342, 60, 16031.790039
62.342, 60, 16032.235352
62.342, 60, 16032.679688
62.342, 60, 16033.125000
62.342, 60, 16033.570312
62.342, 60, 16034.014648
62.342, 60, 16034.459961
62.342, 60, 16034.905273
62.342, 60, 16035.349609
62.342, 60, 16035.794922
62.342, 60, 16036.240234
62.342, 60, 16036.685547
62.342, 60, 16037.129883
62.342, 60, 16037.575195
62.342, 60, 16038.020508
62.342, 60, 16038.464844
62.342, 60, 16038.910156
62.342, 60, 16039.355469
62.342, 60, 16039.800781
62.342, 60, 16040.245117
62.342, 60, 16040.690430
62.342, 60, 16041.135742
62.342, 60, 16041.580078
62.342, 60, 16042.025391
62.342, 60, 16042.470703
62.342, 60, 16042.916016
62.342, 60, 16043.360352
62.342, 60, 16043.805664
62.247, 60, 16044.250977
62.247, 60, 16044.695312
62.247, 60, 16045.140625
62.247, 60, 16045.585938
62.247, 60, 16046.031250
62.247, 60, 16046.475586
62.247, 60, 16046.920898
62.247, 60, 16047.366211
62.247, 60, 16047.810547
62.247, 60, 16048.255859
62.247, 60, 16048.701172
62.247, 60, 16049.146484
62.247, 60, 16049.590820
62.247, 60, 16050.036133
62.247, 60, 16050.481445
62.247, 60, 16050.925781
62.247, 60, 16051.371094
62.247, 60, 16051.816406
62.247, 60, 16052.261719
62.247, 60, 16052.706055
62.247, 60, 16053.151367
62.247, 60, 16053.596680
62.247, 60, 16054.041016
62.247, 60, 16054.486328
62.247, 60, 16054.931641
62.247, 60, 16055.376953
62.247, 60, 16055.821289
62.247, 60, 16056.266602
62.247, 60, 16056.711914
62.247, 60, 16057.156250
62.247, 60, 16057.601562
62.247, 60, 16058.046875
62.247, 60, 16058.491211
62.247, 60, 16058.936523
62.247, 60, 16059.381836
62.342, 60, 16059.827148
62.342, 60, 16060.271484
62.342, 60, 16060.716797
62.342, 60, 16061.162109
62.342, 60, 16061.606445
62.342, 60, 16062.051758
62.342, 60, 16062.497070
62.342, 60, 16062.942383
62.342, 60, 16063.386719
62.342, 60, 16063.832031
62.342, 60, 16064.277344
62.342, 60, 16064.721680
62.342, 60, 16065.166992
62.342, 60, 16065.612305
62.342, 60, 16066.057617
62.342, 60, 16066.501953
62.342, 60, 16066.947266
62.342, 60, 16067.392578
62.342, 60, 16067.836914
62.342, 60, 16068.282227
62.342, 60, 16068.727539
62.342, 60, 16069.172852
62.342, 60, 16069.617188
62.342, 60, 16070.062500
62.342, 60, 16070.507812
62.342, 60, 16070.952148
62.342, 60, 16071.397461
62.342, 60, 16071.842773
62.342, 60, 16072.288086
62.342, 60, 16072.732422
62.342, 60, 16073.177734
62.342, 60, 16073.623047
62.342, 60, 16074.067383
62.342, 60, 16074.512695
62.342, 60, 16074.958008
62.342, 60, 16075.403320
62.342, 60, 16075.847656
62.342, 60, 16076.292969
62.342, 60, 16076.738281
62.342, 60, 16077.182617
62.342, 60, 16077.627930
62.342, 60, 16078.073242
62.342, 60, 16078.518555
62.342, 60, 16078.962891
62.342, 60, 16079.408203
62.342, 60, 16079.853516
62.342, 60, 16080.297852
62.342, 60, 16080.743164
62.342, 60, 16081.188477
62.342, 60, 16081.632812
62.342, 60, 16082.078125
62.342, 60, 16082.523438
62.342, 60, 16082.968750
62.342, 60, 16083.413086
62.342, 60, 16083.858398
62.342, 60, 16084.303711
62.342, 60, 16084.748047
62.342, 60, 16085.193359
62.342, 60, 16085.638672
62.342, 60, 16086.083984
62.342, 60, 16086.528320
62.342, 60, 16086.973633
62.342, 60, 16087.418945
62.342, 60, 16087.863281
62.342, 60, 16088.308594
62.342, 60, 16088.753906
62.342, 60, 16089.199219
62.342, 60, 16089.643555
62.342, 60, 16090.088867
62.342, 60, 16090.534180
62.342, 60, 16090.978516
62.342, 60, 16091.423828
62.342, 60, 16091.869141
62.342, 60, 16092.314453
62.342, 60, 16092.758789
62.342, 60, 16093.204102
62.342, 60, 16093.649414
62.342, 60, 16094.093750
62.342, 60, 16094.539062
62.342, 60, 16094.984375
62.342, 60, 16095.429688
62.342, 60, 16095.874023
62.342, 60, 16096.319336
62.342, 60, 16096.764648
62.342, 60, 16097.208984
62.342, 60, 16097.654297
62.342, 60, 16098.099609
62.342, 60, 16098.544922
62.342, 60, 16098.989258
62.342, 60, 16099.434570
62.342, 60, 16099.879883
62.342, 60, 16100.324219
62.342, 60, 16100.769531
62.342, 60, 16101.214844
62.342, 60, 16101.660156
62.342, 60, 16102.104492
62.342, 60, 16102.549805
62.342, 60, 16102.995117
62.342, 60, 16103.439453
62.342, 60, 16103.884766
62.342, 60, 16104.330078
62.342, 60, 16104.774414
62.342, 60, 16105.219727
62.342, 60, 16105.665039
62.342, 60, 16106.110352
62.342, 60, 16106.554688
62.342, 60, 16107.000000
62.342, 60, 16107.445312
62.342, 60, 16107.889648
62.342, 60, 16108.334961
62.342, 60, 16108.780273
62.342, 60, 16109.225586
62.342, 60, 16109.669922
62.342, 60, 16110.115234
62.342, 60, 16110.560547
62.342, 60, 16111.004883
62.342, 60, 16111.450195
62.342, 60, 16111.895508
62.342, 60, 16112.340820
62.342, 60, 16112.785156
62.342, 60, 16113.230469
62.342, 60, 16113.675781
62.342, 60, 16114.120117
62.342, 60, 16114.565430
62.342, 60, 16115.010742
62.342, 60, 16115.456055
62.342, 60, 16115.900391
62.342, 60, 16116.345703
62.342, 60, 16116.791016
62.342, 60, 16117.235352
62.342, 60, 16117.680664
62.342, 60, 16118.125977
62.342, 60, 16118.571289
62.342, 60, 16119.015625
62.342, 60, 16119.460938
62.342, 60, 16119.906250
62.342, 60, 16120.350586
62.342, 60, 16120.795898
62.342, 60, 16121.241211
62.531, 60, 16121.686523
62.531, 60, 16122.130859
62.531, 60, 16122.576172
62.531, 60, 16123.021484
62.531, 60, 16123.465820
62.531, 60, 16123.911133
62.531, 60, 16124.356445
62.531, 60, 16124.801758
62.531, 60, 16125.246094
62.531, 60, 16125.691406
62.531, 60, 16126.136719
62.531, 60, 16126.581055
62.531, 60, 16127.026367
62.531, 60, 16127.471680
62.531, 60, 16127.916016
62.531, 60, 16128.361328
62.531, 60, 16128.806641
62.531, 60, 16129.251953
62.531, 60, 16129.696289
62.531, 60, 16130.141602
62.531, 60, 16130.586914
62.531, 60, 16131.031250
62.531, 60, 16131.476562
62.531, 60, 16131.921875
62.531, 60, 16132.367188
62.531, 60, 16132.811523
62.531, 60, 16133.256836
62.531, 60, 16133.702148
62.531, 60, 16134.146484
62.531, 60, 16134.591797
62.531, 60, 16135.037109
62.531, 60, 16135.482422
62.531, 60, 16135.926758
62.531, 60, 16136.372070
62.531, 60, 16136.817383
62.247, 60, 16137.261719
62.247, 60, 16137.707031
62.247, 60, 16138.152344
62.247, 60, 16138.597656
62.247, 60, 16139.041992
62.247, 60, 16139.487305
62.247, 60, 16139.932617
62.247, 60, 16140.376953
62.247, 60, 16140.822266
62.247, 60, 16141.267578
62.247, 60, 16141.712891
62.247, 60, 16142.157227
62.247, 60, 16142.602539
62.247, 60, 16143.047852
62.247, 60, 16143.492188
62.247, 60, 16143.937500
62.247, 60, 16144.382812
62.247, 60, 16144.828125
62.247, 60, 16145.272461
62.247, 60, 16145.717773
62.247, 60, 16146.163086
62.247, 60, 16146.607422
62.247, 60, 16147.052734
62.247, 60, 16147.498047
62.247, 60, 16147.943359
62.247, 60, 16148.387695
62.247, 60, 16148.833008
62.247, 60, 16149.278320
62.247, 60, 16149.722656
62.247, 60, 16150.167969
62.247, 60, 16150.613281
62.247, 60, 16151.057617
62.247, 60, 16151.502930
62.247, 60, 16151.948242
62.247, 60, 16152.393555
62.151, 60, 16152.837891
62.151, 60, 16153.283203
62.151, 60, 16153.728516
62.151, 60, 16154.172852
62.151, 60, 16154.618164
62.151, 60, 16155.063477
62.151, 60, 16155.508789
62.151, 60, 16155.953125
62.151, 60, 16156.398438
62.151, 60, 16156.843750
62.151, 60, 16157.288086
62.151, 60, 16157.733398
62.151, 60, 16158.178711
62.151, 60, 16158.624023
62.151, 60, 16159.068359
62.151, 60, 16159.513672
62.151, 60, 16159.958984
62.151, 60, 16160.403320
62.151, 60, 16160.848633
62.151, 60, 16161.293945
62.151, 60, 16161.739258
62.151, 60, 16162.183594
62.151, 60, 16162.628906
62.151, 60, 16163.074219
62.151, 60, 16163.518555
62.151, 60, 16163.963867
62.151, 60, 16164.409180
62.151, 60, 16164.854492
62.151, 60, 16165.298828
62.151, 60, 16165.744141
62.151, 60, 16166.189453
62.151, 60, 16166.633789
62.151, 60, 16167.079102
62.151, 60, 16167.524414
62.151, 60, 16167.969727
61.979, 60, 16168.414062
61.979, 60, 16168.859375
61.979, 60, 16169.304688
61.979, 60, 16169.749023
61.979, 60, 16170.194336
61.979, 60, 16170.639648
61.979, 60, 16171.084961
61.979, 60, 16171.529297
61.979, 60, 16171.974609
61.979, 60, 16172.419922
61.979, 60, 16172.864258
61.979, 60, 16173.309570
61.979, 60, 16173.754883
61.979, 60, 16174.199219
61.979, 60, 16174.644531
61.979, 60, 16175.089844
61.979, 60, 16175.535156
61.979, 60, 16175.979492
61.979, 60, 16176.424805
61.979, 60, 16176.870117
61.979, 60, 16177.314453
61.979, 60, 16177.759766
61.979, 60, 16178.205078
61.979, 60, 16178.650391
61.979, 60, 16179.094727
61.979, 60, 16179.540039
61.979, 60, 16179.985352
61.979, 60, 16180.429688
61.979, 60, 16180.875000
61.979, 60, 16181.320312
61.979, 60, 16181.765625
61.979, 60, 16182.209961
61.979, 60, 16182.655273
61.979, 60, 16183.100586
61.979, 60, 16183.544922
61.961, 60, 16183.990234
61.961, 60, 16184.435547
61.961, 60, 16184.880859
61.961, 60, 16185.325195
61.961, 60, 16185.770508
61.961, 60, 16186.215820
61.961, 60, 16186.660156
61.961, 60, 16187.105469
61.961, 60, 16187.550781
61.961, 60, 16187.996094
61.961, 60, 16188.440430
61.961, 60, 16188.885742
61.961, 60, 16189.331055
61.961, 60, 16189.775391
61.961, 60, 16190.220703
61.961, 60, 16190.666016
61.961, 60, 16191.111328
61.961, 60, 16191.555664
61.961, 60, 16192.000977
61.961, 60, 16192.446289
61.961, 60, 16192.890625
61.961, 60, 16193.335938
61.961, 60, 16193.781250
61.961, 60, 16194.226562
61.961, 60, 16194.670898
61.961, 60, 16195.116211
61.961, 60, 16195.561523
61.961, 60, 16196.005859
61.961, 60, 16196.451172
61.961, 60, 16196.896484
61.961, 60, 16197.340820
61.961, 60, 16197.786133
61.961, 60, 16198.231445
61.961, 60, 16198.676758
61.961, 60, 16199.121094
61.961, 60, 16199.566406
61.961, 60, 16200.011719
61.961, 60, 16200.456055
61.961, 60, 16200.901367
61.961, 60, 16201.346680
61.961, 60, 16201.791992
61.961, 60, 16202.236328
61.961, 60, 16202.681641
61.961, 60, 16203.126953
61.961, 60, 16203.571289
61.961, 60, 16204.016602
61.961, 60, 16204.461914
61.961, 60, 16204.907227
61.961, 60, 16205.351562
61.961, 60, 16205.796875
61.961, 60, 16206.242188
61.961, 60, 16206.686523
61.961, 60, 16207.131836
61.961, 60, 16207.577148
61.961, 60, 16208.022461
61.961, 60, 16208.466797
61.961, 60, 16208.912109
61.961, 60, 16209.357422
61.961, 60, 16209.801758
61.961, 60, 16210.247070
61.961, 60, 16210.692383
61.961, 60, 16211.137695
61.961, 60, 16211.582031
61.961, 60, 16212.027344
61.961, 60, 16212.472656
61.961, 60, 16212.916992
61.961, 60, 16213.362305
61.961, 60, 16213.807617
61.961, 60, 16214.252930
61.961, 60, 16214.697266
61.961, 60, 16215.142578
61.961, 60, 16215.587891
61.961, 60, 16216.032227
61.961, 60, 16216.477539
61.961, 60, 16216.922852
61.961, 60, 16217.368164
61.961, 60, 16217.812500
61.961, 60, 16218.257812
61.961, 60, 16218.703125
61.961, 60, 16219.147461
61.961, 60, 16219.592773
61.961, 60, 16220.038086
61.961, 60, 16220.482422
61.961, 60, 16220.927734
61.961, 60, 16221.373047
61.961, 60, 16221.818359
61.961, 60, 16222.262695
61.961, 60, 16222.708008
61.961, 60, 16223.153320
61.961, 60, 16223.597656
61.961, 60, 16224.042969
61.961, 60, 16224.488281
61.961, 60, 16224.933594
61.961, 60, 16225.377930
61.961, 60, 16225.823242
61.961, 60, 16226.268555
61.961, 60, 16226.712891
61.961, 60, 16227.158203
61.961, 60, 16227.603516
61.961, 60, 16228.048828
61.961, 60, 16228.493164
61.961, 60, 16228.938477
61.961, 60, 16229.383789
61.961, 60, 16229.828125
61.961, 60, 16230.273438
61.961, 60, 16230.718750
61.961, 60, 16231.164062
61.961, 60, 16231.608398
61.961, 60, 16232.053711
61.961, 60, 16232.499023
61.961, 60, 16232.943359
61.961, 60, 16233.388672
61.961, 60, 16233.833984
61.961, 60, 16234.279297
61.961, 60, 16234.723633
61.961, 60, 16235.168945
61.961, 60, 16235.614258
61.961, 60, 16236.058594
61.961, 60, 16236.503906
61.961, 60, 16236.949219
61.961, 60, 16237.394531
61.961, 60, 16237.838867
61.961, 60, 16238.284180
61.961, 60, 16238.729492
61.961, 60, 16239.173828
61.961, 60, 16239.619141
61.961, 60, 16240.064453
61.961, 60, 16240.509766
61.961, 60, 16240.954102
61.961, 60, 16241.399414
61.961, 60, 16241.844727
61.961, 60, 16242.289062
61.961, 60, 16242.734375
61.961, 60, 16243.179688
61.961, 60, 16243.624023
61.961, 60, 16244.069336
61.961, 60, 16244.514648
61.961, 60, 16244.959961
61.961, 60, 16245.404297
61.961, 60, 16245.849609
61.961, 60, 16246.294922
61.961, 60, 16246.739258
61.961, 60, 16247.184570
61.961, 60, 16247.629883
61.961, 60, 16248.075195
61.961, 60, 16248.519531
61.961, 60, 16248.964844
61.961, 60, 16249.410156
61.961, 60, 16249.854492
61.961, 60, 16250.299805
61.961, 60, 16250.745117
61.961, 60, 16251.190430
61.961, 60, 16251.634766
61.961, 60, 16252.080078
61.961, 60, 16252.525391
61.961, 60, 16252.969727
61.961, 60, 16253.415039
61.961, 60, 16253.860352
61.961, 60, 16254.305664
61.961, 60, 16254.750000
61.961, 60, 16255.195312
61.961, 60, 16255.640625
61.961, 60, 16256.084961
61.961, 60, 16256.530273
61.961, 60, 16256.975586
61.961, 60, 16257.420898
61.961, 60, 16257.865234
61.961, 60, 16258.310547
61.961, 60, 16258.755859
61.961, 60, 16259.200195
61.961, 60, 16259.645508
61.961, 60, 16260.090820
61.961, 60, 16260.536133
61.961, 60, 16260.980469
61.961, 60, 16261.425781
61.961, 60, 16261.871094
61.961, 60, 16262.315430
61.961, 60, 16262.760742
61.961, 60, 16263.206055
61.961, 60, 16263.651367
61.961, 60, 16264.095703
61.961, 60, 16264.541016
61.961, 60, 16264.986328
61.961, 60, 16265.430664
61.961, 60, 16265.875977
61.961, 60, 16266.321289
61.961, 60, 16266.765625
61.961, 60, 16267.210938
61.961, 60, 16267.656250
61.961, 60, 16268.101562
61.961, 60, 16268.545898
61.961, 60, 16268.991211
61.961, 60, 16269.436523
61.961, 60, 16269.880859
61.961, 60, 16270.326172
61.961, 60, 16270.771484
61.961, 60, 16271.216797
61.961, 60, 16271.661133
61.961, 60, 16272.106445
61.961, 60, 16272.551758
61.961, 60, 16272.996094
61.961, 60, 16273.441406
61.961, 60, 16273.886719
61.961, 60, 16274.332031
61.961, 60, 16274.776367
61.961, 60, 16275.221680
62.056, 60, 16275.666992
62.056, 60, 16276.111328
62.056, 60, 16276.556641
62.056, 60, 16277.001953
62.056, 60, 16277.447266
62.056, 60, 16277.891602
62.056, 60, 16278.336914
62.056, 60, 16278.782227
62.056, 60, 16279.226562
62.056, 60, 16279.671875
62.056, 60, 16280.117188
62.056, 60, 16280.562500
62.056, 60, 16281.006836
62.056, 60, 16281.452148
62.056, 60, 16281.897461
62.056, 60, 16282.341797
62.056, 60, 16282.787109
62.056, 60, 16283.232422
62.056, 60, 16283.677734
62.056, 60, 16284.122070
62.056, 60, 16284.567383
62.056, 60, 16285.012695
62.056, 60, 16285.457031
62.056, 60, 16285.902344
62.056, 60, 16286.347656
62.056, 60, 16286.792969
62.056, 60, 16287.237305
62.056, 60, 16287.682617
62.056, 60, 16288.127930
62.056, 60, 16288.572266
62.056, 60, 16289.017578
62.056, 60, 16289.462891
62.056, 60, 16289.907227
62.056, 60, 16290.352539
62.151, 60, 16290.797852
62.151, 60, 16291.243164
62.151, 60, 16291.687500
62.151, 60, 16292.132812
62.151, 60, 16292.578125
62.151, 60, 16293.022461
62.151, 60, 16293.467773
62.151, 60, 16293.913086
62.151, 60, 16294.358398
62.151, 60, 16294.802734
62.151, 60, 16295.248047
62.151, 60, 16295.693359
62.151, 60, 16296.137695
62.151, 60, 16296.583008
62.151, 60, 16297.028320
62.151, 60, 16297.473633
62.151, 60, 16297.917969
62.151, 60, 16298.363281
62.151, 60, 16298.808594
62.151, 60, 16299.252930
62.151, 60, 16299.698242
62.151, 60, 16300.143555
62.151, 60, 16300.588867
62.151, 60, 16301.033203
62.151, 60, 16301.478516
62.151, 60, 16301.923828
62.151, 60, 16302.368164
62.151, 60, 16302.813477
62.151, 60, 16303.258789
62.151, 60, 16303.704102
62.151, 60, 16304.148438
62.151, 60, 16304.593750
62.151, 60, 16305.039062
62.151, 60, 16305.483398
62.056, 60, 16305.928711
62.056, 60, 16306.374023
62.056, 60, 16306.819336
62.056, 60, 16307.263672
62.056, 60, 16307.708984
62.056, 60, 16308.154297
62.056, 60, 16308.598633
62.056, 60, 16309.043945
62.056, 60, 16309.489258
62.056, 60, 16309.934570
62.056, 60, 16310.378906
62.056, 60, 16310.824219
62.056, 60, 16311.269531
62.056, 60, 16311.713867
62.056, 60, 16312.159180
62.056, 60, 16312.604492
62.056, 60, 16313.048828
62.056, 60, 16313.494141
62.056, 60, 16313.939453
62.056, 60, 16314.384766
62.056, 60, 16314.829102
62.056, 60, 16315.274414
62.056, 60, 16315.719727
62.056, 60, 16316.164062
62.056, 60, 16316.609375
62.056, 60, 16317.054688
62.056, 60, 16317.500000
62.056, 60, 16317.944336
62.056, 60, 16318.389648
62.056, 60, 16318.834961
62.056, 60, 16319.279297
62.056, 60, 16319.724609
62.056, 60, 16320.169922
62.056, 60, 16320.615234
61.979, 60, 16321.059570
61.979, 60, 16321.504883
61.979, 60, 16321.950195
61.979, 60, 16322.394531
61.979, 60, 16322.839844
61.979, 60, 16323.285156
61.979, 60, 16323.730469
61.979, 60, 16324.174805
61.979, 60, 16324.620117
61.979, 60, 16325.065430
61.979, 60, 16325.509766
61.979, 60, 16325.955078
61.979, 60, 16326.400391
61.979, 60, 16326.845703
61.979, 60, 16327.290039
61.979, 60, 16327.735352
61.979, 60, 16328.180664
61.979, 60, 16328.625000
61.979, 60, 16329.070312
61.979, 60, 16329.515625
61.979, 60, 16329.960938
61.979, 60, 16330.405273
61.979, 60, 16330.850586
61.979, 60, 16331.295898
61.979, 60, 16331.740234
61.979, 60, 16332.185547
61.979, 60, 16332.630859
61.979, 60, 16333.076172
61.979, 60, 16333.520508
61.979, 60, 16333.965820
61.979, 60, 16334.411133
61.979, 60, 16334.855469
61.979, 60, 16335.300781
61.979, 60, 16335.746094
61.979, 60, 16336.190430
62.056, 60, 16336.635742
62.056, 60, 16337.081055
62.056, 60, 16337.526367
62.056, 60, 16337.970703
62.056, 60, 16338.416016
62.056, 60, 16338.861328
62.056, 60, 16339.305664
62.056, 60, 16339.750977
62.056, 60, 16340.196289
62.056, 60, 16340.641602
62.056, 60, 16341.085938
62.056, 60, 16341.531250
62.056, 60, 16341.976562
62.056, 60, 16342.420898
62.056, 60, 16342.866211
62.056, 60, 16343.311523
62.056, 60, 16343.756836
62.056, 60, 16344.201172
62.056, 60, 16344.646484
62.056, 60, 16345.091797
62.056, 60, 16345.536133
62.056, 60, 16345.981445
62.056, 60, 16346.426758
62.056, 60, 16346.872070
62.056, 60, 16347.316406
62.056, 60, 16347.761719
62.056, 60, 16348.207031
62.056, 60, 16348.651367
62.056, 60, 16349.096680
62.056, 60, 16349.541992
62.056, 60, 16349.987305
62.056, 60, 16350.431641
62.056, 60, 16350.876953
62.056, 60, 16351.322266
62.056, 60, 16351.766602
62.056, 60, 16352.211914
62.056, 60, 16352.657227
62.056, 60, 16353.102539
62.056, 60, 16353.546875
62.056, 60, 16353.992188
62.056, 60, 16354.437500
62.056, 60, 16354.881836
62.056, 60, 16355.327148
62.056, 60, 16355.772461
62.056, 60, 16356.217773
62.056, 60, 16356.662109
62.056, 60, 16357.107422
62.056, 60, 16357.552734
62.056, 60, 16357.997070
62.056, 60, 16358.442383
62.056, 60, 16358.887695
62.056, 60, 16359.332031
62.056, 60, 16359.777344
62.056, 60, 16360.222656
62.056, 60, 16360.667969
62.056, 60, 16361.112305
62.056, 60, 16361.557617
62.056, 60, 16362.002930
62.056, 60, 16362.447266
62.056, 60, 16362.892578
62.056, 60, 16363.337891
62.056, 60, 16363.783203
62.056, 60, 16364.227539
62.056, 60, 16364.672852
62.056, 60, 16365.118164
62.056, 60, 16365.562500
62.056, 60, 16366.007812
62.056, 60, 16366.453125
62.056, 60, 16366.898438
62.151, 60, 16367.342773
62.151, 60, 16367.788086
62.151, 60, 16368.233398
62.151, 60, 16368.677734
62.151, 60, 16369.123047
62.151, 60, 16369.568359
62.151, 60, 16370.013672
62.151, 60, 16370.458008
62.151, 60, 16370.903320
62.151, 60, 16371.348633
62.151, 60, 16371.792969
62.151, 60, 16372.238281
62.151, 60, 16372.683594
62.151, 60, 16373.128906
62.151, 60, 16373.573242
62.151, 60, 16374.018555
62.151, 60, 16374.463867
62.151, 60, 16374.908203
62.151, 60, 16375.353516
62.151, 60, 16375.798828
62.151, 60, 16376.244141
62.151, 60, 16376.688477
62.151, 60, 16377.133789
62.151, 60, 16377.579102
62.151, 60, 16378.023438
62.151, 60, 16378.468750
62.151, 60, 16378.914062
62.151, 60, 16379.359375
62.151, 60, 16379.803711
62.151, 60, 16380.249023
62.151, 60, 16380.694336
62.151, 60, 16381.138672
62.151, 60, 16381.583984
62.151, 60, 16382.029297
62.151, 60, 16382.473633
62.151, 60, 16382.918945
62.151, 60, 16383.364258
62.151, 60, 16383.809570
62.151, 60, 16384.253906
62.151, 60, 16384.699219
62.151, 60, 16385.144531
62.151, 60, 16385.589844
62.151, 60, 16386.035156
62.151, 60, 16386.478516
62.151, 60, 16386.923828
62.151, 60, 16387.369141
62.151, 60, 16387.814453
62.151, 60, 16388.259766
62.151, 60, 16388.705078
62.151, 60, 16389.150391
62.151, 60, 16389.593750
62.151, 60, 16390.039062
62.151, 60, 16390.484375
62.151, 60, 16390.929688
62.151, 60, 16391.375000
62.151, 60, 16391.820312
62.151, 60, 16392.265625
62.151, 60, 16392.708984
62.151, 60, 16393.154297
62.151, 60, 16393.599609
62.151, 60, 16394.044922
62.151, 60, 16394.490234
62.151, 60, 16394.935547
62.151, 60, 16395.380859
62.151, 60, 16395.824219
62.151, 60, 16396.269531
62.151, 60, 16396.714844
62.151, 60, 16397.160156
62.151, 60, 16397.605469
62.151, 60, 16398.050781
62.151, 60, 16398.496094
62.151, 60, 16398.939453
62.151, 60, 16399.384766
62.151, 60, 16399.830078
62.151, 60, 16400.275391
62.151, 60, 16400.720703
62.151, 60, 16401.166016
62.151, 60, 16401.611328
62.151, 60, 16402.054688
62.151, 60, 16402.500000
62.151, 60, 16402.945312
62.151, 60, 16403.390625
62.151, 60, 16403.835938
62.151, 60, 16404.281250
62.151, 60, 16404.726562
62.151, 60, 16405.169922
62.151, 60, 16405.615234
62.151, 60, 16406.060547
62.151, 60, 16406.505859
62.151, 60, 16406.951172
62.151, 60, 16407.396484
62.151, 60, 16407.841797
62.151, 60, 16408.285156
62.151, 60, 16408.730469
62.151, 60, 16409.175781
62.151, 60, 16409.621094
62.151, 60, 16410.066406
62.151, 60, 16410.511719
62.151, 60, 16410.957031
62.151, 60, 16411.400391
62.151, 60, 16411.845703
62.151, 60, 16412.291016
62.151, 60, 16412.736328
62.151, 60, 16413.181641
62.151, 60, 16413.626953
62.151, 60, 16414.072266
62.151, 60, 16414.515625
62.151, 60, 16414.960938
62.151, 60, 16415.406250
62.151, 60, 16415.851562
62.151, 60, 16416.296875
62.151, 60, 16416.742188
62.151, 60, 16417.187500
62.151, 60, 16417.630859
62.151, 60, 16418.076172
62.151, 60, 16418.521484
62.151, 60, 16418.966797
62.151, 60, 16419.412109
62.151, 60, 16419.857422
62.151, 60, 16420.300781
62.151, 60, 16420.746094
62.151, 60, 16421.191406
62.151, 60, 16421.636719
62.151, 60, 16422.082031
62.151, 60, 16422.527344
62.151, 60, 16422.972656
62.151, 60, 16423.416016
62.151, 60, 16423.861328
62.151, 60, 16424.306641
62.151, 60, 16424.751953
62.151, 60, 16425.197266
62.151, 60, 16425.642578
62.151, 60, 16426.087891
62.151, 60, 16426.531250
62.151, 60, 16426.976562
62.151, 60, 16427.421875
62.151, 60, 16427.867188
62.151, 60, 16428.312500
62.151, 60, 16428.757812
62.247, 60, 16429.203125
62.247, 60, 16429.646484
62.247, 60, 16430.091797
62.247, 60, 16430.537109
62.247, 60, 16430.982422
62.247, 60, 16431.427734
62.247, 60, 16431.873047
62.247, 60, 16432.318359
62.247, 60, 16432.761719
62.247, 60, 16433.207031
62.247, 60, 16433.652344
62.247, 60, 16434.097656
62.247, 60, 16434.542969
62.247, 60, 16434.988281
62.247, 60, 16435.433594
62.247, 60, 16435.876953
62.247, 60, 16436.322266
62.247, 60, 16436.767578
62.247, 60, 16437.212891
62.247, 60, 16437.658203
62.247, 60, 16438.103516
62.247, 60, 16438.548828
62.247, 60, 16438.992188
62.247, 60, 16439.437500
62.247, 60, 16439.882812
62.247, 60, 16440.328125
62.247, 60, 16440.773438
62.247, 60, 16441.218750
62.247, 60, 16441.664062
62.247, 60, 16442.107422
62.247, 60, 16442.552734
62.247, 60, 16442.998047
62.247, 60, 16443.443359
62.247, 60, 16443.888672
62.247, 60, 16444.333984
62.247, 60, 16444.779297
62.247, 60, 16445.222656
62.247, 60, 16445.667969
62.247, 60, 16446.113281
62.247, 60, 16446.558594
62.247, 60, 16447.003906
62.247, 60, 16447.449219
62.247, 60, 16447.894531
62.247, 60, 16448.337891
62.247, 60, 16448.783203
62.247, 60, 16449.228516
62.247, 60, 16449.673828
62.247, 60, 16450.119141
62.247, 60, 16450.564453
62.247, 60, 16451.009766
62.247, 60, 16451.453125
62.247, 60, 16451.898438
62.247, 60, 16452.343750
62.247, 60, 16452.789062
62.247, 60, 16453.234375
62.247, 60, 16453.679688
62.247, 60, 16454.125000
62.247, 60, 16454.568359
62.247, 60, 16455.013672
62.247, 60, 16455.458984
62.247, 60, 16455.904297
62.247, 60, 16456.349609
62.247, 60, 16456.794922
62.247, 60, 16457.240234
62.247, 60, 16457.683594
62.247, 60, 16458.128906
62.247, 60, 16458.574219
62.247, 60, 16459.019531
62.247, 60, 16459.464844
62.342, 60, 16459.910156
62.342, 60, 16460.355469
62.342, 60, 16460.798828
62.342, 60, 16461.244141
62.342, 60, 16461.689453
62.342, 60, 16462.134766
62.342, 60, 16462.580078
62.342, 60, 16463.025391
62.342, 60, 16463.470703
62.342, 60, 16463.914062
62.342, 60, 16464.359375
62.342, 60, 16464.804688
62.342, 60, 16465.250000
62.342, 60, 16465.695312
62.342, 60, 16466.140625
62.342, 60, 16466.583984
62.342, 60, 16467.029297
62.342, 60, 16467.474609
62.342, 60, 16467.919922
62.342, 60, 16468.365234
62.342, 60, 16468.810547
62.342, 60, 16469.255859
62.342, 60, 16469.699219
62.342, 60, 16470.144531
62.342, 60, 16470.589844
62.342, 60, 16471.035156
62.342, 60, 16471.480469
62.342, 60, 16471.925781
62.342, 60, 16472.371094
62.342, 60, 16472.814453
62.342, 60, 16473.259766
62.342, 60, 16473.705078
62.342, 60, 16474.150391
62.342, 60, 16474.595703
62.342, 60, 16475.041016
62.247, 60, 16475.486328
62.247, 60, 16475.929688
62.247, 60, 16476.375000
62.247, 60, 16476.820312
62.247, 60, 16477.265625
62.247, 60, 16477.710938
62.247, 60, 16478.156250
62.247, 60, 16478.601562
62.247, 60, 16479.044922
62.247, 60, 16479.490234
62.247, 60, 16479.935547
62.247, 60, 16480.380859
62.247, 60, 16480.826172
62.247, 60, 16481.271484
62.247, 60, 16481.716797
62.247, 60, 16482.160156
62.247, 60, 16482.605469
62.247, 60, 16483.050781
62.247, 60, 16483.496094
62.247, 60, 16483.941406
62.247, 60, 16484.386719
62.247, 60, 16484.832031
62.247, 60, 16485.275391
62.247, 60, 16485.720703
62.247, 60, 16486.166016
62.247, 60, 16486.611328
62.247, 60, 16487.056641
62.247, 60, 16487.501953
62.247, 60, 16487.947266
62.247, 60, 16488.390625
62.247, 60, 16488.835938
62.247, 60, 16489.281250
62.247, 60, 16489.726562
62.247, 60, 16490.171875
62.151, 60, 16490.617188
62.151, 60, 16491.062500
62.151, 60, 16491.505859
62.151, 60, 16491.951172
62.151, 60, 16492.396484
62.151, 60, 16492.841797
62.151, 60, 16493.287109
62.151, 60, 16493.732422
62.151, 60, 16494.177734
62.151, 60, 16494.621094
62.151, 60, 16495.066406
62.151, 60, 16495.511719
62.151, 60, 16495.957031
62.151, 60, 16496.402344
62.151, 60, 16496.847656
62.151, 60, 16497.292969
62.151, 60, 16497.736328
62.151, 60, 16498.181641
62.151, 60, 16498.626953
62.151, 60, 16499.072266
62.151, 60, 16499.517578
62.151, 60, 16499.962891
62.151, 60, 16500.408203
62.151, 60, 16500.851562
62.151, 60, 16501.296875
62.151, 60, 16501.742188
62.151, 60, 16502.187500
62.151, 60, 16502.632812
62.151, 60, 16503.078125
62.151, 60, 16503.523438
62.151, 60, 16503.966797
62.151, 60, 16504.412109
62.151, 60, 16504.857422
62.151, 60, 16505.302734
62.151, 60, 16505.748047
62.151, 60, 16506.193359
62.151, 60, 16506.638672
62.151, 60, 16507.082031
62.151, 60, 16507.527344
62.151, 60, 16507.972656
62.151, 60, 16508.417969
62.151, 60, 16508.863281
62.151, 60, 16509.308594
62.151, 60, 16509.753906
62.151, 60, 16510.197266
62.151, 60, 16510.642578
62.151, 60, 16511.087891
62.151, 60, 16511.533203
62.151, 60, 16511.978516
62.151, 60, 16512.423828
62.151, 60, 16512.867188
62.151, 60, 16513.312500
62.151, 60, 16513.757812
62.151, 60, 16514.203125
62.151, 60, 16514.648438
62.151, 60, 16515.093750
62.151, 60, 16515.539062
62.151, 60, 16515.982422
62.151, 60, 16516.427734
62.151, 60, 16516.873047
62.151, 60, 16517.318359
62.151, 60, 16517.763672
62.151, 60, 16518.208984
62.151, 60, 16518.654297
62.151, 60, 16519.097656
62.151, 60, 16519.542969
62.151, 60, 16519.988281
62.151, 60, 16520.433594
62.151, 60, 16520.878906
62.151, 60, 16521.324219
62.151, 60, 16521.769531
62.151, 60, 16522.212891
62.151, 60, 16522.658203
62.151, 60, 16523.103516
62.151, 60, 16523.548828
62.151, 60, 16523.994141
62.151, 60, 16524.439453
62.151, 60, 16524.884766
62.151, 60, 16525.328125
62.151, 60, 16525.773438
62.151, 60, 16526.218750
62.151, 60, 16526.664062
62.151, 60, 16527.109375
62.151, 60, 16527.554688
62.151, 60, 16528.000000
62.151, 60, 16528.443359
62.151, 60, 16528.888672
62.151, 60, 16529.333984
62.151, 60, 16529.779297
62.151, 60, 16530.224609
62.151, 60, 16530.669922
62.151, 60, 16531.115234
62.151, 60, 16531.558594
62.151, 60, 16532.003906
62.151, 60, 16532.449219
62.151, 60, 16532.894531
62.151, 60, 16533.339844
62.151, 60, 16533.785156
62.151, 60, 16534.230469
62.151, 60, 16534.673828
62.151, 60, 16535.119141
62.151, 60, 16535.564453
62.151, 60, 16536.009766
62.151, 60, 16536.455078
62.151, 60, 16536.900391
62.151, 60, 16537.345703
62.151, 60, 16537.789062
62.151, 60, 16538.234375
62.151, 60, 16538.679688
62.151, 60, 16539.125000
62.151, 60, 16539.570312
62.151, 60, 16540.015625
62.151, 60, 16540.460938
62.151, 60, 16540.904297
62.151, 60, 16541.349609
62.151, 60, 16541.794922
62.151, 60, 16542.240234
62.151, 60, 16542.685547
62.151, 60, 16543.130859
62.151, 60, 16543.576172
62.151, 60, 16544.019531
62.151, 60, 16544.464844
62.151, 60, 16544.910156
62.151, 60, 16545.355469
62.151, 60, 16545.800781
62.151, 60, 16546.246094
62.151, 60, 16546.691406
62.151, 60, 16547.134766
62.151, 60, 16547.580078
62.151, 60, 16548.025391
62.151, 60, 16548.470703
62.151, 60, 16548.916016
62.151, 60, 16549.361328
62.151, 60, 16549.806641
62.151, 60, 16550.250000
62.151, 60, 16550.695312
62.151, 60, 16551.140625
62.151, 60, 16551.585938
62.151, 60, 16552.031250
62.151, 60, 16552.476562
62.151, 60, 16552.921875
62.151, 60, 16553.365234
62.151, 60, 16553.810547
62.151, 60, 16554.255859
62.151, 60, 16554.701172
62.151, 60, 16555.146484
62.151, 60, 16555.591797
62.151, 60, 16556.037109
62.151, 60, 16556.480469
62.151, 60, 16556.925781
62.151, 60, 16557.371094
62.151, 60, 16557.816406
62.151, 60, 16558.261719
62.151, 60, 16558.707031
62.151, 60, 16559.150391
62.151, 60, 16559.595703
62.151, 60, 16560.041016
62.151, 60, 16560.486328
62.151, 60, 16560.931641
62.151, 60, 16561.376953
62.151, 60, 16561.822266
62.151, 60, 16562.265625
62.151, 60, 16562.710938
62.151, 60, 16563.156250
62.151, 60, 16563.601562
62.151, 60, 16564.046875
62.151, 60, 16564.492188
62.151, 60, 16564.937500
62.151, 60, 16565.380859
62.151, 60, 16565.826172
62.151, 60, 16566.271484
62.151, 60, 16566.716797
62.151, 60, 16567.162109
62.151, 60, 16567.607422
62.151, 60, 16568.052734
62.151, 60, 16568.496094
62.151, 60, 16568.941406
62.151, 60, 16569.386719
62.151, 60, 16569.832031
62.151, 60, 16570.277344
62.151, 60, 16570.722656
62.151, 60, 16571.167969
62.151, 60, 16571.611328
62.151, 60, 16572.056641
62.151, 60, 16572.501953
62.151, 60, 16572.947266
62.151, 60, 16573.392578
62.151, 60, 16573.837891
62.151, 60, 16574.283203
62.151, 60, 16574.726562
62.151, 60, 16575.171875
62.151, 60, 16575.617188
62.151, 60, 16576.062500
62.151, 60, 16576.507812
62.151, 60, 16576.953125
62.151, 60, 16577.398438
62.151, 60, 16577.841797
62.151, 60, 16578.287109
62.151, 60, 16578.732422
62.151, 60, 16579.177734
62.151, 60, 16579.623047
62.151, 60, 16580.068359
62.151, 60, 16580.513672
62.151, 60, 16580.957031
62.151, 60, 16581.402344
62.151, 60, 16581.847656
62.151, 60, 16582.292969
62.151, 60, 16582.738281
62.151, 60, 16583.183594
62.151, 60, 16583.628906
62.151, 60, 16584.072266
62.151, 60, 16584.517578
62.151, 60, 16584.962891
62.151, 60, 16585.408203
62.151, 60, 16585.853516
62.151, 60, 16586.298828
62.151, 60, 16586.744141
62.151, 60, 16587.187500
62.151, 60, 16587.632812
62.151, 60, 16588.078125
62.151, 60, 16588.523438
62.151, 60, 16588.968750
62.151, 60, 16589.414062
62.151, 60, 16589.859375
62.151, 60, 16590.302734
62.151, 60, 16590.748047
62.151, 60, 16591.193359
62.151, 60, 16591.638672
62.151, 60, 16592.083984
62.151, 60, 16592.529297
62.151, 60, 16592.974609
62.151, 60, 16593.417969
62.151, 60, 16593.863281
62.151, 60, 16594.308594
62.151, 60, 16594.753906
62.151, 60, 16595.199219
62.151, 60, 16595.644531
62.151, 60, 16596.089844
62.151, 60, 16596.533203
62.151, 60, 16596.978516
62.151, 60, 16597.423828
62.247, 60, 16597.869141
62.247, 60, 16598.314453
62.247, 60, 16598.759766
62.247, 60, 16599.205078
62.247, 60, 16599.648438
62.247, 60, 16600.093750
62.247, 60, 16600.539062
62.247, 60, 16600.984375
62.247, 60, 16601.429688
62.247, 60, 16601.875000
62.247, 60, 16602.320312
62.247, 60, 16602.763672
62.247, 60, 16603.208984
62.247, 60, 16603.654297
62.247, 60, 16604.099609
62.247, 60, 16604.544922
62.247, 60, 16604.990234
62.247, 60, 16605.433594
62.247, 60, 16605.878906
62.247, 60, 16606.324219
62.247, 60, 16606.769531
62.247, 60, 16607.214844
62.247, 60, 16607.660156
62.247, 60, 16608.105469
62.247, 60, 16608.548828
62.247, 60, 16608.994141
62.247, 60, 16609.439453
62.247, 60, 16609.884766
62.247, 60, 16610.330078
62.247, 60, 16610.775391
62.247, 60, 16611.220703
62.247, 60, 16611.664062
62.247, 60, 16612.109375
62.247, 60, 16612.554688
62.247, 60, 16613.000000
62.247, 60, 16613.445312
62.247, 60, 16613.890625
62.247, 60, 16614.335938
62.247, 60, 16614.779297
62.247, 60, 16615.224609
62.247, 60, 16615.669922
62.247, 60, 16616.115234
62.247, 60, 16616.560547
62.247, 60, 16617.005859
62.247, 60, 16617.451172
62.247, 60, 16617.894531
62.247, 60, 16618.339844
62.247, 60, 16618.785156
62.247, 60, 16619.230469
62.247, 60, 16619.675781
62.247, 60, 16620.121094
62.247, 60, 16620.566406
62.247, 60, 16621.009766
62.247, 60, 16621.455078
62.247, 60, 16621.900391
62.247, 60, 16622.345703
62.247, 60, 16622.791016
62.247, 60, 16623.236328
62.247, 60, 16623.681641
62.247, 60, 16624.125000
62.247, 60, 16624.570312
62.247, 60, 16625.015625
62.247, 60, 16625.460938
62.247, 60, 16625.906250
62.247, 60, 16626.351562
62.247, 60, 16626.796875
62.247, 60, 16627.240234
62.247, 60, 16627.685547
62.247, 60, 16628.130859
62.247, 60, 16628.576172
62.247, 60, 16629.021484
62.247, 60, 16629.466797
62.247, 60, 16629.912109
62.247, 60, 16630.355469
62.247, 60, 16630.800781
62.247, 60, 16631.246094
62.247, 60, 16631.691406
62.247, 60, 16632.136719
62.247, 60, 16632.582031
62.247, 60, 16633.027344
62.247, 60, 16633.470703
62.247, 60, 16633.916016
62.247, 60, 16634.361328
62.247, 60, 16634.806641
62.247, 60, 16635.251953
62.247, 60, 16635.697266
62.247, 60, 16636.142578
62.247, 60, 16636.585938
62.247, 60, 16637.031250
62.247, 60, 16637.476562
62.247, 60, 16637.921875
62.247, 60, 16638.367188
62.247, 60, 16638.812500
62.247, 60, 16639.257812
62.247, 60, 16639.701172
62.247, 60, 16640.146484
62.247, 60, 16640.591797
62.247, 60, 16641.037109
62.247, 60, 16641.482422
62.247, 60, 16641.927734
62.247, 60, 16642.373047
62.247, 60, 16642.816406
62.247, 60, 16643.261719
62.247, 60, 16643.707031
62.247, 60, 16644.152344
62.247, 60, 16644.597656
62.247, 60, 16645.042969
62.247, 60, 16645.488281
62.247, 60, 16645.931641
62.247, 60, 16646.376953
62.247, 60, 16646.822266
62.247, 60, 16647.267578
62.247, 60, 16647.712891
62.247, 60, 16648.158203
62.247, 60, 16648.603516
62.247, 60, 16649.046875
62.247, 60, 16649.492188
62.247, 60, 16649.937500
62.247, 60, 16650.382812
62.247, 60, 16650.828125
62.247, 60, 16651.273438
62.247, 60, 16651.716797
62.247, 60, 16652.162109
62.247, 60, 16652.607422
62.247, 60, 16653.052734
62.247, 60, 16653.498047
62.247, 60, 16653.943359
62.247, 60, 16654.388672
62.247, 60, 16654.832031
62.247, 60, 16655.277344
62.247, 60, 16655.722656
62.247, 60, 16656.167969
62.247, 60, 16656.613281
62.247, 60, 16657.058594
62.247, 60, 16657.503906
62.247, 60, 16657.947266
62.247, 60, 16658.392578
62.247, 60, 16658.837891
62.247, 60, 16659.283203
62.247, 60, 16659.728516
62.247, 60, 16660.173828
62.247, 60, 16660.619141
62.247, 60, 16661.062500
62.247, 60, 16661.507812
62.247, 60, 16661.953125
62.247, 60, 16662.398438
62.247, 60, 16662.843750
62.247, 60, 16663.289062
62.247, 60, 16663.734375
62.247, 60, 16664.177734
62.247, 60, 16664.623047
62.247, 60, 16665.068359
62.247, 60, 16665.513672
62.247, 60, 16665.958984
62.247, 60, 16666.404297
62.247, 60, 16666.849609
62.247, 60, 16667.292969
62.247, 60, 16667.738281
62.247, 60, 16668.183594
62.247, 60, 16668.628906
62.247, 60, 16669.074219
62.247, 60, 16669.519531
62.247, 60, 16669.964844
62.247, 60, 16670.408203
62.247, 60, 16670.853516
62.247, 60, 16671.298828
62.247, 60, 16671.744141
62.247, 60, 16672.189453
62.247, 60, 16672.634766
62.247, 60, 16673.080078
62.247, 60, 16673.523438
62.247, 60, 16673.968750
62.247, 60, 16674.414062
62.247, 60, 16674.859375
62.247, 60, 16675.304688
62.247, 60, 16675.750000
62.247, 60, 16676.195312
62.247, 60, 16676.638672
62.247, 60, 16677.083984
62.247, 60, 16677.529297
62.247, 60, 16677.974609
62.247, 60, 16678.419922
62.247, 60, 16678.865234
62.247, 60, 16679.310547
62.247, 60, 16679.753906
62.247, 60, 16680.199219
62.247, 60, 16680.644531
62.247, 60, 16681.089844
62.247, 60, 16681.535156
62.247, 60, 16681.980469
62.247, 60, 16682.425781
62.247, 60, 16682.869141
62.247, 60, 16683.314453
62.247, 60, 16683.759766
62.247, 60, 16684.205078
62.247, 60, 16684.650391
62.247, 60, 16685.095703
62.247, 60, 16685.541016
62.247, 60, 16685.984375
62.247, 60, 16686.429688
62.247, 60, 16686.875000
62.247, 60, 16687.320312
62.247, 60, 16687.765625
62.247, 60, 16688.210938
62.247, 60, 16688.656250
62.247, 60, 16689.099609
62.247, 60, 16689.544922
62.247, 60, 16689.990234
62.247, 60, 16690.435547
62.247, 60, 16690.880859
62.247, 60, 16691.326172
62.247, 60, 16691.771484
62.247, 60, 16692.214844
62.247, 60, 16692.660156
62.247, 60, 16693.105469
62.247, 60, 16693.550781
62.247, 60, 16693.996094
62.247, 60, 16694.441406
62.247, 60, 16694.886719
62.247, 60, 16695.330078
62.247, 60, 16695.775391
62.247, 60, 16696.220703
62.247, 60, 16696.666016
62.247, 60, 16697.111328
62.247, 60, 16697.556641
62.247, 60, 16698.000000
62.247, 60, 16698.445312
62.247, 60, 16698.890625
62.247, 60, 16699.335938
62.247, 60, 16699.781250
62.247, 60, 16700.226562
62.247, 60, 16700.671875
62.247, 60, 16701.115234
62.247, 60, 16701.560547
62.247, 60, 16702.005859
62.247, 60, 16702.451172
62.247, 60, 16702.896484
62.247, 60, 16703.341797
62.247, 60, 16703.787109
62.247, 60, 16704.230469
62.247, 60, 16704.675781
62.247, 60, 16705.121094
62.247, 60, 16705.566406
62.247, 60, 16706.011719
62.342, 60, 16706.457031
62.342, 60, 16706.902344
62.342, 60, 16707.345703
62.342, 60, 16707.791016
62.342, 60, 16708.236328
62.342, 60, 16708.681641
62.342, 60, 16709.126953
62.342, 60, 16709.572266
62.342, 60, 16710.017578
62.342, 60, 16710.460938
62.342, 60, 16710.906250
62.342, 60, 16711.351562
62.342, 60, 16711.796875
62.342, 60, 16712.242188
62.342, 60, 16712.687500
62.342, 60, 16713.132812
62.342, 60, 16713.576172
62.342, 60, 16714.021484
62.342, 60, 16714.466797
62.342, 60, 16714.912109
62.342, 60, 16715.357422
62.342, 60, 16715.802734
62.342, 60, 16716.248047
62.342, 60, 16716.691406
62.342, 60, 16717.136719
62.342, 60, 16717.582031
62.342, 60, 16718.027344
62.342, 60, 16718.472656
62.342, 60, 16718.917969
62.342, 60, 16719.363281
62.342, 60, 16719.806641
62.342, 60, 16720.251953
62.342, 60, 16720.697266
62.342, 60, 16721.142578
62.342, 60, 16721.587891
62.342, 60, 16722.033203
62.342, 60, 16722.478516
62.342, 60, 16722.921875
62.342, 60, 16723.367188
62.342, 60, 16723.812500
62.342, 60, 16724.257812
62.342, 60, 16724.703125
62.342, 60, 16725.148438
62.342, 60, 16725.593750
62.342, 60, 16726.037109
62.342, 60, 16726.482422
62.342, 60, 16726.927734
62.342, 60, 16727.373047
62.342, 60, 16727.818359
62.342, 60, 16728.263672
62.342, 60, 16728.708984
62.342, 60, 16729.152344
62.342, 60, 16729.597656
62.342, 60, 16730.042969
62.342, 60, 16730.488281
62.342, 60, 16730.933594
62.342, 60, 16731.378906
62.342, 60, 16731.824219
62.342, 60, 16732.267578
62.342, 60, 16732.712891
62.342, 60, 16733.158203
62.342, 60, 16733.603516
62.342, 60, 16734.048828
62.342, 60, 16734.494141
62.342, 60, 16734.939453
62.342, 60, 16735.382812
62.342, 60, 16735.828125
62.342, 60, 16736.273438
62.342, 60, 16736.718750
62.342, 60, 16737.164062
62.342, 60, 16737.609375
62.342, 60, 16738.054688
62.342, 60, 16738.498047
62.342, 60, 16738.943359
62.342, 60, 16739.388672
62.342, 60, 16739.833984
62.342, 60, 16740.279297
62.342, 60, 16740.724609
62.342, 60, 16741.169922
62.342, 60, 16741.613281
62.342, 60, 16742.058594
62.342, 60, 16742.503906
62.342, 60, 16742.949219
62.342, 60, 16743.394531
62.342, 60, 16743.839844
62.342, 60, 16744.283203
62.342, 60, 16744.728516
62.342, 60, 16745.173828
62.342, 60, 16745.619141
62.342, 60, 16746.064453
62.342, 60, 16746.509766
62.342, 60, 16746.955078
62.342, 60, 16747.398438
62.342, 60, 16747.843750
62.342, 60, 16748.289062
62.342, 60, 16748.734375
62.342, 60, 16749.179688
62.342, 60, 16749.625000
62.342, 60, 16750.070312
62.342, 60, 16750.513672
62.342, 60, 16750.958984
62.342, 60, 16751.404297
62.342, 60, 16751.849609
62.342, 60, 16752.294922
62.342, 60, 16752.740234
62.342, 60, 16753.185547
62.436, 60, 16753.628906
62.436, 60, 16754.074219
62.436, 60, 16754.519531
62.436, 60, 16754.964844
62.436, 60, 16755.410156
62.436, 60, 16755.855469
62.436, 60, 16756.300781
62.436, 60, 16756.744141
62.436, 60, 16757.189453
62.436, 60, 16757.634766
62.436, 60, 16758.080078
62.436, 60, 16758.525391
62.436, 60, 16758.970703
62.436, 60, 16759.416016
62.436, 60, 16759.859375
62.436, 60, 16760.304688
62.436, 60, 16760.750000
62.436, 60, 16761.195312
62.436, 60, 16761.640625
62.436, 60, 16762.085938
62.436, 60, 16762.531250
62.436, 60, 16762.974609
62.436, 60, 16763.419922
62.436, 60, 16763.865234
62.436, 60, 16764.310547
62.436, 60, 16764.755859
62.436, 60, 16765.201172
62.436, 60, 16765.646484
62.436, 60, 16766.089844
62.436, 60, 16766.535156
62.436, 60, 16766.980469
62.436, 60, 16767.425781
62.436, 60, 16767.871094
62.436, 60, 16768.316406
62.436, 60, 16768.761719
62.531, 60, 16769.205078
62.531, 60, 16769.650391
62.531, 60, 16770.095703
62.531, 60, 16770.541016
62.531, 60, 16770.986328
62.531, 60, 16771.431641
62.531, 60, 16771.876953
62.531, 60, 16772.320312
62.531, 60, 16772.765625
62.531, 60, 16773.210938
62.531, 60, 16773.656250
62.531, 60, 16774.101562
62.531, 60, 16774.546875
62.531, 60, 16774.992188
62.531, 60, 16775.435547
62.531, 60, 16775.880859
62.531, 60, 16776.326172
62.531, 60, 16776.771484
62.531, 60, 16777.216797
62.531, 60, 16777.662109
62.531, 60, 16778.107422
62.531, 60, 16778.550781
62.531, 60, 16778.996094
62.531, 60, 16779.441406
62.531, 60, 16779.886719
62.531, 60, 16780.332031
62.531, 60, 16780.777344
62.531, 60, 16781.222656
62.531, 60, 16781.666016
62.531, 60, 16782.111328
62.531, 60, 16782.556641
62.531, 60, 16783.001953
62.531, 60, 16783.447266
62.531, 60, 16783.892578
62.531, 60, 16784.337891
62.247, 60, 16784.781250
62.247, 60, 16785.226562
62.247, 60, 16785.671875
62.247, 60, 16786.117188
62.247, 60, 16786.562500
62.247, 60, 16787.007812
62.247, 60, 16787.453125
62.247, 60, 16787.896484
62.247, 60, 16788.341797
62.247, 60, 16788.787109
62.247, 60, 16789.232422
62.247, 60, 16789.677734
62.247, 60, 16790.123047
62.247, 60, 16790.566406
62.247, 60, 16791.011719
62.247, 60, 16791.457031
62.247, 60, 16791.902344
62.247, 60, 16792.347656
62.247, 60, 16792.792969
62.247, 60, 16793.238281
62.247, 60, 16793.681641
62.247, 60, 16794.126953
62.247, 60, 16794.572266
62.247, 60, 16795.017578
62.247, 60, 16795.462891
62.247, 60, 16795.908203
62.247, 60, 16796.353516
62.247, 60, 16796.796875
62.247, 60, 16797.242188
62.247, 60, 16797.687500
62.247, 60, 16798.132812
62.247, 60, 16798.578125
62.247, 60, 16799.023438
62.247, 60, 16799.468750
62.151, 60, 16799.912109
62.151, 60, 16800.357422
62.151, 60, 16800.802734
62.151, 60, 16801.248047
62.151, 60, 16801.693359
62.151, 60, 16802.138672
62.151, 60, 16802.583984
62.151, 60, 16803.027344
62.151, 60, 16803.472656
62.151, 60, 16803.917969
62.151, 60, 16804.363281
62.151, 60, 16804.808594
62.151, 60, 16805.253906
62.151, 60, 16805.699219
62.151, 60, 16806.142578
62.151, 60, 16806.587891
62.151, 60, 16807.033203
62.151, 60, 16807.478516
62.151, 60, 16807.923828
62.151, 60, 16808.369141
62.151, 60, 16808.814453
62.151, 60, 16809.257812
62.151, 60, 16809.703125
62.151, 60, 16810.148438
62.151, 60, 16810.593750
62.151, 60, 16811.039062
62.151, 60, 16811.484375
62.151, 60, 16811.929688
62.151, 60, 16812.373047
62.151, 60, 16812.818359
62.151, 60, 16813.263672
62.151, 60, 16813.708984
62.151, 60, 16814.154297
62.151, 60, 16814.599609
62.056, 60, 16815.044922
62.056, 60, 16815.488281
62.056, 60, 16815.933594
62.056, 60, 16816.378906
62.056, 60, 16816.824219
62.056, 60, 16817.269531
62.056, 60, 16817.714844
62.056, 60, 16818.160156
62.056, 60, 16818.603516
62.056, 60, 16819.048828
62.056, 60, 16819.494141
62.056, 60, 16819.939453
62.056, 60, 16820.384766
62.056, 60, 16820.830078
62.056, 60, 16821.275391
62.056, 60, 16821.718750
62.056, 60, 16822.164062
62.056, 60, 16822.609375
62.056, 60, 16823.054688
62.056, 60, 16823.500000
62.056, 60, 16823.945312
62.056, 60, 16824.390625
62.056, 60, 16824.833984
62.056, 60, 16825.279297
62.056, 60, 16825.724609
62.056, 60, 16826.169922
62.056, 60, 16826.615234
62.056, 60, 16827.060547
62.056, 60, 16827.505859
62.056, 60, 16827.949219
62.056, 60, 16828.394531
62.056, 60, 16828.839844
62.056, 60, 16829.285156
61.961, 60, 16829.730469
61.961, 60, 16830.175781
61.961, 60, 16830.621094
61.961, 60, 16831.064453
61.961, 60, 16831.509766
61.961, 60, 16831.955078
61.961, 60, 16832.400391
61.961, 60, 16832.845703
61.961, 60, 16833.291016
61.961, 60, 16833.736328
61.961, 60, 16834.179688
61.961, 60, 16834.625000
61.961, 60, 16835.070312
61.961, 60, 16835.515625
61.961, 60, 16835.960938
61.961, 60, 16836.406250
61.961, 60, 16836.849609
61.961, 60, 16837.294922
61.961, 60, 16837.740234
61.961, 60, 16838.185547
61.961, 60, 16838.630859
61.961, 60, 16839.076172
61.961, 60, 16839.521484
61.961, 60, 16839.964844
61.961, 60, 16840.410156
61.961, 60, 16840.855469
61.961, 60, 16841.300781
61.961, 60, 16841.746094
61.961, 60, 16842.191406
61.961, 60, 16842.636719
61.961, 60, 16843.080078
61.961, 60, 16843.525391
61.961, 60, 16843.970703
61.961, 60, 16844.416016
61.961, 60, 16844.861328
61.961, 60, 16845.306641
61.961, 60, 16845.751953
61.961, 60, 16846.195312
61.961, 60, 16846.640625
61.961, 60, 16847.085938
61.961, 60, 16847.531250
61.961, 60, 16847.976562
61.961, 60, 16848.421875
61.961, 60, 16848.867188
61.961, 60, 16849.310547
61.961, 60, 16849.755859
61.961, 60, 16850.201172
61.961, 60, 16850.646484
61.961, 60, 16851.091797
61.961, 60, 16851.537109
61.961, 60, 16851.982422
61.961, 60, 16852.425781
61.961, 60, 16852.871094
61.961, 60, 16853.316406
61.961, 60, 16853.761719
61.961, 60, 16854.207031
61.961, 60, 16854.652344
61.961, 60, 16855.097656
61.961, 60, 16855.541016
61.961, 60, 16855.986328
61.961, 60, 16856.431641
61.961, 60, 16856.876953
61.961, 60, 16857.322266
61.961, 60, 16857.767578
61.961, 60, 16858.212891
61.961, 60, 16858.656250
61.961, 60, 16859.101562
61.961, 60, 16859.546875
61.961, 60, 16859.992188
61.961, 60, 16860.437500
61.961, 60, 16860.882812
61.961, 60, 16861.328125
61.961, 60, 16861.771484
61.961, 60, 16862.216797
61.961, 60, 16862.662109
61.961, 60, 16863.107422
61.961, 60, 16863.552734
61.961, 60, 16863.998047
61.961, 60, 16864.443359
61.961, 60, 16864.886719
61.961, 60, 16865.332031
61.961, 60, 16865.777344
61.961, 60, 16866.222656
61.961, 60, 16866.667969
61.961, 60, 16867.113281
61.961, 60, 16867.558594
61.961, 60, 16868.001953
61.961, 60, 16868.447266
61.961, 60, 16868.892578
61.961, 60, 16869.337891
61.961, 60, 16869.783203
61.961, 60, 16870.228516
61.961, 60, 16870.673828
61.961, 60, 16871.117188
61.961, 60, 16871.562500
61.961, 60, 16872.007812
61.961, 60, 16872.453125
61.961, 60, 16872.898438
61.961, 60, 16873.343750
61.961, 60, 16873.789062
61.961, 60, 16874.232422
61.961, 60, 16874.677734
61.961, 60, 16875.123047
61.961, 60, 16875.568359
61.961, 60, 16876.013672
61.961, 60, 16876.458984
61.961, 60, 16876.904297
61.961, 60, 16877.347656
61.961, 60, 16877.792969
61.961, 60, 16878.238281
61.961, 60, 16878.683594
61.961, 60, 16879.128906
61.961, 60, 16879.574219
61.961, 60, 16880.019531
61.961, 60, 16880.462891
61.961, 60, 16880.908203
61.961, 60, 16881.353516
61.961, 60, 16881.798828
61.961, 60, 16882.244141
61.961, 60, 16882.689453
61.961, 60, 16883.132812
61.961, 60, 16883.578125
61.961, 60, 16884.023438
61.961, 60, 16884.468750
61.961, 60, 16884.914062
61.961, 60, 16885.359375
61.961, 60, 16885.804688
61.961, 60, 16886.248047
61.961, 60, 16886.693359
61.961, 60, 16887.138672
61.961, 60, 16887.583984
61.961, 60, 16888.029297
61.961, 60, 16888.474609
61.961, 60, 16888.919922
61.961, 60, 16889.363281
61.961, 60, 16889.808594
61.961, 60, 16890.253906
61.961, 60, 16890.699219
61.961, 60, 16891.144531
61.961, 60, 16891.589844
61.961, 60, 16892.035156
61.961, 60, 16892.478516
61.961, 60, 16892.923828
61.961, 60, 16893.369141
61.961, 60, 16893.814453
61.961, 60, 16894.259766
61.961, 60, 16894.705078
61.961, 60, 16895.150391
61.961, 60, 16895.593750
61.961, 60, 16896.039062
61.961, 60, 16896.484375
61.961, 60, 16896.929688
61.961, 60, 16897.375000
61.961, 60, 16897.820312
61.961, 60, 16898.265625
61.961, 60, 16898.708984
61.961, 60, 16899.154297
61.961, 60, 16899.599609
61.961, 60, 16900.044922
61.961, 60, 16900.490234
61.961, 60, 16900.935547
61.961, 60, 16901.380859
61.961, 60, 16901.824219
61.961, 60, 16902.269531
61.961, 60, 16902.714844
61.961, 60, 16903.160156
61.961, 60, 16903.605469
61.961, 60, 16904.050781
61.961, 60, 16904.496094
61.961, 60, 16904.939453
61.961, 60, 16905.384766
61.961, 60, 16905.830078
61.961, 60, 16906.275391
61.961, 60, 16906.720703
61.961, 60, 16907.166016
61.961, 60, 16907.611328
61.961, 60, 16908.054688
61.961, 60, 16908.500000
61.961, 60, 16908.945312
61.961, 60, 16909.390625
61.961, 60, 16909.835938
61.961, 60, 16910.281250
61.961, 60, 16910.726562
61.961, 60, 16911.169922
61.961, 60, 16911.615234
61.961, 60, 16912.060547
61.961, 60, 16912.505859
61.961, 60, 16912.951172
61.961, 60, 16913.396484
61.961, 60, 16913.841797
61.961, 60, 16914.285156
61.961, 60, 16914.730469
61.961, 60, 16915.175781
61.961, 60, 16915.621094
61.961, 60, 16916.066406
61.961, 60, 16916.511719
61.961, 60, 16916.957031
61.961, 60, 16917.400391
61.961, 60, 16917.845703
61.961, 60, 16918.291016
61.961, 60, 16918.736328
61.961, 60, 16919.181641
61.961, 60, 16919.626953
61.961, 60, 16920.072266
61.961, 60, 16920.515625
61.961, 60, 16920.960938
61.961, 60, 16921.406250
62.151, 60, 16921.851562
62.151, 60, 16922.296875
62.151, 60, 16922.742188
62.151, 60, 16923.187500
62.151, 60, 16923.630859
62.151, 60, 16924.076172
62.151, 60, 16924.521484
62.151, 60, 16924.966797
62.151, 60, 16925.412109
62.151, 60, 16925.857422
62.151, 60, 16926.302734
62.151, 60, 16926.746094
62.151, 60, 16927.191406
62.151, 60, 16927.636719
62.151, 60, 16928.082031
62.151, 60, 16928.527344
62.151, 60, 16928.972656
62.151, 60, 16929.416016
62.151, 60, 16929.861328
62.151, 60, 16930.306641
62.151, 60, 16930.751953
62.151, 60, 16931.197266
62.151, 60, 16931.642578
62.151, 60, 16932.087891
62.151, 60, 16932.531250
62.151, 60, 16932.976562
62.151, 60, 16933.421875
62.151, 60, 16933.867188
62.151, 60, 16934.312500
62.151, 60, 16934.757812
62.151, 60, 16935.203125
62.151, 60, 16935.646484
62.151, 60, 16936.091797
62.151, 60, 16936.537109
62.151, 60, 16936.982422
62.151, 60, 16937.427734
62.151, 60, 16937.873047
62.151, 60, 16938.318359
62.151, 60, 16938.761719
62.151, 60, 16939.207031
62.151, 60, 16939.652344
62.151, 60, 16940.097656
62.151, 60, 16940.542969
62.151, 60, 16940.988281
62.151, 60, 16941.433594
62.151, 60, 16941.876953
62.151, 60, 16942.322266
62.151, 60, 16942.767578
62.151, 60, 16943.212891
62.151, 60, 16943.658203
62.151, 60, 16944.103516
62.151, 60, 16944.548828
62.151, 60, 16944.992188
62.151, 60, 16945.437500
62.151, 60, 16945.882812
62.151, 60, 16946.328125
62.151, 60, 16946.773438
62.151, 60, 16947.218750
62.151, 60, 16947.664062
62.151, 60, 16948.107422
62.151, 60, 16948.552734
62.151, 60, 16948.998047
62.151, 60, 16949.443359
62.151, 60, 16949.888672
62.151, 60, 16950.333984
62.151, 60, 16950.779297
62.151, 60, 16951.222656
62.151, 60, 16951.667969
62.151, 60, 16952.113281
62.151, 60, 16952.558594
62.151, 60, 16953.003906
62.151, 60, 16953.449219
62.151, 60, 16953.894531
62.151, 60, 16954.337891
62.151, 60, 16954.783203
62.151, 60, 16955.228516
62.151, 60, 16955.673828
62.151, 60, 16956.119141
62.151, 60, 16956.564453
62.151, 60, 16957.009766
62.151, 60, 16957.453125
62.151, 60, 16957.898438
62.151, 60, 16958.343750
62.151, 60, 16958.789062
62.151, 60, 16959.234375
62.151, 60, 16959.679688
62.151, 60, 16960.125000
62.151, 60, 16960.568359
62.151, 60, 16961.013672
62.151, 60, 16961.458984
62.151, 60, 16961.904297
62.151, 60, 16962.349609
62.151, 60, 16962.794922
62.151, 60, 16963.240234
62.151, 60, 16963.683594
62.151, 60, 16964.128906
62.151, 60, 16964.574219
62.151, 60, 16965.019531
62.151, 60, 16965.464844
62.151, 60, 16965.910156
62.151, 60, 16966.355469
62.151, 60, 16966.798828
62.151, 60, 16967.244141
62.151, 60, 16967.689453
62.151, 60, 16968.134766
61.961, 60, 16968.580078
61.961, 60, 16969.025391
61.961, 60, 16969.470703
61.961, 60, 16969.914062
61.961, 60, 16970.359375
61.961, 60, 16970.804688
61.961, 60, 16971.250000
61.961, 60, 16971.695312
61.961, 60, 16972.140625
61.961, 60, 16972.585938
61.961, 60, 16973.029297
61.961, 60, 16973.474609
61.961, 60, 16973.919922
61.961, 60, 16974.365234
61.961, 60, 16974.810547
61.961, 60, 16975.255859
61.961, 60, 16975.699219
61.961, 60, 16976.144531
61.961, 60, 16976.589844
61.961, 60, 16977.035156
61.961, 60, 16977.480469
61.961, 60, 16977.925781
61.961, 60, 16978.371094
61.961, 60, 16978.814453
61.961, 60, 16979.259766
61.961, 60, 16979.705078
61.961, 60, 16980.150391
61.961, 60, 16980.595703
61.961, 60, 16981.041016
61.961, 60, 16981.486328
61.961, 60, 16981.929688
61.961, 60, 16982.375000
61.961, 60, 16982.820312
61.961, 60, 16983.265625
61.961, 60, 16983.710938
61.961, 60, 16984.156250
61.961, 60, 16984.601562
61.961, 60, 16985.044922
61.961, 60, 16985.490234
61.961, 60, 16985.935547
61.961, 60, 16986.380859
61.961, 60, 16986.826172
61.961, 60, 16987.271484
61.961, 60, 16987.716797
61.961, 60, 16988.160156
61.961, 60, 16988.605469
61.961, 60, 16989.050781
61.961, 60, 16989.496094
61.961, 60, 16989.941406
61.961, 60, 16990.386719
61.961, 60, 16990.832031
61.961, 60, 16991.275391
61.961, 60, 16991.720703
61.961, 60, 16992.166016
61.961, 60, 16992.611328
61.961, 60, 16993.056641
61.961, 60, 16993.501953
61.961, 60, 16993.947266
61.961, 60, 16994.390625
61.961, 60, 16994.835938
61.961, 60, 16995.281250
61.961, 60, 16995.726562
61.961, 60, 16996.171875
61.961, 60, 16996.617188
61.961, 60, 16997.062500
61.961, 60, 16997.505859
61.961, 60, 16997.951172
62.151, 60, 16998.396484
62.151, 60, 16998.841797
62.151, 60, 16999.287109
62.151, 60, 16999.732422
62.151, 60, 17000.177734
62.151, 60, 17000.621094
62.151, 60, 17001.066406
62.151, 60, 17001.511719
62.151, 60, 17001.957031
62.151, 60, 17002.402344
62.151, 60, 17002.847656
62.151, 60, 17003.292969
62.151, 60, 17003.736328
62.151, 60, 17004.181641
62.151, 60, 17004.626953
62.151, 60, 17005.072266
62.151, 60, 17005.517578
62.151, 60, 17005.962891
62.151, 60, 17006.408203
62.151, 60, 17006.851562
62.151, 60, 17007.296875
62.151, 60, 17007.742188
62.151, 60, 17008.187500
62.151, 60, 17008.632812
62.151, 60, 17009.078125
62.151, 60, 17009.523438
62.151, 60, 17009.966797
62.151, 60, 17010.412109
62.151, 60, 17010.857422
62.151, 60, 17011.302734
62.151, 60, 17011.748047
62.151, 60, 17012.193359
62.151, 60, 17012.638672
62.151, 60, 17013.082031
62.151, 60, 17013.527344
62.151, 60, 17013.972656
62.151, 60, 17014.417969
62.151, 60, 17014.863281
62.151, 60, 17015.308594
62.151, 60, 17015.753906
62.151, 60, 17016.197266
62.151, 60, 17016.642578
62.151, 60, 17017.087891
62.151, 60, 17017.533203
62.151, 60, 17017.978516
62.151, 60, 17018.423828
62.151, 60, 17018.869141
62.151, 60, 17019.312500
62.151, 60, 17019.757812
62.151, 60, 17020.203125
62.151, 60, 17020.648438
62.151, 60, 17021.093750
62.151, 60, 17021.539062
62.151, 60, 17021.982422
62.151, 60, 17022.427734
62.151, 60, 17022.873047
62.151, 60, 17023.318359
62.151, 60, 17023.763672
62.151, 60, 17024.208984
62.151, 60, 17024.654297
62.151, 60, 17025.097656
62.151, 60, 17025.542969
62.151, 60, 17025.988281
62.151, 60, 17026.433594
62.151, 60, 17026.878906
62.151, 60, 17027.324219
62.151, 60, 17027.769531
62.151, 60, 17028.212891
62.151, 60, 17028.658203
62.151, 60, 17029.103516
62.151, 60, 17029.548828
62.151, 60, 17029.994141
62.151, 60, 17030.439453
62.151, 60, 17030.884766
62.151, 60, 17031.328125
62.151, 60, 17031.773438
62.151, 60, 17032.218750
62.151, 60, 17032.664062
62.151, 60, 17033.109375
62.151, 60, 17033.554688
62.151, 60, 17034.000000
62.151, 60, 17034.443359
62.151, 60, 17034.888672
62.151, 60, 17035.333984
62.151, 60, 17035.779297
62.151, 60, 17036.224609
62.151, 60, 17036.669922
62.151, 60, 17037.115234
62.151, 60, 17037.558594
62.151, 60, 17038.003906
62.151, 60, 17038.449219
62.151, 60, 17038.894531
62.151, 60, 17039.339844
62.151, 60, 17039.785156
62.151, 60, 17040.230469
62.151, 60, 17040.673828
62.151, 60, 17041.119141
62.151, 60, 17041.564453
62.151, 60, 17042.009766
62.151, 60, 17042.455078
62.151, 60, 17042.900391
62.151, 60, 17043.345703
62.151, 60, 17043.789062
62.151, 60, 17044.234375
62.151, 60, 17044.679688
62.151, 60, 17045.125000
62.151, 60, 17045.570312
62.151, 60, 17046.015625
62.151, 60, 17046.460938
62.151, 60, 17046.904297
62.151, 60, 17047.349609
62.151, 60, 17047.794922
62.151, 60, 17048.240234
62.151, 60, 17048.685547
62.151, 60, 17049.130859
62.151, 60, 17049.576172
62.151, 60, 17050.019531
62.151, 60, 17050.464844
62.151, 60, 17050.910156
62.151, 60, 17051.355469
62.151, 60, 17051.800781
62.151, 60, 17052.246094
62.151, 60, 17052.691406
62.151, 60, 17053.134766
62.151, 60, 17053.580078
62.151, 60, 17054.025391
62.151, 60, 17054.470703
62.151, 60, 17054.916016
62.151, 60, 17055.361328
62.151, 60, 17055.806641
62.151, 60, 17056.250000
62.151, 60, 17056.695312
62.151, 60, 17057.140625
62.151, 60, 17057.585938
62.151, 60, 17058.031250
62.151, 60, 17058.476562
62.151, 60, 17058.921875
62.151, 60, 17059.365234
62.151, 60, 17059.810547
62.151, 60, 17060.255859
62.151, 60, 17060.701172
62.151, 60, 17061.146484
62.151, 60, 17061.591797
62.151, 60, 17062.037109
62.151, 60, 17062.480469
62.151, 60, 17062.925781
62.151, 60, 17063.371094
62.151, 60, 17063.816406
62.151, 60, 17064.261719
62.151, 60, 17064.707031
62.151, 60, 17065.152344
62.151, 60, 17065.595703
62.151, 60, 17066.041016
62.151, 60, 17066.486328
62.151, 60, 17066.931641
62.151, 60, 17067.376953
62.151, 60, 17067.822266
62.151, 60, 17068.265625
62.151, 60, 17068.710938
62.151, 60, 17069.156250
62.151, 60, 17069.601562
62.151, 60, 17070.046875
62.151, 60, 17070.492188
62.151, 60, 17070.937500
62.151, 60, 17071.380859
62.151, 60, 17071.826172
62.151, 60, 17072.271484
62.151, 60, 17072.716797
62.151, 60, 17073.162109
62.151, 60, 17073.607422
62.151, 60, 17074.052734
62.151, 60, 17074.496094
62.151, 60, 17074.941406
62.151, 60, 17075.386719
62.151, 60, 17075.832031
62.247, 60, 17076.277344
62.247, 60, 17076.722656
62.247, 60, 17077.167969
62.247, 60, 17077.611328
62.247, 60, 17078.056641
62.247, 60, 17078.501953
62.247, 60, 17078.947266
62.247, 60, 17079.392578
62.247, 60, 17079.837891
62.247, 60, 17080.283203
62.247, 60, 17080.726562
62.247, 60, 17081.171875
62.247, 60, 17081.617188
62.247, 60, 17082.062500
62.247, 60, 17082.507812
62.247, 60, 17082.953125
62.247, 60, 17083.398438
62.247, 60, 17083.841797
62.247, 60, 17084.287109
62.247, 60, 17084.732422
62.247, 60, 17085.177734
62.247, 60, 17085.623047
62.247, 60, 17086.068359
62.247, 60, 17086.513672
62.247, 60, 17086.957031
62.247, 60, 17087.402344
62.247, 60, 17087.847656
62.247, 60, 17088.292969
62.247, 60, 17088.738281
62.247, 60, 17089.183594
62.247, 60, 17089.628906
62.247, 60, 17090.072266
62.247, 60, 17090.517578
62.247, 60, 17090.962891
62.247, 60, 17091.408203
62.247, 60, 17091.853516
62.247, 60, 17092.298828
62.247, 60, 17092.744141
62.247, 60, 17093.187500
62.247, 60, 17093.632812
62.247, 60, 17094.078125
62.247, 60, 17094.523438
62.247, 60, 17094.968750
62.247, 60, 17095.414062
62.247, 60, 17095.859375
62.247, 60, 17096.302734
62.247, 60, 17096.748047
62.247, 60, 17097.193359
62.247, 60, 17097.638672
62.247, 60, 17098.083984
62.247, 60, 17098.529297
62.247, 60, 17098.974609
62.247, 60, 17099.417969
62.247, 60, 17099.863281
62.247, 60, 17100.308594
62.247, 60, 17100.753906
62.247, 60, 17101.199219
62.247, 60, 17101.644531
62.247, 60, 17102.089844
62.247, 60, 17102.533203
62.247, 60, 17102.978516
62.247, 60, 17103.423828
62.247, 60, 17103.869141
62.247, 60, 17104.314453
62.247, 60, 17104.759766
62.247, 60, 17105.205078
62.247, 60, 17105.648438
62.247, 60, 17106.093750
62.342, 60, 17106.539062
62.342, 60, 17106.984375
62.342, 60, 17107.429688
62.342, 60, 17107.875000
62.342, 60, 17108.320312
62.342, 60, 17108.763672
62.342, 60, 17109.208984
62.342, 60, 17109.654297
62.342, 60, 17110.099609
62.342, 60, 17110.544922
62.342, 60, 17110.990234
62.342, 60, 17111.435547
62.342, 60, 17111.878906
62.342, 60, 17112.324219
62.342, 60, 17112.769531
62.342, 60, 17113.214844
62.342, 60, 17113.660156
62.342, 60, 17114.105469
62.342, 60, 17114.548828
62.342, 60, 17114.994141
62.342, 60, 17115.439453
62.342, 60, 17115.884766
62.342, 60, 17116.330078
62.342, 60, 17116.775391
62.342, 60, 17117.220703
62.342, 60, 17117.664062
62.342, 60, 17118.109375
62.342, 60, 17118.554688
62.342, 60, 17119.000000
62.342, 60, 17119.445312
62.342, 60, 17119.890625
62.342, 60, 17120.335938
62.342, 60, 17120.779297
62.342, 60, 17121.224609
62.342, 60, 17121.669922
62.247, 60, 17122.115234
62.247, 60, 17122.560547
62.247, 60, 17123.005859
62.247, 60, 17123.451172
62.247, 60, 17123.894531
62.247, 60, 17124.339844
62.247, 60, 17124.785156
62.247, 60, 17125.230469
62.247, 60, 17125.675781
62.247, 60, 17126.121094
62.247, 60, 17126.566406
62.247, 60, 17127.009766
62.247, 60, 17127.455078
62.247, 60, 17127.900391
62.247, 60, 17128.345703
62.247, 60, 17128.791016
62.247, 60, 17129.236328
62.247, 60, 17129.681641
62.247, 60, 17130.125000
62.247, 60, 17130.570312
62.247, 60, 17131.015625
62.247, 60, 17131.460938
62.247, 60, 17131.906250
62.247, 60, 17132.351562
62.247, 60, 17132.796875
62.247, 60, 17133.240234
62.247, 60, 17133.685547
62.247, 60, 17134.130859
62.247, 60, 17134.576172
62.247, 60, 17135.021484
62.247, 60, 17135.466797
62.247, 60, 17135.912109
62.247, 60, 17136.355469
62.247, 60, 17136.800781
62.151, 60, 17137.246094
62.151, 60, 17137.691406
62.151, 60, 17138.136719
62.151, 60, 17138.582031
62.151, 60, 17139.027344
62.151, 60, 17139.470703
62.151, 60, 17139.916016
62.151, 60, 17140.361328
62.151, 60, 17140.806641
62.151, 60, 17141.251953
62.151, 60, 17141.697266
62.151, 60, 17142.142578
62.151, 60, 17142.585938
62.151, 60, 17143.031250
62.151, 60, 17143.476562
62.151, 60, 17143.921875
62.151, 60, 17144.367188
62.151, 60, 17144.812500
62.151, 60, 17145.257812
62.151, 60, 17145.701172
62.151, 60, 17146.146484
62.151, 60, 17146.591797
62.151, 60, 17147.037109
62.151, 60, 17147.482422
62.151, 60, 17147.927734
62.151, 60, 17148.373047
62.151, 60, 17148.816406
62.151, 60, 17149.261719
62.151, 60, 17149.707031
62.151, 60, 17150.152344
62.151, 60, 17150.597656
62.151, 60, 17151.042969
62.151, 60, 17151.488281
62.151, 60, 17151.931641
62.151, 60, 17152.376953
62.151, 60, 17152.822266
62.151, 60, 17153.267578
62.151, 60, 17153.712891
62.151, 60, 17154.158203
62.151, 60, 17154.603516
62.151, 60, 17155.046875
62.151, 60, 17155.492188
62.151, 60, 17155.937500
62.151, 60, 17156.382812
62.151, 60, 17156.828125
62.151, 60, 17157.273438
62.151, 60, 17157.718750
62.151, 60, 17158.162109
62.151, 60, 17158.607422
62.151, 60, 17159.052734
62.151, 60, 17159.498047
62.151, 60, 17159.943359
62.151, 60, 17160.388672
62.151, 60, 17160.832031
62.151, 60, 17161.277344
62.151, 60, 17161.722656
62.151, 60, 17162.167969
62.151, 60, 17162.613281
62.151, 60, 17163.058594
62.151, 60, 17163.503906
62.151, 60, 17163.947266
62.151, 60, 17164.392578
62.151, 60, 17164.837891
62.151, 60, 17165.283203
62.151, 60, 17165.728516
62.151, 60, 17166.173828
62.151, 60, 17166.619141
62.151, 60, 17167.062500
62.151, 60, 17167.507812
62.151, 60, 17167.953125
62.151, 60, 17168.398438
62.151, 60, 17168.843750
62.151, 60, 17169.289062
62.151, 60, 17169.734375
62.151, 60, 17170.177734
62.151, 60, 17170.623047
62.151, 60, 17171.068359
62.151, 60, 17171.513672
62.151, 60, 17171.958984
62.151, 60, 17172.404297
62.151, 60, 17172.849609
62.151, 60, 17173.292969
62.151, 60, 17173.738281
62.151, 60, 17174.183594
62.151, 60, 17174.628906
62.151, 60, 17175.074219
62.151, 60, 17175.519531
62.151, 60, 17175.964844
62.151, 60, 17176.408203
62.151, 60, 17176.853516
62.151, 60, 17177.298828
62.151, 60, 17177.744141
62.151, 60, 17178.189453
62.151, 60, 17178.634766
62.151, 60, 17179.080078
62.151, 60, 17179.523438
62.151, 60, 17179.968750
62.151, 60, 17180.414062
62.151, 60, 17180.859375
62.151, 60, 17181.304688
62.151, 60, 17181.750000
62.151, 60, 17182.195312
62.151, 60, 17182.638672
62.151, 60, 17183.083984
62.151, 60, 17183.529297
62.151, 60, 17183.974609
62.151, 60, 17184.419922
62.151, 60, 17184.865234
62.151, 60, 17185.310547
62.151, 60, 17185.753906
62.151, 60, 17186.199219
62.151, 60, 17186.644531
62.151, 60, 17187.089844
62.151, 60, 17187.535156
62.151, 60, 17187.980469
62.151, 60, 17188.425781
62.151, 60, 17188.869141
62.151, 60, 17189.314453
62.151, 60, 17189.759766
62.151, 60, 17190.205078
62.151, 60, 17190.650391
62.151, 60, 17191.095703
62.151, 60, 17191.541016
62.151, 60, 17191.984375
62.151, 60, 17192.429688
62.151, 60, 17192.875000
62.151, 60, 17193.320312
62.151, 60, 17193.765625
62.151, 60, 17194.210938
62.151, 60, 17194.656250
62.151, 60, 17195.099609
62.151, 60, 17195.544922
62.151, 60, 17195.990234
62.151, 60, 17196.435547
62.151, 60, 17196.880859
62.151, 60, 17197.326172
62.151, 60, 17197.771484
62.151, 60, 17198.214844
62.151, 60, 17198.660156
62.151, 60, 17199.105469
62.151, 60, 17199.550781
62.151, 60, 17199.996094
62.151, 60, 17200.441406
62.151, 60, 17200.886719
62.151, 60, 17201.330078
62.151, 60, 17201.775391
62.151, 60, 17202.220703
62.151, 60, 17202.666016
62.151, 60, 17203.111328
62.151, 60, 17203.556641
62.151, 60, 17204.001953
62.151, 60, 17204.445312
62.151, 60, 17204.890625
62.151, 60, 17205.335938
62.151, 60, 17205.781250
62.151, 60, 17206.226562
62.151, 60, 17206.671875
62.151, 60, 17207.115234
62.151, 60, 17207.560547
62.151, 60, 17208.005859
62.151, 60, 17208.451172
62.151, 60, 17208.896484
62.151, 60, 17209.341797
62.151, 60, 17209.787109
62.151, 60, 17210.230469
62.151, 60, 17210.675781
62.151, 60, 17211.121094
62.151, 60, 17211.566406
62.151, 60, 17212.011719
62.151, 60, 17212.457031
62.151, 60, 17212.902344
62.247, 60, 17213.345703
62.247, 60, 17213.791016
62.247, 60, 17214.236328
62.247, 60, 17214.681641
62.247, 60, 17215.126953
62.247, 60, 17215.572266
62.247, 60, 17216.017578
62.247, 60, 17216.460938
62.247, 60, 17216.906250
62.247, 60, 17217.351562
62.247, 60, 17217.796875
62.247, 60, 17218.242188
62.247, 60, 17218.687500
62.247, 60, 17219.132812
62.247, 60, 17219.576172
62.247, 60, 17220.021484
62.247, 60, 17220.466797
62.247, 60, 17220.912109
62.247, 60, 17221.357422
62.247, 60, 17221.802734
62.247, 60, 17222.248047
62.247, 60, 17222.691406
62.247, 60, 17223.136719
62.247, 60, 17223.582031
62.247, 60, 17224.027344
62.247, 60, 17224.472656
62.247, 60, 17224.917969
62.247, 60, 17225.363281
62.247, 60, 17225.806641
62.247, 60, 17226.251953
62.247, 60, 17226.697266
62.247, 60, 17227.142578
62.247, 60, 17227.587891
62.247, 60, 17228.033203
62.247, 60, 17228.478516
62.247, 60, 17228.921875
62.247, 60, 17229.367188
62.247, 60, 17229.812500
62.247, 60, 17230.257812
62.247, 60, 17230.703125
62.247, 60, 17231.148438
62.247, 60, 17231.593750
62.247, 60, 17232.037109
62.247, 60, 17232.482422
62.247, 60, 17232.927734
62.247, 60, 17233.373047
62.247, 60, 17233.818359
62.247, 60, 17234.263672
62.247, 60, 17234.708984
62.247, 60, 17235.152344
62.247, 60, 17235.597656
62.247, 60, 17236.042969
62.247, 60, 17236.488281
62.247, 60, 17236.933594
62.247, 60, 17237.378906
62.247, 60, 17237.824219
62.247, 60, 17238.267578
62.247, 60, 17238.712891
62.247, 60, 17239.158203
62.247, 60, 17239.603516
62.247, 60, 17240.048828
62.247, 60, 17240.494141
62.247, 60, 17240.939453
62.247, 60, 17241.382812
62.247, 60, 17241.828125
62.247, 60, 17242.273438
62.247, 60, 17242.718750
62.247, 60, 17243.164062
62.247, 60, 17243.609375
62.247, 60, 17244.054688
62.247, 60, 17244.498047
62.247, 60, 17244.943359
62.247, 60, 17245.388672
62.247, 60, 17245.833984
62.247, 60, 17246.279297
62.247, 60, 17246.724609
62.247, 60, 17247.169922
62.247, 60, 17247.613281
62.247, 60, 17248.058594
62.247, 60, 17248.503906
62.247, 60, 17248.949219
62.247, 60, 17249.394531
62.247, 60, 17249.839844
62.247, 60, 17250.285156
62.247, 60, 17250.728516
62.247, 60, 17251.173828
62.247, 60, 17251.619141
62.247, 60, 17252.064453
62.247, 60, 17252.509766
62.247, 60, 17252.955078
62.247, 60, 17253.398438
62.247, 60, 17253.843750
62.247, 60, 17254.289062
62.247, 60, 17254.734375
62.247, 60, 17255.179688
62.247, 60, 17255.625000
62.247, 60, 17256.070312
62.247, 60, 17256.513672
62.247, 60, 17256.958984
62.247, 60, 17257.404297
62.247, 60, 17257.849609
62.247, 60, 17258.294922
62.247, 60, 17258.740234
62.247, 60, 17259.185547
62.247, 60, 17259.628906
62.247, 60, 17260.074219
62.247, 60, 17260.519531
62.247, 60, 17260.964844
62.247, 60, 17261.410156
62.247, 60, 17261.855469
62.247, 60, 17262.300781
62.247, 60, 17262.744141
62.247, 60, 17263.189453
62.247, 60, 17263.634766
62.247, 60, 17264.080078
62.247, 60, 17264.525391
62.247, 60, 17264.970703
62.247, 60, 17265.416016
62.247, 60, 17265.859375
62.247, 60, 17266.304688
62.247, 60, 17266.750000
62.247, 60, 17267.195312
62.247, 60, 17267.640625
62.247, 60, 17268.085938
62.247, 60, 17268.531250
62.247, 60, 17268.974609
62.247, 60, 17269.419922
62.247, 60, 17269.865234
62.247, 60, 17270.310547
62.247, 60, 17270.755859
62.247, 60, 17271.201172
62.247, 60, 17271.646484
62.247, 60, 17272.089844
62.247, 60, 17272.535156
62.247, 60, 17272.980469
62.247, 60, 17273.425781
62.247, 60, 17273.871094
62.247, 60, 17274.316406
62.247, 60, 17274.761719
62.247, 60, 17275.205078
62.247, 60, 17275.650391
62.342, 60, 17276.095703
62.342, 60, 17276.541016
62.342, 60, 17276.986328
62.342, 60, 17277.431641
62.342, 60, 17277.876953
62.342, 60, 17278.320312
62.342, 60, 17278.765625
62.342, 60, 17279.210938
62.342, 60, 17279.656250
62.342, 60, 17280.101562
62.342, 60, 17280.546875
62.342, 60, 17280.992188
62.342, 60, 17281.435547
62.342, 60, 17281.880859
62.342, 60, 17282.326172
62.342, 60, 17282.771484
62.342, 60, 17283.216797
62.342, 60, 17283.662109
62.342, 60, 17284.107422
62.342, 60, 17284.550781
62.342, 60, 17284.996094
62.342, 60, 17285.441406
62.342, 60, 17285.886719
62.342, 60, 17286.332031
62.342, 60, 17286.777344
62.342, 60, 17287.222656
62.342, 60, 17287.666016
62.342, 60, 17288.111328
62.342, 60, 17288.556641
62.342, 60, 17289.001953
62.342, 60, 17289.447266
62.342, 60, 17289.892578
62.342, 60, 17290.337891
62.342, 60, 17290.781250
62.342, 60, 17291.226562
62.247, 60, 17291.671875
62.247, 60, 17292.117188
62.247, 60, 17292.562500
62.247, 60, 17293.007812
62.247, 60, 17293.453125
62.247, 60, 17293.896484
62.247, 60, 17294.341797
62.247, 60, 17294.787109
62.247, 60, 17295.232422
62.247, 60, 17295.677734
62.247, 60, 17296.123047
62.247, 60, 17296.568359
62.247, 60, 17297.011719
62.247, 60, 17297.457031
62.247, 60, 17297.902344
62.247, 60, 17298.347656
62.247, 60, 17298.792969
62.247, 60, 17299.238281
62.247, 60, 17299.681641
62.247, 60, 17300.126953
62.247, 60, 17300.572266
62.247, 60, 17301.017578
62.247, 60, 17301.462891
62.247, 60, 17301.908203
62.247, 60, 17302.353516
62.247, 60, 17302.796875
62.247, 60, 17303.242188
62.247, 60, 17303.687500
62.247, 60, 17304.132812
62.247, 60, 17304.578125
62.247, 60, 17305.023438
62.247, 60, 17305.468750
62.247, 60, 17305.912109
62.247, 60, 17306.357422
62.247, 60, 17306.802734
62.247, 60, 17307.248047
62.247, 60, 17307.693359
62.247, 60, 17308.138672
62.247, 60, 17308.583984
62.247, 60, 17309.027344
62.247, 60, 17309.472656
62.247, 60, 17309.917969
62.247, 60, 17310.363281
62.247, 60, 17310.808594
62.247, 60, 17311.253906
62.247, 60, 17311.699219
62.247, 60, 17312.142578
62.247, 60, 17312.587891
62.247, 60, 17313.033203
62.247, 60, 17313.478516
62.247, 60, 17313.923828
62.247, 60, 17314.369141
62.247, 60, 17314.814453
62.247, 60, 17315.257812
62.247, 60, 17315.703125
62.247, 60, 17316.148438
62.247, 60, 17316.593750
62.247, 60, 17317.039062
62.247, 60, 17317.484375
62.247, 60, 17317.929688
62.247, 60, 17318.373047
62.247, 60, 17318.818359
62.247, 60, 17319.263672
62.247, 60, 17319.708984
62.247, 60, 17320.154297
62.247, 60, 17320.599609
62.247, 60, 17321.044922
62.247, 60, 17321.488281
62.342, 60, 17321.933594
62.342, 60, 17322.378906
62.342, 60, 17322.824219
62.342, 60, 17323.269531
62.342, 60, 17323.714844
62.342, 60, 17324.160156
62.342, 60, 17324.603516
62.342, 60, 17325.048828
62.342, 60, 17325.494141
62.342, 60, 17325.939453
62.342, 60, 17326.384766
62.342, 60, 17326.830078
62.342, 60, 17327.275391
62.342, 60, 17327.718750
62.342, 60, 17328.164062
62.342, 60, 17328.609375
62.342, 60, 17329.054688
62.342, 60, 17329.500000
62.342, 60, 17329.945312
62.342, 60, 17330.390625
62.342, 60, 17330.833984
62.342, 60, 17331.279297
62.342, 60, 17331.724609
62.342, 60, 17332.169922
62.342, 60, 17332.615234
62.342, 60, 17333.060547
62.342, 60, 17333.505859
62.342, 60, 17333.949219
62.342, 60, 17334.394531
62.342, 60, 17334.839844
62.342, 60, 17335.285156
62.342, 60, 17335.730469
62.342, 60, 17336.175781
62.342, 60, 17336.621094
62.342, 60, 17337.064453
62.342, 60, 17337.509766
62.342, 60, 17337.955078
62.342, 60, 17338.400391
62.342, 60, 17338.845703
62.342, 60, 17339.291016
62.342, 60, 17339.736328
62.342, 60, 17340.179688
62.342, 60, 17340.625000
62.342, 60, 17341.070312
62.342, 60, 17341.515625
62.342, 60, 17341.960938
62.342, 60, 17342.406250
62.342, 60, 17342.851562
62.342, 60, 17343.294922
62.342, 60, 17343.740234
62.342, 60, 17344.185547
62.342, 60, 17344.630859
62.342, 60, 17345.076172
62.342, 60, 17345.521484
62.342, 60, 17345.966797
62.342, 60, 17346.410156
62.342, 60, 17346.855469
62.342, 60, 17347.300781
62.342, 60, 17347.746094
62.342, 60, 17348.191406
62.342, 60, 17348.636719
62.342, 60, 17349.080078
62.342, 60, 17349.525391
62.342, 60, 17349.970703
62.342, 60, 17350.416016
62.342, 60, 17350.861328
62.342, 60, 17351.306641
62.342, 60, 17351.751953
62.342, 60, 17352.195312
62.342, 60, 17352.640625
62.342, 60, 17353.085938
62.342, 60, 17353.531250
62.342, 60, 17353.976562
62.342, 60, 17354.421875
62.342, 60, 17354.867188
62.342, 60, 17355.310547
62.342, 60, 17355.755859
62.342, 60, 17356.201172
62.342, 60, 17356.646484
62.342, 60, 17357.091797
62.342, 60, 17357.537109
62.342, 60, 17357.982422
62.342, 60, 17358.425781
62.342, 60, 17358.871094
62.342, 60, 17359.316406
62.342, 60, 17359.761719
62.342, 60, 17360.207031
62.342, 60, 17360.652344
62.342, 60, 17361.097656
62.342, 60, 17361.541016
62.342, 60, 17361.986328
62.342, 60, 17362.431641
62.342, 60, 17362.876953
62.342, 60, 17363.322266
62.342, 60, 17363.767578
62.342, 60, 17364.212891
62.342, 60, 17364.656250
62.342, 60, 17365.101562
62.342, 60, 17365.546875
62.342, 60, 17365.992188
62.342, 60, 17366.437500
62.342, 60, 17366.882812
62.342, 60, 17367.328125
62.342, 60, 17367.771484
62.342, 60, 17368.216797
62.342, 60, 17368.662109
62.342, 60, 17369.107422
62.342, 60, 17369.552734
62.342, 60, 17369.998047
62.342, 60, 17370.443359
62.342, 60, 17370.886719
62.342, 60, 17371.332031
62.342, 60, 17371.777344
62.342, 60, 17372.222656
62.342, 60, 17372.667969
62.342, 60, 17373.113281
62.342, 60, 17373.558594
62.342, 60, 17374.001953
62.342, 60, 17374.447266
62.342, 60, 17374.892578
62.342, 60, 17375.337891
62.342, 60, 17375.783203
62.342, 60, 17376.228516
62.342, 60, 17376.673828
62.342, 60, 17377.117188
62.342, 60, 17377.562500
62.342, 60, 17378.007812
62.342, 60, 17378.453125
62.342, 60, 17378.898438
62.342, 60, 17379.343750
62.342, 60, 17379.789062
62.342, 60, 17380.232422
62.342, 60, 17380.677734
62.342, 60, 17381.123047
62.342, 60, 17381.568359
62.342, 60, 17382.013672
62.342, 60, 17382.458984
62.342, 60, 17382.904297
62.342, 60, 17383.347656
62.342, 60, 17383.792969
62.342, 60, 17384.238281
62.342, 60, 17384.683594
62.342, 60, 17385.128906
62.342, 60, 17385.574219
62.342, 60, 17386.019531
62.342, 60, 17386.462891
62.342, 60, 17386.908203
62.342, 60, 17387.353516
62.342, 60, 17387.798828
62.342, 60, 17388.244141
62.342, 60, 17388.689453
62.342, 60, 17389.134766
62.342, 60, 17389.578125
62.342, 60, 17390.023438
62.342, 60, 17390.468750
62.342, 60, 17390.914062
62.342, 60, 17391.359375
62.342, 60, 17391.804688
62.342, 60, 17392.250000
62.342, 60, 17392.693359
62.342, 60, 17393.138672
62.342, 60, 17393.583984
62.342, 60, 17394.029297
62.342, 60, 17394.474609
62.342, 60, 17394.919922
62.342, 60, 17395.363281
62.342, 60, 17395.808594
62.342, 60, 17396.253906
62.342, 60, 17396.699219
62.342, 60, 17397.144531
62.342, 60, 17397.589844
62.342, 60, 17398.035156
62.342, 60, 17398.478516
62.437, 60, 17398.923828
62.437, 60, 17399.369141
62.437, 60, 17399.814453
62.437, 60, 17400.259766
62.437, 60, 17400.705078
62.437, 60, 17401.150391
62.437, 60, 17401.593750
62.437, 60, 17402.039062
62.437, 60, 17402.484375
62.437, 60, 17402.929688
62.437, 60, 17403.375000
62.437, 60, 17403.820312
62.437, 60, 17404.265625
62.437, 60, 17404.708984
62.437, 60, 17405.154297
62.437, 60, 17405.599609
62.437, 60, 17406.044922
62.437, 60, 17406.490234
62.437, 60, 17406.935547
62.437, 60, 17407.380859
62.437, 60, 17407.824219
62.437, 60, 17408.269531
62.437, 60, 17408.714844
62.437, 60, 17409.160156
62.437, 60, 17409.605469
62.437, 60, 17410.050781
62.437, 60, 17410.496094
62.437, 60, 17410.939453
62.437, 60, 17411.384766
62.437, 60, 17411.830078
62.437, 60, 17412.275391
62.437, 60, 17412.720703
62.437, 60, 17413.166016
62.437, 60, 17413.611328
62.437, 60, 17414.054688
62.531, 60, 17414.500000
62.531, 60, 17414.945312
62.531, 60, 17415.390625
62.531, 60, 17415.835938
62.531, 60, 17416.281250
62.531, 60, 17416.726562
62.531, 60, 17417.169922
62.531, 60, 17417.615234
62.531, 60, 17418.060547
62.531, 60, 17418.505859
62.531, 60, 17418.951172
62.531, 60, 17419.396484
62.531, 60, 17419.841797
62.531, 60, 17420.285156
62.531, 60, 17420.730469
62.531, 60, 17421.175781
62.531, 60, 17421.621094
62.531, 60, 17422.066406
62.531, 60, 17422.511719
62.531, 60, 17422.957031
62.531, 60, 17423.400391
62.531, 60, 17423.845703
62.531, 60, 17424.291016
62.531, 60, 17424.736328
62.531, 60, 17425.181641
62.531, 60, 17425.626953
62.531, 60, 17426.072266
62.531, 60, 17426.515625
62.531, 60, 17426.960938
62.531, 60, 17427.406250
62.531, 60, 17427.851562
62.531, 60, 17428.296875
62.531, 60, 17428.742188
62.531, 60, 17429.187500
62.531, 60, 17429.630859
62.247, 60, 17430.076172
62.247, 60, 17430.521484
62.247, 60, 17430.966797
62.247, 60, 17431.412109
62.247, 60, 17431.857422
62.247, 60, 17432.302734
62.247, 60, 17432.746094
62.247, 60, 17433.191406
62.247, 60, 17433.636719
62.247, 60, 17434.082031
62.247, 60, 17434.527344
62.247, 60, 17434.972656
62.247, 60, 17435.417969
62.247, 60, 17435.861328
62.247, 60, 17436.306641
62.247, 60, 17436.751953
62.247, 60, 17437.197266
62.247, 60, 17437.642578
62.247, 60, 17438.087891
62.247, 60, 17438.533203
62.247, 60, 17438.976562
62.247, 60, 17439.421875
62.247, 60, 17439.867188
62.247, 60, 17440.312500
62.247, 60, 17440.757812
62.247, 60, 17441.203125
62.247, 60, 17441.646484
62.247, 60, 17442.091797
62.247, 60, 17442.537109
62.247, 60, 17442.982422
62.247, 60, 17443.427734
62.247, 60, 17443.873047
62.247, 60, 17444.318359
62.247, 60, 17444.761719
62.151, 60, 17445.207031
62.151, 60, 17445.652344
62.151, 60, 17446.097656
62.151, 60, 17446.542969
62.151, 60, 17446.988281
62.151, 60, 17447.433594
62.151, 60, 17447.876953
62.151, 60, 17448.322266
62.151, 60, 17448.767578
62.151, 60, 17449.212891
62.151, 60, 17449.658203
62.151, 60, 17450.103516
62.151, 60, 17450.548828
62.151, 60, 17450.992188
62.151, 60, 17451.437500
62.151, 60, 17451.882812
62.151, 60, 17452.328125
62.151, 60, 17452.773438
62.151, 60, 17453.218750
62.151, 60, 17453.664062
62.151, 60, 17454.107422
62.151, 60, 17454.552734
62.151, 60, 17454.998047
62.151, 60, 17455.443359
62.151, 60, 17455.888672
62.151, 60, 17456.333984
62.151, 60, 17456.779297
62.151, 60, 17457.222656
62.151, 60, 17457.667969
62.151, 60, 17458.113281
62.151, 60, 17458.558594
62.151, 60, 17459.003906
62.151, 60, 17459.449219
62.151, 60, 17459.894531
62.056, 60, 17460.337891
62.056, 60, 17460.783203
62.056, 60, 17461.228516
62.056, 60, 17461.673828
62.056, 60, 17462.119141
62.056, 60, 17462.564453
62.056, 60, 17463.009766
62.056, 60, 17463.453125
62.056, 60, 17463.898438
62.056, 60, 17464.343750
62.056, 60, 17464.789062
62.056, 60, 17465.234375
62.056, 60, 17465.679688
62.056, 60, 17466.125000
62.056, 60, 17466.568359
62.056, 60, 17467.013672
62.056, 60, 17467.458984
62.056, 60, 17467.904297
62.056, 60, 17468.349609
62.056, 60, 17468.794922
62.056, 60, 17469.240234
62.056, 60, 17469.683594
62.056, 60, 17470.128906
62.056, 60, 17470.574219
62.056, 60, 17471.019531
62.056, 60, 17471.464844
62.056, 60, 17471.910156
62.056, 60, 17472.355469
62.056, 60, 17472.798828
62.056, 60, 17473.244141
62.056, 60, 17473.689453
62.056, 60, 17474.134766
62.056, 60, 17474.580078
62.056, 60, 17475.025391
62.056, 60, 17475.470703
61.961, 60, 17475.914062
61.961, 60, 17476.359375
61.961, 60, 17476.804688
61.961, 60, 17477.250000
61.961, 60, 17477.695312
61.961, 60, 17478.140625
61.961, 60, 17478.585938
61.961, 60, 17479.029297
61.961, 60, 17479.474609
61.961, 60, 17479.919922
61.961, 60, 17480.365234
61.961, 60, 17480.810547
61.961, 60, 17481.255859
61.961, 60, 17481.701172
61.961, 60, 17482.144531
61.961, 60, 17482.589844
61.961, 60, 17483.035156
61.961, 60, 17483.480469
61.961, 60, 17483.925781
61.961, 60, 17484.371094
61.961, 60, 17484.816406
61.961, 60, 17485.259766
61.961, 60, 17485.705078
61.961, 60, 17486.150391
61.961, 60, 17486.595703
61.961, 60, 17487.041016
61.961, 60, 17487.486328
61.961, 60, 17487.929688
61.961, 60, 17488.375000
61.961, 60, 17488.820312
61.961, 60, 17489.265625
61.961, 60, 17489.710938
61.961, 60, 17490.156250
61.961, 60, 17490.601562
61.961, 60, 17491.044922
61.961, 60, 17491.490234
61.961, 60, 17491.935547
61.961, 60, 17492.380859
61.961, 60, 17492.826172
61.961, 60, 17493.271484
61.961, 60, 17493.716797
61.961, 60, 17494.160156
61.961, 60, 17494.605469
61.961, 60, 17495.050781
61.961, 60, 17495.496094
61.961, 60, 17495.941406
61.961, 60, 17496.386719
61.961, 60, 17496.832031
61.961, 60, 17497.275391
61.961, 60, 17497.720703
61.961, 60, 17498.166016
61.961, 60, 17498.611328
61.961, 60, 17499.056641
61.961, 60, 17499.501953
61.961, 60, 17499.947266
61.961, 60, 17500.390625
61.961, 60, 17500.835938
61.961, 60, 17501.281250
61.961, 60, 17501.726562
61.961, 60, 17502.171875
61.961, 60, 17502.617188
61.961, 60, 17503.062500
61.961, 60, 17503.505859
61.961, 60, 17503.951172
61.961, 60, 17504.396484
61.961, 60, 17504.841797
61.961, 60, 17505.287109
61.961, 60, 17505.732422
61.961, 60, 17506.177734
61.961, 60, 17506.621094
61.961, 60, 17507.066406
61.961, 60, 17507.511719
61.961, 60, 17507.957031
61.961, 60, 17508.402344
61.961, 60, 17508.847656
61.961, 60, 17509.292969
61.961, 60, 17509.736328
61.961, 60, 17510.181641
61.961, 60, 17510.626953
61.961, 60, 17511.072266
61.961, 60, 17511.517578
61.961, 60, 17511.962891
61.961, 60, 17512.408203
61.961, 60, 17512.851562
61.961, 60, 17513.296875
61.961, 60, 17513.742188
61.961, 60, 17514.187500
61.961, 60, 17514.632812
61.961, 60, 17515.078125
61.961, 60, 17515.523438
61.961, 60, 17515.966797
61.961, 60, 17516.412109
61.961, 60, 17516.857422
61.961, 60, 17517.302734
61.961, 60, 17517.748047
61.961, 60, 17518.193359
61.961, 60, 17518.638672
61.961, 60, 17519.082031
61.961, 60, 17519.527344
61.961, 60, 17519.972656
61.961, 60, 17520.417969
61.961, 60, 17520.863281
61.961, 60, 17521.308594
61.961, 60, 17521.753906
61.979, 60, 17522.197266
61.979, 60, 17522.642578
61.979, 60, 17523.087891
61.979, 60, 17523.533203
61.979, 60, 17523.978516
61.979, 60, 17524.423828
61.979, 60, 17524.869141
61.979, 60, 17525.312500
61.979, 60, 17525.757812
61.979, 60, 17526.203125
61.979, 60, 17526.648438
61.979, 60, 17527.093750
61.979, 60, 17527.539062
61.979, 60, 17527.984375
61.979, 60, 17528.427734
61.979, 60, 17528.873047
61.979, 60, 17529.318359
61.979, 60, 17529.763672
61.979, 60, 17530.208984
61.979, 60, 17530.654297
61.979, 60, 17531.099609
61.979, 60, 17531.542969
61.979, 60, 17531.988281
61.979, 60, 17532.433594
61.979, 60, 17532.878906
61.979, 60, 17533.324219
61.979, 60, 17533.769531
61.979, 60, 17534.212891
61.979, 60, 17534.658203
61.979, 60, 17535.103516
61.979, 60, 17535.548828
61.979, 60, 17535.994141
61.979, 60, 17536.439453
61.979, 60, 17536.884766
61.961, 60, 17537.328125
61.961, 60, 17537.773438
61.961, 60, 17538.218750
61.961, 60, 17538.664062
61.961, 60, 17539.109375
61.961, 60, 17539.554688
61.961, 60, 17540.000000
61.961, 60, 17540.443359
61.961, 60, 17540.888672
61.961, 60, 17541.333984
61.961, 60, 17541.779297
61.961, 60, 17542.224609
61.961, 60, 17542.669922
61.961, 60, 17543.115234
61.961, 60, 17543.558594
61.961, 60, 17544.003906
61.961, 60, 17544.449219
61.961, 60, 17544.894531
61.961, 60, 17545.339844
61.961, 60, 17545.785156
61.961, 60, 17546.230469
61.961, 60, 17546.673828
61.961, 60, 17547.119141
61.961, 60, 17547.564453
61.961, 60, 17548.009766
61.961, 60, 17548.455078
61.961, 60, 17548.900391
61.961, 60, 17549.345703
61.961, 60, 17549.789062
61.961, 60, 17550.234375
61.961, 60, 17550.679688
61.961, 60, 17551.125000
61.961, 60, 17551.570312
61.961, 60, 17552.015625
61.961, 60, 17552.460938
61.979, 60, 17552.904297
61.979, 60, 17553.349609
61.979, 60, 17553.794922
61.979, 60, 17554.240234
61.979, 60, 17554.685547
61.979, 60, 17555.130859
61.979, 60, 17555.576172
61.979, 60, 17556.019531
61.979, 60, 17556.464844
61.979, 60, 17556.910156
61.979, 60, 17557.355469
61.979, 60, 17557.800781
61.979, 60, 17558.246094
61.979, 60, 17558.691406
61.979, 60, 17559.134766
61.979, 60, 17559.580078
61.979, 60, 17560.025391
61.979, 60, 17560.470703
61.979, 60, 17560.916016
61.979, 60, 17561.361328
61.979, 60, 17561.806641
61.979, 60, 17562.250000
61.979, 60, 17562.695312
61.979, 60, 17563.140625
61.979, 60, 17563.585938
61.979, 60, 17564.031250
61.979, 60, 17564.476562
61.979, 60, 17564.921875
61.979, 60, 17565.365234
61.979, 60, 17565.810547
61.979, 60, 17566.255859
61.979, 60, 17566.701172
61.979, 60, 17567.146484
61.979, 60, 17567.591797
61.979, 60, 17568.037109
62.074, 60, 17568.480469
62.074, 60, 17568.925781
62.074, 60, 17569.371094
62.074, 60, 17569.816406
62.074, 60, 17570.261719
62.074, 60, 17570.707031
62.074, 60, 17571.152344
62.074, 60, 17571.595703
62.074, 60, 17572.041016
62.074, 60, 17572.486328
62.074, 60, 17572.931641
62.074, 60, 17573.376953
62.074, 60, 17573.822266
62.074, 60, 17574.267578
62.074, 60, 17574.710938
62.074, 60, 17575.156250
62.074, 60, 17575.601562
62.074, 60, 17576.046875
62.074, 60, 17576.492188
62.074, 60, 17576.937500
62.074, 60, 17577.382812
62.074, 60, 17577.826172
62.074, 60, 17578.271484
62.074, 60, 17578.716797
62.074, 60, 17579.162109
62.074, 60, 17579.607422
62.074, 60, 17580.052734
62.074, 60, 17580.496094
62.074, 60, 17580.941406
62.074, 60, 17581.386719
62.074, 60, 17581.832031
62.074, 60, 17582.277344
62.074, 60, 17582.722656
62.074, 60, 17583.167969
62.151, 60, 17583.611328
62.151, 60, 17584.056641
62.151, 60, 17584.501953
62.151, 60, 17584.947266
62.151, 60, 17585.392578
62.151, 60, 17585.837891
62.151, 60, 17586.283203
62.151, 60, 17586.726562
62.151, 60, 17587.171875
62.151, 60, 17587.617188
62.151, 60, 17588.062500
62.151, 60, 17588.507812
62.151, 60, 17588.953125
62.151, 60, 17589.398438
62.151, 60, 17589.841797
62.151, 60, 17590.287109
62.151, 60, 17590.732422
62.151, 60, 17591.177734
62.151, 60, 17591.623047
62.151, 60, 17592.068359
62.151, 60, 17592.513672
62.151, 60, 17592.957031
62.151, 60, 17593.402344
62.151, 60, 17593.847656
62.151, 60, 17594.292969
62.151, 60, 17594.738281
62.151, 60, 17595.183594
62.151, 60, 17595.628906
62.151, 60, 17596.072266
62.151, 60, 17596.517578
62.151, 60, 17596.962891
62.151, 60, 17597.408203
62.151, 60, 17597.853516
62.056, 60, 17598.298828
62.056, 60, 17598.744141
62.056, 60, 17599.187500
62.056, 60, 17599.632812
62.056, 60, 17600.078125
62.056, 60, 17600.523438
62.056, 60, 17600.968750
62.056, 60, 17601.414062
62.056, 60, 17601.859375
62.056, 60, 17602.302734
62.056, 60, 17602.748047
62.056, 60, 17603.193359
62.056, 60, 17603.638672
62.056, 60, 17604.083984
62.056, 60, 17604.529297
62.056, 60, 17604.974609
62.056, 60, 17605.417969
62.056, 60, 17605.863281
62.056, 60, 17606.308594
62.056, 60, 17606.753906
62.056, 60, 17607.199219
62.056, 60, 17607.644531
62.056, 60, 17608.089844
62.056, 60, 17608.533203
62.056, 60, 17608.978516
62.056, 60, 17609.423828
62.056, 60, 17609.869141
62.056, 60, 17610.314453
62.056, 60, 17610.759766
62.056, 60, 17611.205078
62.056, 60, 17611.648438
62.056, 60, 17612.093750
62.056, 60, 17612.539062
62.056, 60, 17612.984375
61.961, 60, 17613.429688
61.961, 60, 17613.875000
61.961, 60, 17614.320312
61.961, 60, 17614.763672
61.961, 60, 17615.208984
61.961, 60, 17615.654297
61.961, 60, 17616.099609
61.961, 60, 17616.544922
61.961, 60, 17616.990234
61.961, 60, 17617.435547
61.961, 60, 17617.878906
61.961, 60, 17618.324219
61.961, 60, 17618.769531
61.961, 60, 17619.214844
61.961, 60, 17619.660156
61.961, 60, 17620.105469
61.961, 60, 17620.550781
61.961, 60, 17620.994141
61.961, 60, 17621.439453
61.961, 60, 17621.884766
61.961, 60, 17622.330078
61.961, 60, 17622.775391
61.961, 60, 17623.220703
61.961, 60, 17623.666016
61.961, 60, 17624.109375
61.961, 60, 17624.554688
61.961, 60, 17625.000000
61.961, 60, 17625.445312
61.961, 60, 17625.890625
61.961, 60, 17626.335938
61.961, 60, 17626.779297
61.961, 60, 17627.224609
61.961, 60, 17627.669922
61.961, 60, 17628.115234
61.961, 60, 17628.560547
61.961, 60, 17629.005859
61.961, 60, 17629.451172
61.961, 60, 17629.894531
61.961, 60, 17630.339844
61.961, 60, 17630.785156
61.961, 60, 17631.230469
61.961, 60, 17631.675781
61.961, 60, 17632.121094
61.961, 60, 17632.566406
61.961, 60, 17633.009766
61.961, 60, 17633.455078
61.961, 60, 17633.900391
61.961, 60, 17634.345703
61.961, 60, 17634.791016
61.961, 60, 17635.236328
61.961, 60, 17635.681641
61.961, 60, 17636.125000
61.961, 60, 17636.570312
61.961, 60, 17637.015625
61.961, 60, 17637.460938
61.961, 60, 17637.906250
61.961, 60, 17638.351562
61.961, 60, 17638.796875
61.961, 60, 17639.240234
61.961, 60, 17639.685547
61.961, 60, 17640.130859
61.961, 60, 17640.576172
61.961, 60, 17641.021484
61.961, 60, 17641.466797
61.961, 60, 17641.912109
61.961, 60, 17642.355469
61.961, 60, 17642.800781
61.961, 60, 17643.246094
61.961, 60, 17643.691406
61.961, 60, 17644.136719
62.151, 60, 17644.582031
62.151, 60, 17645.027344
62.151, 60, 17645.470703
62.151, 60, 17645.916016
62.151, 60, 17646.361328
62.151, 60, 17646.806641
62.151, 60, 17647.251953
62.151, 60, 17647.697266
62.151, 60, 17648.142578
62.151, 60, 17648.585938
62.151, 60, 17649.031250
62.151, 60, 17649.476562
62.151, 60, 17649.921875
62.151, 60, 17650.367188
62.151, 60, 17650.812500
62.151, 60, 17651.257812
62.151, 60, 17651.701172
62.151, 60, 17652.146484
62.151, 60, 17652.591797
62.151, 60, 17653.037109
62.151, 60, 17653.482422
62.151, 60, 17653.927734
62.151, 60, 17654.373047
62.151, 60, 17654.816406
62.151, 60, 17655.261719
62.151, 60, 17655.707031
62.151, 60, 17656.152344
62.151, 60, 17656.597656
62.151, 60, 17657.042969
62.151, 60, 17657.488281
62.151, 60, 17657.931641
62.151, 60, 17658.376953
62.151, 60, 17658.822266
62.151, 60, 17659.267578
62.151, 60, 17659.712891
62.151, 60, 17660.158203
62.151, 60, 17660.603516
62.151, 60, 17661.046875
62.151, 60, 17661.492188
62.151, 60, 17661.937500
62.151, 60, 17662.382812
62.151, 60, 17662.828125
62.151, 60, 17663.273438
62.151, 60, 17663.718750
62.151, 60, 17664.162109
62.151, 60, 17664.607422
62.151, 60, 17665.052734
62.151, 60, 17665.498047
62.151, 60, 17665.943359
62.151, 60, 17666.388672
62.151, 60, 17666.833984
62.151, 60, 17667.277344
62.151, 60, 17667.722656
62.151, 60, 17668.167969
62.151, 60, 17668.613281
62.151, 60, 17669.058594
62.151, 60, 17669.503906
62.151, 60, 17669.949219
62.151, 60, 17670.392578
62.151, 60, 17670.837891
62.151, 60, 17671.283203
62.151, 60, 17671.728516
62.151, 60, 17672.173828
62.151, 60, 17672.619141
62.151, 60, 17673.062500
62.151, 60, 17673.507812
62.151, 60, 17673.953125
62.151, 60, 17674.398438
62.151, 60, 17674.843750
62.151, 60, 17675.289062
62.151, 60, 17675.734375
62.151, 60, 17676.177734
62.151, 60, 17676.623047
62.151, 60, 17677.068359
62.151, 60, 17677.513672
62.151, 60, 17677.958984
62.151, 60, 17678.404297
62.151, 60, 17678.849609
62.151, 60, 17679.292969
62.151, 60, 17679.738281
62.151, 60, 17680.183594
62.151, 60, 17680.628906
62.151, 60, 17681.074219
62.151, 60, 17681.519531
62.151, 60, 17681.964844
62.151, 60, 17682.408203
62.151, 60, 17682.853516
62.151, 60, 17683.298828
62.151, 60, 17683.744141
62.151, 60, 17684.189453
62.151, 60, 17684.634766
62.151, 60, 17685.080078
62.151, 60, 17685.523438
62.151, 60, 17685.968750
62.151, 60, 17686.414062
62.151, 60, 17686.859375
62.151, 60, 17687.304688
62.151, 60, 17687.750000
62.151, 60, 17688.195312
62.151, 60, 17688.638672
62.151, 60, 17689.083984
62.151, 60, 17689.529297
62.151, 60, 17689.974609
62.151, 60, 17690.419922
62.151, 60, 17690.865234
62.151, 60, 17691.310547
62.151, 60, 17691.753906
62.151, 60, 17692.199219
62.151, 60, 17692.644531
62.151, 60, 17693.089844
62.151, 60, 17693.535156
62.151, 60, 17693.980469
62.151, 60, 17694.425781
62.151, 60, 17694.869141
62.151, 60, 17695.314453
62.151, 60, 17695.759766
62.151, 60, 17696.205078
62.151, 60, 17696.650391
62.151, 60, 17697.095703
62.151, 60, 17697.541016
62.151, 60, 17697.984375
62.151, 60, 17698.429688
62.151, 60, 17698.875000
62.151, 60, 17699.320312
62.151, 60, 17699.765625
62.151, 60, 17700.210938
62.151, 60, 17700.656250
62.151, 60, 17701.099609
62.151, 60, 17701.544922
62.151, 60, 17701.990234
62.151, 60, 17702.435547
62.151, 60, 17702.880859
62.151, 60, 17703.326172
62.151, 60, 17703.771484
62.151, 60, 17704.214844
62.151, 60, 17704.660156
62.151, 60, 17705.105469
62.151, 60, 17705.550781
62.151, 60, 17705.996094
62.151, 60, 17706.441406
62.151, 60, 17706.886719
62.151, 60, 17707.330078
62.151, 60, 17707.775391
62.151, 60, 17708.220703
62.151, 60, 17708.666016
62.151, 60, 17709.111328
62.151, 60, 17709.556641
62.151, 60, 17710.001953
62.151, 60, 17710.445312
62.151, 60, 17710.890625
62.151, 60, 17711.335938
62.151, 60, 17711.781250
62.151, 60, 17712.226562
62.151, 60, 17712.671875
62.151, 60, 17713.117188
62.151, 60, 17713.560547
62.151, 60, 17714.005859
62.151, 60, 17714.451172
62.151, 60, 17714.896484
62.151, 60, 17715.341797
62.151, 60, 17715.787109
62.151, 60, 17716.232422
62.151, 60, 17716.675781
62.151, 60, 17717.121094
62.151, 60, 17717.566406
62.151, 60, 17718.011719
62.151, 60, 17718.457031
62.151, 60, 17718.902344
62.151, 60, 17719.345703
62.151, 60, 17719.791016
62.151, 60, 17720.236328
62.151, 60, 17720.681641
62.151, 60, 17721.126953
62.247, 60, 17721.572266
62.247, 60, 17722.017578
62.247, 60, 17722.460938
62.247, 60, 17722.906250
62.247, 60, 17723.351562
62.247, 60, 17723.796875
62.247, 60, 17724.242188
62.247, 60, 17724.687500
62.247, 60, 17725.132812
62.247, 60, 17725.576172
62.247, 60, 17726.021484
62.247, 60, 17726.466797
62.247, 60, 17726.912109
62.247, 60, 17727.357422
62.247, 60, 17727.802734
62.247, 60, 17728.248047
62.247, 60, 17728.691406
62.247, 60, 17729.136719
62.247, 60, 17729.582031
62.247, 60, 17730.027344
62.247, 60, 17730.472656
62.247, 60, 17730.917969
62.247, 60, 17731.363281
62.247, 60, 17731.806641
62.247, 60, 17732.251953
62.247, 60, 17732.697266
62.247, 60, 17733.142578
62.247, 60, 17733.587891
62.247, 60, 17734.033203
62.247, 60, 17734.478516
62.247, 60, 17734.921875
62.247, 60, 17735.367188
62.247, 60, 17735.812500
62.247, 60, 17736.257812
62.247, 60, 17736.703125
62.247, 60, 17737.148438
62.247, 60, 17737.593750
62.247, 60, 17738.037109
62.247, 60, 17738.482422
62.247, 60, 17738.927734
62.247, 60, 17739.373047
62.247, 60, 17739.818359
62.247, 60, 17740.263672
62.247, 60, 17740.708984
62.247, 60, 17741.152344
62.247, 60, 17741.597656
62.247, 60, 17742.042969
62.247, 60, 17742.488281
62.247, 60, 17742.933594
62.247, 60, 17743.378906
62.247, 60, 17743.824219
62.247, 60, 17744.267578
62.247, 60, 17744.712891
62.247, 60, 17745.158203
62.247, 60, 17745.603516
62.247, 60, 17746.048828
62.247, 60, 17746.494141
62.247, 60, 17746.939453
62.247, 60, 17747.382812
62.247, 60, 17747.828125
62.247, 60, 17748.273438
62.247, 60, 17748.718750
62.247, 60, 17749.164062
62.247, 60, 17749.609375
62.247, 60, 17750.054688
62.247, 60, 17750.498047
62.247, 60, 17750.943359
62.247, 60, 17751.388672
62.247, 60, 17751.833984
62.247, 60, 17752.279297
62.342, 60, 17752.724609
62.342, 60, 17753.169922
62.342, 60, 17753.613281
62.342, 60, 17754.058594
62.342, 60, 17754.503906
62.342, 60, 17754.949219
62.342, 60, 17755.394531
62.342, 60, 17755.839844
62.342, 60, 17756.285156
62.342, 60, 17756.728516
62.342, 60, 17757.173828
62.342, 60, 17757.619141
62.342, 60, 17758.064453
62.342, 60, 17758.509766
62.342, 60, 17758.955078
62.342, 60, 17759.400391
62.342, 60, 17759.843750
62.342, 60, 17760.289062
62.342, 60, 17760.734375
62.342, 60, 17761.179688
62.342, 60, 17761.625000
62.342, 60, 17762.070312
62.342, 60, 17762.515625
62.342, 60, 17762.958984
62.342, 60, 17763.404297
62.342, 60, 17763.849609
62.342, 60, 17764.294922
62.342, 60, 17764.740234
62.342, 60, 17765.185547
62.342, 60, 17765.628906
62.342, 60, 17766.074219
62.342, 60, 17766.519531
62.342, 60, 17766.964844
62.342, 60, 17767.410156
62.342, 60, 17767.855469
62.247, 60, 17768.300781
62.247, 60, 17768.744141
62.247, 60, 17769.189453
62.247, 60, 17769.634766
62.247, 60, 17770.080078
62.247, 60, 17770.525391
62.247, 60, 17770.970703
62.247, 60, 17771.416016
62.247, 60, 17771.859375
62.247, 60, 17772.304688
62.247, 60, 17772.750000
62.247, 60, 17773.195312
62.247, 60, 17773.640625
62.247, 60, 17774.085938
62.247, 60, 17774.531250
62.247, 60, 17774.974609
62.247, 60, 17775.419922
62.247, 60, 17775.865234
62.247, 60, 17776.310547
62.247, 60, 17776.755859
62.247, 60, 17777.201172
62.247, 60, 17777.646484
62.247, 60, 17778.089844
62.247, 60, 17778.535156
62.247, 60, 17778.980469
62.247, 60, 17779.425781
62.247, 60, 17779.871094
62.247, 60, 17780.316406
62.247, 60, 17780.761719
62.247, 60, 17781.205078
62.247, 60, 17781.650391
62.247, 60, 17782.095703
62.247, 60, 17782.541016
62.247, 60, 17782.986328
62.247, 60, 17783.431641
62.151, 60, 17783.876953
62.151, 60, 17784.320312
62.151, 60, 17784.765625
62.151, 60, 17785.210938
62.151, 60, 17785.656250
62.151, 60, 17786.101562
62.151, 60, 17786.546875
62.151, 60, 17786.992188
62.151, 60, 17787.435547
62.151, 60, 17787.880859
62.151, 60, 17788.326172
62.151, 60, 17788.771484
62.151, 60, 17789.216797
62.151, 60, 17789.662109
62.151, 60, 17790.107422
62.151, 60, 17790.550781
62.151, 60, 17790.996094
62.151, 60, 17791.441406
62.151, 60, 17791.886719
62.151, 60, 17792.332031
62.151, 60, 17792.777344
62.151, 60, 17793.222656
62.151, 60, 17793.666016
62.151, 60, 17794.111328
62.151, 60, 17794.556641
62.151, 60, 17795.001953
62.151, 60, 17795.447266
62.151, 60, 17795.892578
62.151, 60, 17796.337891
62.151, 60, 17796.781250
62.151, 60, 17797.226562
62.151, 60, 17797.671875
62.151, 60, 17798.117188
62.151, 60, 17798.562500
62.151, 60, 17799.007812
62.151, 60, 17799.453125
62.151, 60, 17799.896484
62.151, 60, 17800.341797
62.151, 60, 17800.787109
62.151, 60, 17801.232422
62.151, 60, 17801.677734
62.151, 60, 17802.123047
62.151, 60, 17802.568359
62.151, 60, 17803.011719
62.151, 60, 17803.457031
62.151, 60, 17803.902344
62.151, 60, 17804.347656
62.151, 60, 17804.792969
62.151, 60, 17805.238281
62.151, 60, 17805.683594
62.151, 60, 17806.126953
62.151, 60, 17806.572266
62.151, 60, 17807.017578
62.151, 60, 17807.462891
62.151, 60, 17807.908203
62.151, 60, 17808.353516
62.151, 60, 17808.798828
62.151, 60, 17809.242188
62.151, 60, 17809.687500
62.151, 60, 17810.132812
62.151, 60, 17810.578125
62.151, 60, 17811.023438
62.151, 60, 17811.468750
62.151, 60, 17811.912109
62.151, 60, 17812.357422
62.151, 60, 17812.802734
62.151, 60, 17813.248047
62.151, 60, 17813.693359
62.151, 60, 17814.138672
62.151, 60, 17814.583984
62.151, 60, 17815.027344
62.151, 60, 17815.472656
62.151, 60, 17815.917969
62.151, 60, 17816.363281
62.151, 60, 17816.808594
62.151, 60, 17817.253906
62.151, 60, 17817.699219
62.151, 60, 17818.142578
62.151, 60, 17818.587891
62.151, 60, 17819.033203
62.151, 60, 17819.478516
62.151, 60, 17819.923828
62.151, 60, 17820.369141
62.151, 60, 17820.814453
62.151, 60, 17821.257812
62.151, 60, 17821.703125
62.151, 60, 17822.148438
62.151, 60, 17822.593750
62.151, 60, 17823.039062
62.151, 60, 17823.484375
62.151, 60, 17823.929688
62.151, 60, 17824.373047
62.151, 60, 17824.818359
62.151, 60, 17825.263672
62.151, 60, 17825.708984
62.151, 60, 17826.154297
62.151, 60, 17826.599609
62.151, 60, 17827.044922
62.151, 60, 17827.488281
62.151, 60, 17827.933594
62.151, 60, 17828.378906
62.151, 60, 17828.824219
62.151, 60, 17829.269531
62.151, 60, 17829.714844
62.151, 60, 17830.160156
62.151, 60, 17830.603516
62.151, 60, 17831.048828
62.151, 60, 17831.494141
62.151, 60, 17831.939453
62.151, 60, 17832.384766
62.151, 60, 17832.830078
62.151, 60, 17833.275391
62.151, 60, 17833.718750
62.151, 60, 17834.164062
62.151, 60, 17834.609375
62.151, 60, 17835.054688
62.151, 60, 17835.500000
62.151, 60, 17835.945312
62.151, 60, 17836.390625
62.151, 60, 17836.833984
62.151, 60, 17837.279297
62.151, 60, 17837.724609
62.151, 60, 17838.169922
62.151, 60, 17838.615234
62.151, 60, 17839.060547
62.151, 60, 17839.505859
62.151, 60, 17839.949219
62.151, 60, 17840.394531
62.151, 60, 17840.839844
62.151, 60, 17841.285156
62.151, 60, 17841.730469
62.151, 60, 17842.175781
62.151, 60, 17842.621094
62.151, 60, 17843.064453
62.151, 60, 17843.509766
62.151, 60, 17843.955078
62.151, 60, 17844.400391
62.151, 60, 17844.845703
62.151, 60, 17845.291016
62.151, 60, 17845.736328
62.151, 60, 17846.179688
62.151, 60, 17846.625000
62.151, 60, 17847.070312
62.151, 60, 17847.515625
62.151, 60, 17847.960938
62.151, 60, 17848.406250
62.151, 60, 17848.851562
62.151, 60, 17849.294922
62.151, 60, 17849.740234
62.151, 60, 17850.185547
62.151, 60, 17850.630859
62.151, 60, 17851.076172
62.151, 60, 17851.521484
62.151, 60, 17851.966797
62.151, 60, 17852.410156
62.151, 60, 17852.855469
62.151, 60, 17853.300781
62.151, 60, 17853.746094
62.151, 60, 17854.191406
62.151, 60, 17854.636719
62.151, 60, 17855.082031
62.151, 60, 17855.525391
62.151, 60, 17855.970703
62.151, 60, 17856.416016
62.151, 60, 17856.861328
62.151, 60, 17857.306641
62.151, 60, 17857.751953
62.151, 60, 17858.195312
62.151, 60, 17858.640625
62.151, 60, 17859.085938
62.151, 60, 17859.531250
62.151, 60, 17859.976562
62.151, 60, 17860.421875
62.151, 60, 17860.867188
62.151, 60, 17861.310547
62.151, 60, 17861.755859
62.151, 60, 17862.201172
62.151, 60, 17862.646484
62.151, 60, 17863.091797
62.151, 60, 17863.537109
62.151, 60, 17863.982422
62.151, 60, 17864.425781
62.151, 60, 17864.871094
62.151, 60, 17865.316406
62.151, 60, 17865.761719
62.151, 60, 17866.207031
62.151, 60, 17866.652344
62.151, 60, 17867.097656
62.151, 60, 17867.541016
62.151, 60, 17867.986328
62.151, 60, 17868.431641
62.151, 60, 17868.876953
62.151, 60, 17869.322266
62.151, 60, 17869.767578
62.151, 60, 17870.212891
62.151, 60, 17870.656250
62.151, 60, 17871.101562
62.151, 60, 17871.546875
62.151, 60, 17871.992188
62.151, 60, 17872.437500
62.151, 60, 17872.882812
62.151, 60, 17873.328125
62.151, 60, 17873.771484
62.151, 60, 17874.216797
62.151, 60, 17874.662109
62.247, 60, 17875.107422
62.247, 60, 17875.552734
62.247, 60, 17875.998047
62.247, 60, 17876.443359
62.247, 60, 17876.886719
62.247, 60, 17877.332031
62.247, 60, 17877.777344
62.247, 60, 17878.222656
62.247, 60, 17878.667969
62.247, 60, 17879.113281
62.247, 60, 17879.558594
62.247, 60, 17880.001953
62.247, 60, 17880.447266
62.247, 60, 17880.892578
62.247, 60, 17881.337891
62.247, 60, 17881.783203
62.247, 60, 17882.228516
62.247, 60, 17882.673828
62.247, 60, 17883.117188
62.247, 60, 17883.562500
62.247, 60, 17884.007812
62.247, 60, 17884.453125
62.247, 60, 17884.898438
62.247, 60, 17885.343750
62.247, 60, 17885.789062
62.247, 60, 17886.232422
62.247, 60, 17886.677734
62.247, 60, 17887.123047
62.247, 60, 17887.568359
62.247, 60, 17888.013672
62.247, 60, 17888.458984
62.247, 60, 17888.904297
62.247, 60, 17889.347656
62.247, 60, 17889.792969
62.247, 60, 17890.238281
62.247, 60, 17890.683594
62.247, 60, 17891.128906
62.247, 60, 17891.574219
62.247, 60, 17892.019531
62.247, 60, 17892.462891
62.247, 60, 17892.908203
62.247, 60, 17893.353516
62.247, 60, 17893.798828
62.247, 60, 17894.244141
62.247, 60, 17894.689453
62.247, 60, 17895.134766
62.247, 60, 17895.578125
62.247, 60, 17896.023438
62.247, 60, 17896.468750
62.247, 60, 17896.914062
62.247, 60, 17897.359375
62.247, 60, 17897.804688
62.247, 60, 17898.250000
62.247, 60, 17898.693359
62.247, 60, 17899.138672
62.247, 60, 17899.583984
62.247, 60, 17900.029297
62.247, 60, 17900.474609
62.247, 60, 17900.919922
62.247, 60, 17901.365234
62.247, 60, 17901.808594
62.247, 60, 17902.253906
62.247, 60, 17902.699219
62.247, 60, 17903.144531
62.247, 60, 17903.589844
62.247, 60, 17904.035156
62.247, 60, 17904.478516
62.247, 60, 17904.923828
62.247, 60, 17905.369141
62.247, 60, 17905.814453
62.247, 60, 17906.259766
62.247, 60, 17906.705078
62.247, 60, 17907.150391
62.247, 60, 17907.593750
62.247, 60, 17908.039062
62.247, 60, 17908.484375
62.247, 60, 17908.929688
62.247, 60, 17909.375000
62.247, 60, 17909.820312
62.247, 60, 17910.265625
62.247, 60, 17910.708984
62.247, 60, 17911.154297
62.247, 60, 17911.599609
62.247, 60, 17912.044922
62.247, 60, 17912.490234
62.247, 60, 17912.935547
62.247, 60, 17913.380859
62.247, 60, 17913.824219
62.247, 60, 17914.269531
62.247, 60, 17914.714844
62.247, 60, 17915.160156
62.247, 60, 17915.605469
62.247, 60, 17916.050781
62.247, 60, 17916.496094
62.247, 60, 17916.939453
62.247, 60, 17917.384766
62.247, 60, 17917.830078
62.247, 60, 17918.275391
62.247, 60, 17918.720703
62.247, 60, 17919.166016
62.247, 60, 17919.611328
62.247, 60, 17920.054688
62.247, 60, 17920.500000
62.247, 60, 17920.945312
62.247, 60, 17921.390625
62.342, 60, 17921.835938
62.342, 60, 17922.281250
62.342, 60, 17922.726562
62.342, 60, 17923.169922
62.342, 60, 17923.615234
62.342, 60, 17924.060547
62.342, 60, 17924.505859
62.342, 60, 17924.951172
62.342, 60, 17925.396484
62.342, 60, 17925.841797
62.342, 60, 17926.285156
62.342, 60, 17926.730469
62.342, 60, 17927.175781
62.342, 60, 17927.621094
62.342, 60, 17928.066406
62.342, 60, 17928.511719
62.342, 60, 17928.957031
62.342, 60, 17929.400391
62.342, 60, 17929.845703
62.342, 60, 17930.291016
62.342, 60, 17930.736328
62.342, 60, 17931.181641
62.342, 60, 17931.626953
62.342, 60, 17932.072266
62.342, 60, 17932.515625
62.342, 60, 17932.960938
62.342, 60, 17933.406250
62.342, 60, 17933.851562
62.342, 60, 17934.296875
62.342, 60, 17934.742188
62.342, 60, 17935.187500
62.342, 60, 17935.630859
62.342, 60, 17936.076172
62.342, 60, 17936.521484
62.247, 60, 17936.966797
62.247, 60, 17937.412109
62.247, 60, 17937.857422
62.247, 60, 17938.302734
62.247, 60, 17938.746094
62.247, 60, 17939.191406
62.247, 60, 17939.636719
62.247, 60, 17940.082031
62.247, 60, 17940.527344
62.247, 60, 17940.972656
62.247, 60, 17941.417969
62.247, 60, 17941.861328
62.247, 60, 17942.306641
62.247, 60, 17942.751953
62.247, 60, 17943.197266
62.247, 60, 17943.642578
62.247, 60, 17944.087891
62.247, 60, 17944.533203
62.247, 60, 17944.976562
62.247, 60, 17945.421875
62.247, 60, 17945.867188
62.247, 60, 17946.312500
62.247, 60, 17946.757812
62.247, 60, 17947.203125
62.247, 60, 17947.648438
62.247, 60, 17948.091797
62.247, 60, 17948.537109
62.247, 60, 17948.982422
62.247, 60, 17949.427734
62.247, 60, 17949.873047
62.247, 60, 17950.318359
62.247, 60, 17950.761719
62.247, 60, 17951.207031
62.247, 60, 17951.652344
62.247, 60, 17952.097656
62.247, 60, 17952.542969
62.247, 60, 17952.988281
62.247, 60, 17953.433594
62.247, 60, 17953.876953
62.247, 60, 17954.322266
62.247, 60, 17954.767578
62.247, 60, 17955.212891
62.247, 60, 17955.658203
62.247, 60, 17956.103516
62.247, 60, 17956.548828
62.247, 60, 17956.992188
62.247, 60, 17957.437500
62.247, 60, 17957.882812
62.247, 60, 17958.328125
62.247, 60, 17958.773438
62.247, 60, 17959.218750
62.247, 60, 17959.664062
62.247, 60, 17960.107422
62.247, 60, 17960.552734
62.247, 60, 17960.998047
62.247, 60, 17961.443359
62.247, 60, 17961.888672
62.247, 60, 17962.333984
62.247, 60, 17962.779297
62.247, 60, 17963.222656
62.247, 60, 17963.667969
62.247, 60, 17964.113281
62.247, 60, 17964.558594
62.247, 60, 17965.003906
62.247, 60, 17965.449219
62.247, 60, 17965.894531
62.247, 60, 17966.337891
62.247, 60, 17966.783203
62.342, 60, 17967.228516
62.342, 60, 17967.673828
62.342, 60, 17968.119141
62.342, 60, 17968.564453
62.342, 60, 17969.009766
62.342, 60, 17969.453125
62.342, 60, 17969.898438
62.342, 60, 17970.343750
62.342, 60, 17970.789062
62.342, 60, 17971.234375
62.342, 60, 17971.679688
62.342, 60, 17972.125000
62.342, 60, 17972.568359
62.342, 60, 17973.013672
62.342, 60, 17973.458984
62.342, 60, 17973.904297
62.342, 60, 17974.349609
62.342, 60, 17974.794922
62.342, 60, 17975.240234
62.342, 60, 17975.683594
62.342, 60, 17976.128906
62.342, 60, 17976.574219
62.342, 60, 17977.019531
62.342, 60, 17977.464844
62.342, 60, 17977.910156
62.342, 60, 17978.355469
62.342, 60, 17978.798828
62.342, 60, 17979.244141
62.342, 60, 17979.689453
62.342, 60, 17980.134766
62.342, 60, 17980.580078
62.342, 60, 17981.025391
62.342, 60, 17981.470703
62.342, 60, 17981.914062
62.342, 60, 17982.359375
62.342, 60, 17982.804688
62.342, 60, 17983.250000
62.342, 60, 17983.695312
62.342, 60, 17984.140625
62.342, 60, 17984.585938
62.342, 60, 17985.029297
62.342, 60, 17985.474609
62.342, 60, 17985.919922
62.342, 60, 17986.365234
62.342, 60, 17986.810547
62.342, 60, 17987.255859
62.342, 60, 17987.701172
62.342, 60, 17988.144531
62.342, 60, 17988.589844
62.342, 60, 17989.035156
62.342, 60, 17989.480469
62.342, 60, 17989.925781
62.342, 60, 17990.371094
62.342, 60, 17990.816406
62.342, 60, 17991.259766
62.342, 60, 17991.705078
62.342, 60, 17992.150391
62.342, 60, 17992.595703
62.342, 60, 17993.041016
62.342, 60, 17993.486328
62.342, 60, 17993.931641
62.342, 60, 17994.375000
62.342, 60, 17994.820312
62.342, 60, 17995.265625
62.342, 60, 17995.710938
62.342, 60, 17996.156250
62.342, 60, 17996.601562
62.342, 60, 17997.044922
62.342, 60, 17997.490234
62.342, 60, 17997.935547
62.342, 60, 17998.380859
62.342, 60, 17998.826172
62.342, 60, 17999.271484
62.342, 60, 17999.716797
62.342, 60, 18000.160156
62.342, 60, 18000.605469
62.342, 60, 18001.050781
62.342, 60, 18001.496094
62.342, 60, 18001.941406
62.342, 60, 18002.386719
62.342, 60, 18002.832031
62.342, 60, 18003.275391
62.342, 60, 18003.720703
62.342, 60, 18004.166016
62.342, 60, 18004.611328
62.342, 60, 18005.056641
62.342, 60, 18005.501953
62.342, 60, 18005.947266
62.342, 60, 18006.390625
62.342, 60, 18006.835938
62.342, 60, 18007.281250
62.342, 60, 18007.726562
62.342, 60, 18008.171875
62.342, 60, 18008.617188
62.342, 60, 18009.062500
62.342, 60, 18009.505859
62.342, 60, 18009.951172
62.342, 60, 18010.396484
62.342, 60, 18010.841797
62.342, 60, 18011.287109
62.342, 60, 18011.732422
62.342, 60, 18012.177734
62.342, 60, 18012.621094
62.342, 60, 18013.066406
62.342, 60, 18013.511719
62.342, 60, 18013.957031
62.342, 60, 18014.402344
62.342, 60, 18014.847656
62.342, 60, 18015.292969
62.342, 60, 18015.736328
62.342, 60, 18016.181641
62.342, 60, 18016.626953
62.342, 60, 18017.072266
62.342, 60, 18017.517578
62.342, 60, 18017.962891
62.342, 60, 18018.408203
62.342, 60, 18018.851562
62.342, 60, 18019.296875
62.342, 60, 18019.742188
62.342, 60, 18020.187500
62.342, 60, 18020.632812
62.342, 60, 18021.078125
62.342, 60, 18021.523438
62.342, 60, 18021.966797
62.342, 60, 18022.412109
62.342, 60, 18022.857422
62.342, 60, 18023.302734
62.342, 60, 18023.748047
62.342, 60, 18024.193359
62.342, 60, 18024.638672
62.342, 60, 18025.082031
62.342, 60, 18025.527344
62.342, 60, 18025.972656
62.342, 60, 18026.417969
62.342, 60, 18026.863281
62.342, 60, 18027.308594
62.342, 60, 18027.753906
62.342, 60, 18028.197266
62.342, 60, 18028.642578
62.342, 60, 18029.087891
62.342, 60, 18029.533203
62.342, 60, 18029.978516
62.342, 60, 18030.423828
62.342, 60, 18030.869141
62.342, 60, 18031.312500
62.342, 60, 18031.757812
62.342, 60, 18032.203125
62.342, 60, 18032.648438
62.342, 60, 18033.093750
62.342, 60, 18033.539062
62.342, 60, 18033.984375
62.342, 60, 18034.427734
62.342, 60, 18034.873047
62.342, 60, 18035.318359
62.342, 60, 18035.763672
62.342, 60, 18036.208984
62.342, 60, 18036.654297
62.342, 60, 18037.099609
62.342, 60, 18037.542969
62.342, 60, 18037.988281
62.342, 60, 18038.433594
62.342, 60, 18038.878906
62.342, 60, 18039.324219
62.342, 60, 18039.769531
62.342, 60, 18040.214844
62.342, 60, 18040.658203
62.342, 60, 18041.103516
62.342, 60, 18041.548828
62.342, 60, 18041.994141
62.342, 60, 18042.439453
62.342, 60, 18042.884766
62.437, 60, 18043.328125
62.437, 60, 18043.773438
62.437, 60, 18044.218750
62.437, 60, 18044.664062
62.437, 60, 18045.109375
62.437, 60, 18045.554688
62.437, 60, 18046.000000
62.437, 60, 18046.443359
62.437, 60, 18046.888672
62.437, 60, 18047.333984
62.437, 60, 18047.779297
62.437, 60, 18048.224609
62.437, 60, 18048.669922
62.437, 60, 18049.115234
62.437, 60, 18049.558594
62.437, 60, 18050.003906
62.437, 60, 18050.449219
62.437, 60, 18050.894531
62.437, 60, 18051.339844
62.437, 60, 18051.785156
62.437, 60, 18052.230469
62.437, 60, 18052.673828
62.437, 60, 18053.119141
62.437, 60, 18053.564453
62.437, 60, 18054.009766
62.437, 60, 18054.455078
62.437, 60, 18054.900391
62.437, 60, 18055.345703
62.437, 60, 18055.789062
62.437, 60, 18056.234375
62.437, 60, 18056.679688
62.437, 60, 18057.125000
62.437, 60, 18057.570312
62.437, 60, 18058.015625
62.437, 60, 18058.460938
62.437, 60, 18058.904297
62.437, 60, 18059.349609
62.437, 60, 18059.794922
62.437, 60, 18060.240234
62.437, 60, 18060.685547
62.437, 60, 18061.130859
62.437, 60, 18061.576172
62.437, 60, 18062.019531
62.437, 60, 18062.464844
62.437, 60, 18062.910156
62.437, 60, 18063.355469
62.437, 60, 18063.800781
62.437, 60, 18064.246094
62.437, 60, 18064.691406
62.437, 60, 18065.134766
62.437, 60, 18065.580078
62.437, 60, 18066.025391
62.437, 60, 18066.470703
62.437, 60, 18066.916016
62.437, 60, 18067.361328
62.437, 60, 18067.806641
62.437, 60, 18068.250000
62.437, 60, 18068.695312
62.437, 60, 18069.140625
62.437, 60, 18069.585938
62.437, 60, 18070.031250
62.437, 60, 18070.476562
62.437, 60, 18070.921875
62.437, 60, 18071.365234
62.437, 60, 18071.810547
62.437, 60, 18072.255859
62.437, 60, 18072.701172
62.437, 60, 18073.146484
62.437, 60, 18073.591797
62.437, 60, 18074.037109
62.247, 60, 18074.480469
62.247, 60, 18074.925781
62.247, 60, 18075.371094
62.247, 60, 18075.816406
62.247, 60, 18076.261719
62.247, 60, 18076.707031
62.247, 60, 18077.152344
62.247, 60, 18077.595703
62.247, 60, 18078.041016
62.247, 60, 18078.486328
62.247, 60, 18078.931641
62.247, 60, 18079.376953
62.247, 60, 18079.822266
62.247, 60, 18080.267578
62.247, 60, 18080.710938
62.247, 60, 18081.156250
62.247, 60, 18081.601562
62.247, 60, 18082.046875
62.247, 60, 18082.492188
62.247, 60, 18082.937500
62.247, 60, 18083.382812
62.247, 60, 18083.826172
62.247, 60, 18084.271484
62.247, 60, 18084.716797
62.247, 60, 18085.162109
62.247, 60, 18085.607422
62.247, 60, 18086.052734
62.247, 60, 18086.498047
62.247, 60, 18086.941406
62.247, 60, 18087.386719
62.247, 60, 18087.832031
62.247, 60, 18088.277344
62.247, 60, 18088.722656
62.247, 60, 18089.167969
62.151, 60, 18089.611328
62.151, 60, 18090.056641
62.151, 60, 18090.501953
62.151, 60, 18090.947266
62.151, 60, 18091.392578
62.151, 60, 18091.837891
62.151, 60, 18092.283203
62.151, 60, 18092.726562
62.151, 60, 18093.171875
62.151, 60, 18093.617188
62.151, 60, 18094.062500
62.151, 60, 18094.507812
62.151, 60, 18094.953125
62.151, 60, 18095.398438
62.151, 60, 18095.841797
62.151, 60, 18096.287109
62.151, 60, 18096.732422
62.151, 60, 18097.177734
62.151, 60, 18097.623047
62.151, 60, 18098.068359
62.151, 60, 18098.513672
62.151, 60, 18098.957031
62.151, 60, 18099.402344
62.151, 60, 18099.847656
62.151, 60, 18100.292969
62.151, 60, 18100.738281
62.151, 60, 18101.183594
62.151, 60, 18101.628906
62.151, 60, 18102.072266
62.151, 60, 18102.517578
62.151, 60, 18102.962891
62.151, 60, 18103.408203
62.151, 60, 18103.853516
62.151, 60, 18104.298828
62.151, 60, 18104.744141
61.961, 60, 18105.187500
61.961, 60, 18105.632812
61.961, 60, 18106.078125
61.961, 60, 18106.523438
61.961, 60, 18106.968750
61.961, 60, 18107.414062
61.961, 60, 18107.859375
61.961, 60, 18108.302734
61.961, 60, 18108.748047
61.961, 60, 18109.193359
61.961, 60, 18109.638672
61.961, 60, 18110.083984
61.961, 60, 18110.529297
61.961, 60, 18110.974609
61.961, 60, 18111.417969
61.961, 60, 18111.863281
61.961, 60, 18112.308594
61.961, 60, 18112.753906
61.961, 60, 18113.199219
61.961, 60, 18113.644531
61.961, 60, 18114.089844
61.961, 60, 18114.533203
61.961, 60, 18114.978516
61.961, 60, 18115.423828
61.961, 60, 18115.869141
61.961, 60, 18116.314453
61.961, 60, 18116.759766
61.961, 60, 18117.205078
61.961, 60, 18117.648438
61.961, 60, 18118.093750
61.961, 60, 18118.539062
61.961, 60, 18118.984375
61.961, 60, 18119.429688
61.961, 60, 18119.875000
61.961, 60, 18120.320312
61.961, 60, 18120.763672
61.961, 60, 18121.208984
61.961, 60, 18121.654297
61.961, 60, 18122.099609
61.961, 60, 18122.544922
61.961, 60, 18122.990234
61.961, 60, 18123.435547
61.961, 60, 18123.878906
61.961, 60, 18124.324219
61.961, 60, 18124.769531
61.961, 60, 18125.214844
61.961, 60, 18125.660156
61.961, 60, 18126.105469
61.961, 60, 18126.550781
61.961, 60, 18126.994141
61.961, 60, 18127.439453
61.961, 60, 18127.884766
61.961, 60, 18128.330078
61.961, 60, 18128.775391
61.961, 60, 18129.220703
61.961, 60, 18129.666016
61.961, 60, 18130.109375
61.961, 60, 18130.554688
61.961, 60, 18131.000000
61.961, 60, 18131.445312
61.961, 60, 18131.890625
61.961, 60, 18132.335938
61.961, 60, 18132.781250
61.961, 60, 18133.224609
61.961, 60, 18133.669922
61.961, 60, 18134.115234
61.961, 60, 18134.560547
61.961, 60, 18135.005859
61.961, 60, 18135.451172
61.961, 60, 18135.894531
61.961, 60, 18136.339844
61.961, 60, 18136.785156
61.961, 60, 18137.230469
61.961, 60, 18137.675781
61.961, 60, 18138.121094
61.961, 60, 18138.566406
61.961, 60, 18139.009766
61.961, 60, 18139.455078
61.961, 60, 18139.900391
61.961, 60, 18140.345703
61.961, 60, 18140.791016
61.961, 60, 18141.236328
61.961, 60, 18141.681641
61.961, 60, 18142.125000
61.961, 60, 18142.570312
61.961, 60, 18143.015625
61.961, 60, 18143.460938
61.961, 60, 18143.906250
61.961, 60, 18144.351562
61.961, 60, 18144.796875
61.961, 60, 18145.240234
61.961, 60, 18145.685547
61.961, 60, 18146.130859
61.961, 60, 18146.576172
61.961, 60, 18147.021484
61.961, 60, 18147.466797
61.961, 60, 18147.912109
61.961, 60, 18148.355469
61.961, 60, 18148.800781
61.961, 60, 18149.246094
61.961, 60, 18149.691406
61.961, 60, 18150.136719
61.961, 60, 18150.582031
61.961, 60, 18151.027344
61.961, 60, 18151.470703
61.961, 60, 18151.916016
61.961, 60, 18152.361328
61.961, 60, 18152.806641
61.961, 60, 18153.251953
61.961, 60, 18153.697266
61.961, 60, 18154.142578
61.961, 60, 18154.585938
61.961, 60, 18155.031250
61.961, 60, 18155.476562
61.961, 60, 18155.921875
61.961, 60, 18156.367188
61.961, 60, 18156.812500
61.961, 60, 18157.257812
61.961, 60, 18157.701172
61.961, 60, 18158.146484
61.961, 60, 18158.591797
61.961, 60, 18159.037109
61.961, 60, 18159.482422
61.961, 60, 18159.927734
61.961, 60, 18160.373047
61.961, 60, 18160.816406
61.961, 60, 18161.261719
61.961, 60, 18161.707031
61.961, 60, 18162.152344
61.961, 60, 18162.597656
61.961, 60, 18163.042969
61.961, 60, 18163.488281
61.961, 60, 18163.931641
61.961, 60, 18164.376953
61.961, 60, 18164.822266
61.961, 60, 18165.267578
61.961, 60, 18165.712891
61.961, 60, 18166.158203
61.961, 60, 18166.603516
61.961, 60, 18167.046875
61.961, 60, 18167.492188
61.961, 60, 18167.937500
61.961, 60, 18168.382812
61.961, 60, 18168.828125
61.961, 60, 18169.273438
61.961, 60, 18169.718750
61.961, 60, 18170.162109
61.961, 60, 18170.607422
61.961, 60, 18171.052734
61.961, 60, 18171.498047
61.961, 60, 18171.943359
61.961, 60, 18172.388672
61.961, 60, 18172.833984
61.961, 60, 18173.277344
61.961, 60, 18173.722656
61.961, 60, 18174.167969
61.961, 60, 18174.613281
61.961, 60, 18175.058594
61.961, 60, 18175.503906
61.961, 60, 18175.949219
61.961, 60, 18176.392578
61.961, 60, 18176.837891
61.961, 60, 18177.283203
61.961, 60, 18177.728516
61.961, 60, 18178.173828
61.961, 60, 18178.619141
61.961, 60, 18179.064453
61.961, 60, 18179.507812
61.961, 60, 18179.953125
61.961, 60, 18180.398438
61.961, 60, 18180.843750
61.961, 60, 18181.289062
61.961, 60, 18181.734375
61.961, 60, 18182.177734
61.961, 60, 18182.623047
61.961, 60, 18183.068359
61.961, 60, 18183.513672
61.961, 60, 18183.958984
61.961, 60, 18184.404297
61.961, 60, 18184.849609
61.961, 60, 18185.292969
61.961, 60, 18185.738281
61.961, 60, 18186.183594
61.961, 60, 18186.628906
61.961, 60, 18187.074219
61.961, 60, 18187.519531
61.961, 60, 18187.964844
61.961, 60, 18188.408203
61.961, 60, 18188.853516
61.961, 60, 18189.298828
61.961, 60, 18189.744141
61.961, 60, 18190.189453
61.961, 60, 18190.634766
61.961, 60, 18191.080078
61.961, 60, 18191.523438
61.961, 60, 18191.968750
61.961, 60, 18192.414062
61.961, 60, 18192.859375
61.961, 60, 18193.304688
61.961, 60, 18193.750000
61.961, 60, 18194.195312
61.961, 60, 18194.638672
61.961, 60, 18195.083984
61.961, 60, 18195.529297
61.961, 60, 18195.974609
61.961, 60, 18196.419922
61.961, 60, 18196.865234
61.961, 60, 18197.310547
61.961, 60, 18197.753906
61.961, 60, 18198.199219
61.961, 60, 18198.644531
61.961, 60, 18199.089844
61.961, 60, 18199.535156
61.961, 60, 18199.980469
61.961, 60, 18200.425781
61.961, 60, 18200.869141
61.961, 60, 18201.314453
61.961, 60, 18201.759766
61.961, 60, 18202.205078
61.961, 60, 18202.650391
61.961, 60, 18203.095703
61.961, 60, 18203.541016
61.961, 60, 18203.984375
61.961, 60, 18204.429688
61.961, 60, 18204.875000
61.961, 60, 18205.320312
61.961, 60, 18205.765625
61.961, 60, 18206.210938
61.961, 60, 18206.656250
61.961, 60, 18207.099609
61.961, 60, 18207.544922
61.961, 60, 18207.990234
61.961, 60, 18208.435547
61.961, 60, 18208.880859
61.961, 60, 18209.326172
61.961, 60, 18209.771484
61.961, 60, 18210.214844
61.961, 60, 18210.660156
61.961, 60, 18211.105469
62.056, 60, 18211.550781
62.056, 60, 18211.996094
62.056, 60, 18212.441406
62.056, 60, 18212.886719
62.056, 60, 18213.330078
62.056, 60, 18213.775391
62.056, 60, 18214.220703
62.056, 60, 18214.666016
62.056, 60, 18215.111328
62.056, 60, 18215.556641
62.056, 60, 18216.001953
62.056, 60, 18216.445312
62.056, 60, 18216.890625
62.056, 60, 18217.335938
62.056, 60, 18217.781250
62.056, 60, 18218.226562
62.056, 60, 18218.671875
62.056, 60, 18219.117188
62.056, 60, 18219.560547
62.056, 60, 18220.005859
62.056, 60, 18220.451172
62.056, 60, 18220.896484
62.056, 60, 18221.341797
62.056, 60, 18221.787109
62.056, 60, 18222.232422
62.056, 60, 18222.675781
62.056, 60, 18223.121094
62.056, 60, 18223.566406
62.056, 60, 18224.011719
62.056, 60, 18224.457031
62.056, 60, 18224.902344
62.056, 60, 18225.347656
62.056, 60, 18225.791016
62.056, 60, 18226.236328
62.056, 60, 18226.681641
62.151, 60, 18227.126953
62.151, 60, 18227.572266
62.151, 60, 18228.017578
62.151, 60, 18228.460938
62.151, 60, 18228.906250
62.151, 60, 18229.351562
62.151, 60, 18229.796875
62.151, 60, 18230.242188
62.151, 60, 18230.687500
62.151, 60, 18231.132812
62.151, 60, 18231.576172
62.151, 60, 18232.021484
62.151, 60, 18232.466797
62.151, 60, 18232.912109
62.151, 60, 18233.357422
62.151, 60, 18233.802734
62.151, 60, 18234.248047
62.151, 60, 18234.691406
62.151, 60, 18235.136719
62.151, 60, 18235.582031
62.151, 60, 18236.027344
62.151, 60, 18236.472656
62.151, 60, 18236.917969
62.151, 60, 18237.363281
62.151, 60, 18237.806641
62.151, 60, 18238.251953
62.151, 60, 18238.697266
62.151, 60, 18239.142578
62.151, 60, 18239.587891
62.151, 60, 18240.033203
62.151, 60, 18240.478516
62.151, 60, 18240.921875
62.151, 60, 18241.367188
62.151, 60, 18241.812500
62.151, 60, 18242.257812
62.056, 60, 18242.703125
62.056, 60, 18243.148438
62.056, 60, 18243.593750
62.056, 60, 18244.037109
62.056, 60, 18244.482422
62.056, 60, 18244.927734
62.056, 60, 18245.373047
62.056, 60, 18245.818359
62.056, 60, 18246.263672
62.056, 60, 18246.708984
62.056, 60, 18247.152344
62.056, 60, 18247.597656
62.056, 60, 18248.042969
62.056, 60, 18248.488281
62.056, 60, 18248.933594
62.056, 60, 18249.378906
62.056, 60, 18249.824219
62.056, 60, 18250.267578
62.056, 60, 18250.712891
62.056, 60, 18251.158203
62.056, 60, 18251.603516
62.056, 60, 18252.048828
62.056, 60, 18252.494141
62.056, 60, 18252.939453
62.056, 60, 18253.382812
62.056, 60, 18253.828125
62.056, 60, 18254.273438
62.056, 60, 18254.718750
62.056, 60, 18255.164062
62.056, 60, 18255.609375
62.056, 60, 18256.054688
62.056, 60, 18256.498047
62.056, 60, 18256.943359
62.056, 60, 18257.388672
62.056, 60, 18257.833984
61.961, 60, 18258.279297
61.961, 60, 18258.724609
61.961, 60, 18259.169922
61.961, 60, 18259.613281
61.961, 60, 18260.058594
61.961, 60, 18260.503906
61.961, 60, 18260.949219
61.961, 60, 18261.394531
61.961, 60, 18261.839844
61.961, 60, 18262.285156
61.961, 60, 18262.728516
61.961, 60, 18263.173828
61.961, 60, 18263.619141
61.961, 60, 18264.064453
61.961, 60, 18264.509766
61.961, 60, 18264.955078
61.961, 60, 18265.400391
61.961, 60, 18265.843750
61.961, 60, 18266.289062
61.961, 60, 18266.734375
61.961, 60, 18267.179688
61.961, 60, 18267.625000
61.961, 60, 18268.070312
61.961, 60, 18268.515625
61.961, 60, 18268.958984
61.961, 60, 18269.404297
61.961, 60, 18269.849609
61.961, 60, 18270.294922
61.961, 60, 18270.740234
61.961, 60, 18271.185547
61.961, 60, 18271.630859
61.961, 60, 18272.074219
61.961, 60, 18272.519531
61.961, 60, 18272.964844
61.961, 60, 18273.410156
61.961, 60, 18273.855469
61.961, 60, 18274.300781
61.961, 60, 18274.746094
61.961, 60, 18275.189453
61.961, 60, 18275.634766
61.961, 60, 18276.080078
61.961, 60, 18276.525391
61.961, 60, 18276.970703
61.961, 60, 18277.416016
61.961, 60, 18277.859375
61.961, 60, 18278.304688
61.961, 60, 18278.750000
61.961, 60, 18279.195312
61.961, 60, 18279.640625
61.961, 60, 18280.085938
61.961, 60, 18280.531250
61.961, 60, 18280.974609
61.961, 60, 18281.419922
61.961, 60, 18281.865234
61.961, 60, 18282.310547
61.961, 60, 18282.755859
61.961, 60, 18283.201172
61.961, 60, 18283.646484
61.961, 60, 18284.089844
61.961, 60, 18284.535156
61.961, 60, 18284.980469
61.961, 60, 18285.425781
61.961, 60, 18285.871094
61.961, 60, 18286.316406
61.961, 60, 18286.761719
61.961, 60, 18287.205078
61.961, 60, 18287.650391
61.961, 60, 18288.095703
61.961, 60, 18288.541016
61.961, 60, 18288.986328
61.961, 60, 18289.431641
62.056, 60, 18289.876953
62.056, 60, 18290.320312
62.056, 60, 18290.765625
62.056, 60, 18291.210938
62.056, 60, 18291.656250
62.056, 60, 18292.101562
62.056, 60, 18292.546875
62.056, 60, 18292.992188
62.056, 60, 18293.435547
62.056, 60, 18293.880859
62.056, 60, 18294.326172
62.056, 60, 18294.771484
62.056, 60, 18295.216797
62.056, 60, 18295.662109
62.056, 60, 18296.107422
62.056, 60, 18296.550781
62.056, 60, 18296.996094
62.056, 60, 18297.441406
62.056, 60, 18297.886719
62.056, 60, 18298.332031
62.056, 60, 18298.777344
62.056, 60, 18299.222656
62.056, 60, 18299.666016
62.056, 60, 18300.111328
62.056, 60, 18300.556641
62.056, 60, 18301.001953
62.056, 60, 18301.447266
62.056, 60, 18301.892578
62.056, 60, 18302.337891
62.056, 60, 18302.781250
62.056, 60, 18303.226562
62.056, 60, 18303.671875
62.056, 60, 18304.117188
62.056, 60, 18304.562500
62.151, 60, 18305.007812
62.151, 60, 18305.453125
62.151, 60, 18305.896484
62.151, 60, 18306.341797
62.151, 60, 18306.787109
62.151, 60, 18307.232422
62.151, 60, 18307.677734
62.151, 60, 18308.123047
62.151, 60, 18308.568359
62.151, 60, 18309.011719
62.151, 60, 18309.457031
62.151, 60, 18309.902344
62.151, 60, 18310.347656
62.151, 60, 18310.792969
62.151, 60, 18311.238281
62.151, 60, 18311.683594
62.151, 60, 18312.126953
62.151, 60, 18312.572266
62.151, 60, 18313.017578
62.151, 60, 18313.462891
62.151, 60, 18313.908203
62.151, 60, 18314.353516
62.151, 60, 18314.798828
62.151, 60, 18315.242188
62.151, 60, 18315.687500
62.151, 60, 18316.132812
62.151, 60, 18316.578125
62.151, 60, 18317.023438
62.151, 60, 18317.468750
62.151, 60, 18317.914062
62.151, 60, 18318.357422
62.151, 60, 18318.802734
62.151, 60, 18319.248047
62.151, 60, 18319.693359
62.151, 60, 18320.138672
62.151, 60, 18320.583984
62.151, 60, 18321.029297
62.151, 60, 18321.472656
62.151, 60, 18321.917969
62.151, 60, 18322.363281
62.151, 60, 18322.808594
62.151, 60, 18323.253906
62.151, 60, 18323.699219
62.151, 60, 18324.142578
62.151, 60, 18324.587891
62.151, 60, 18325.033203
62.151, 60, 18325.478516
62.151, 60, 18325.923828
62.151, 60, 18326.369141
62.151, 60, 18326.814453
62.151, 60, 18327.257812
62.151, 60, 18327.703125
62.151, 60, 18328.148438
62.151, 60, 18328.593750
62.151, 60, 18329.039062
62.151, 60, 18329.484375
62.151, 60, 18329.929688
62.151, 60, 18330.373047
62.151, 60, 18330.818359
62.151, 60, 18331.263672
62.151, 60, 18331.708984
62.151, 60, 18332.154297
62.151, 60, 18332.599609
62.151, 60, 18333.044922
62.151, 60, 18333.488281
62.151, 60, 18333.933594
62.151, 60, 18334.378906
62.151, 60, 18334.824219
62.151, 60, 18335.269531
62.151, 60, 18335.714844
62.151, 60, 18336.160156
62.151, 60, 18336.603516
62.151, 60, 18337.048828
62.151, 60, 18337.494141
62.151, 60, 18337.939453
62.151, 60, 18338.384766
62.151, 60, 18338.830078
62.151, 60, 18339.275391
62.151, 60, 18339.718750
62.151, 60, 18340.164062
62.151, 60, 18340.609375
62.151, 60, 18341.054688
62.151, 60, 18341.500000
62.151, 60, 18341.945312
62.151, 60, 18342.390625
62.151, 60, 18342.833984
62.151, 60, 18343.279297
62.151, 60, 18343.724609
62.151, 60, 18344.169922
62.151, 60, 18344.615234
62.151, 60, 18345.060547
62.151, 60, 18345.505859
62.151, 60, 18345.949219
62.151, 60, 18346.394531
62.151, 60, 18346.839844
62.151, 60, 18347.285156
62.151, 60, 18347.730469
62.151, 60, 18348.175781
62.151, 60, 18348.621094
62.151, 60, 18349.064453
62.151, 60, 18349.509766
62.151, 60, 18349.955078
62.151, 60, 18350.400391
62.151, 60, 18350.845703
62.247, 60, 18351.291016
62.247, 60, 18351.736328
62.247, 60, 18352.179688
62.247, 60, 18352.625000
62.247, 60, 18353.070312
62.247, 60, 18353.515625
62.247, 60, 18353.960938
62.247, 60, 18354.406250
62.247, 60, 18354.851562
62.247, 60, 18355.294922
62.247, 60, 18355.740234
62.247, 60, 18356.185547
62.247, 60, 18356.630859
62.247, 60, 18357.076172
62.247, 60, 18357.521484
62.247, 60, 18357.966797
62.247, 60, 18358.410156
62.247, 60, 18358.855469
62.247, 60, 18359.300781
62.247, 60, 18359.746094
62.247, 60, 18360.191406
62.247, 60, 18360.636719
62.247, 60, 18361.082031
62.247, 60, 18361.525391
62.247, 60, 18361.970703
62.247, 60, 18362.416016
62.247, 60, 18362.861328
62.247, 60, 18363.306641
62.247, 60, 18363.751953
62.247, 60, 18364.197266
62.247, 60, 18364.640625
62.247, 60, 18365.085938
62.247, 60, 18365.531250
62.247, 60, 18365.976562
62.247, 60, 18366.421875
62.247, 60, 18366.867188
62.247, 60, 18367.312500
62.247, 60, 18367.755859
62.247, 60, 18368.201172
62.247, 60, 18368.646484
62.247, 60, 18369.091797
62.247, 60, 18369.537109
62.247, 60, 18369.982422
62.247, 60, 18370.425781
62.247, 60, 18370.871094
62.247, 60, 18371.316406
62.247, 60, 18371.761719
62.247, 60, 18372.207031
62.247, 60, 18372.652344
62.247, 60, 18373.097656
62.247, 60, 18373.541016
62.247, 60, 18373.986328
62.247, 60, 18374.431641
62.247, 60, 18374.876953
62.247, 60, 18375.322266
62.247, 60, 18375.767578
62.247, 60, 18376.212891
62.247, 60, 18376.656250
62.247, 60, 18377.101562
62.247, 60, 18377.546875
62.247, 60, 18377.992188
62.247, 60, 18378.437500
62.247, 60, 18378.882812
62.247, 60, 18379.328125
62.247, 60, 18379.771484
62.247, 60, 18380.216797
62.247, 60, 18380.662109
62.247, 60, 18381.107422
62.247, 60, 18381.552734
62.247, 60, 18381.998047
62.247, 60, 18382.443359
62.247, 60, 18382.886719
62.247, 60, 18383.332031
62.247, 60, 18383.777344
62.247, 60, 18384.222656
62.247, 60, 18384.667969
62.247, 60, 18385.113281
62.247, 60, 18385.558594
62.247, 60, 18386.001953
62.247, 60, 18386.447266
62.247, 60, 18386.892578
62.247, 60, 18387.337891
62.247, 60, 18387.783203
62.247, 60, 18388.228516
62.247, 60, 18388.673828
62.247, 60, 18389.117188
62.247, 60, 18389.562500
62.247, 60, 18390.007812
62.247, 60, 18390.453125
62.247, 60, 18390.898438
62.247, 60, 18391.343750
62.247, 60, 18391.789062
62.247, 60, 18392.232422
62.247, 60, 18392.677734
62.247, 60, 18393.123047
62.247, 60, 18393.568359
62.247, 60, 18394.013672
62.247, 60, 18394.458984
62.247, 60, 18394.904297
62.247, 60, 18395.347656
62.247, 60, 18395.792969
62.247, 60, 18396.238281
62.342, 60, 18396.683594
62.342, 60, 18397.128906
62.342, 60, 18397.574219
62.342, 60, 18398.019531
62.342, 60, 18398.462891
62.342, 60, 18398.908203
62.342, 60, 18399.353516
62.342, 60, 18399.798828
62.342, 60, 18400.244141
62.342, 60, 18400.689453
62.342, 60, 18401.134766
62.342, 60, 18401.578125
62.342, 60, 18402.023438
62.342, 60, 18402.468750
62.342, 60, 18402.914062
62.342, 60, 18403.359375
62.342, 60, 18403.804688
62.342, 60, 18404.250000
62.342, 60, 18404.693359
62.342, 60, 18405.138672
62.342, 60, 18405.583984
62.342, 60, 18406.029297
62.342, 60, 18406.474609
62.342, 60, 18406.919922
62.342, 60, 18407.365234
62.342, 60, 18407.808594
62.342, 60, 18408.253906
62.342, 60, 18408.699219
62.342, 60, 18409.144531
62.342, 60, 18409.589844
62.342, 60, 18410.035156
62.342, 60, 18410.480469
62.342, 60, 18410.923828
62.342, 60, 18411.369141
62.342, 60, 18411.814453
62.247, 60, 18412.259766
62.247, 60, 18412.705078
62.247, 60, 18413.150391
62.247, 60, 18413.595703
62.247, 60, 18414.039062
62.247, 60, 18414.484375
62.247, 60, 18414.929688
62.247, 60, 18415.375000
62.247, 60, 18415.820312
62.247, 60, 18416.265625
62.247, 60, 18416.708984
62.247, 60, 18417.154297
62.247, 60, 18417.599609
62.247, 60, 18418.044922
62.247, 60, 18418.490234
62.247, 60, 18418.935547
62.247, 60, 18419.380859
62.247, 60, 18419.824219
62.247, 60, 18420.269531
62.247, 60, 18420.714844
62.247, 60, 18421.160156
62.247, 60, 18421.605469
62.247, 60, 18422.050781
62.247, 60, 18422.496094
62.247, 60, 18422.939453
62.247, 60, 18423.384766
62.247, 60, 18423.830078
62.247, 60, 18424.275391
62.247, 60, 18424.720703
62.247, 60, 18425.166016
62.247, 60, 18425.611328
62.247, 60, 18426.054688
62.247, 60, 18426.500000
62.247, 60, 18426.945312
62.247, 60, 18427.390625
62.151, 60, 18427.835938
62.151, 60, 18428.281250
62.151, 60, 18428.726562
62.151, 60, 18429.169922
62.151, 60, 18429.615234
62.151, 60, 18430.060547
62.151, 60, 18430.505859
62.151, 60, 18430.951172
62.151, 60, 18431.396484
62.151, 60, 18431.841797
62.151, 60, 18432.285156
62.151, 60, 18432.730469
62.151, 60, 18433.175781
62.151, 60, 18433.621094
62.151, 60, 18434.066406
62.151, 60, 18434.511719
62.151, 60, 18434.957031
62.151, 60, 18435.400391
62.151, 60, 18435.845703
62.151, 60, 18436.291016
62.151, 60, 18436.736328
62.151, 60, 18437.181641
62.151, 60, 18437.626953
62.151, 60, 18438.072266
62.151, 60, 18438.515625
62.151, 60, 18438.960938
62.151, 60, 18439.406250
62.151, 60, 18439.851562
62.151, 60, 18440.296875
62.151, 60, 18440.742188
62.151, 60, 18441.187500
62.151, 60, 18441.630859
62.151, 60, 18442.076172
62.151, 60, 18442.521484
62.151, 60, 18442.966797
62.151, 60, 18443.412109
62.151, 60, 18443.857422
62.151, 60, 18444.302734
62.151, 60, 18444.746094
62.151, 60, 18445.191406
62.151, 60, 18445.636719
62.151, 60, 18446.082031
62.151, 60, 18446.527344
62.151, 60, 18446.972656
62.151, 60, 18447.417969
62.151, 60, 18447.861328
62.151, 60, 18448.306641
62.151, 60, 18448.751953
62.151, 60, 18449.197266
62.151, 60, 18449.642578
62.151, 60, 18450.087891
62.151, 60, 18450.533203
62.151, 60, 18450.976562
62.151, 60, 18451.421875
62.151, 60, 18451.867188
62.151, 60, 18452.312500
62.151, 60, 18452.757812
62.151, 60, 18453.203125
62.151, 60, 18453.648438
62.151, 60, 18454.091797
62.151, 60, 18454.537109
62.151, 60, 18454.982422
62.151, 60, 18455.427734
62.151, 60, 18455.873047
62.151, 60, 18456.318359
62.151, 60, 18456.763672
62.151, 60, 18457.207031
62.151, 60, 18457.652344
62.151, 60, 18458.097656
62.151, 60, 18458.542969
62.151, 60, 18458.988281
62.151, 60, 18459.433594
62.151, 60, 18459.878906
62.151, 60, 18460.322266
62.151, 60, 18460.767578
62.151, 60, 18461.212891
62.151, 60, 18461.658203
62.151, 60, 18462.103516
62.151, 60, 18462.548828
62.151, 60, 18462.992188
62.151, 60, 18463.437500
62.151, 60, 18463.882812
62.151, 60, 18464.328125
62.151, 60, 18464.773438
62.151, 60, 18465.218750
62.151, 60, 18465.664062
62.151, 60, 18466.107422
62.151, 60, 18466.552734
62.151, 60, 18466.998047
62.151, 60, 18467.443359
62.151, 60, 18467.888672
62.151, 60, 18468.333984
62.151, 60, 18468.779297
62.151, 60, 18469.222656
62.151, 60, 18469.667969
62.151, 60, 18470.113281
62.151, 60, 18470.558594
62.151, 60, 18471.003906
62.151, 60, 18471.449219
62.151, 60, 18471.894531
62.151, 60, 18472.337891
62.151, 60, 18472.783203
62.151, 60, 18473.228516
62.247, 60, 18473.673828
62.247, 60, 18474.119141
62.247, 60, 18474.564453
62.247, 60, 18475.009766
62.247, 60, 18475.453125
62.247, 60, 18475.898438
62.247, 60, 18476.343750
62.247, 60, 18476.789062
62.247, 60, 18477.234375
62.247, 60, 18477.679688
62.247, 60, 18478.125000
62.247, 60, 18478.568359
62.247, 60, 18479.013672
62.247, 60, 18479.458984
62.247, 60, 18479.904297
62.247, 60, 18480.349609
62.247, 60, 18480.794922
62.247, 60, 18481.240234
62.247, 60, 18481.683594
62.247, 60, 18482.128906
62.247, 60, 18482.574219
62.247, 60, 18483.019531
62.247, 60, 18483.464844
62.247, 60, 18483.910156
62.247, 60, 18484.355469
62.247, 60, 18484.798828
62.247, 60, 18485.244141
62.247, 60, 18485.689453
62.247, 60, 18486.134766
62.247, 60, 18486.580078
62.247, 60, 18487.025391
62.247, 60, 18487.470703
62.247, 60, 18487.914062
62.247, 60, 18488.359375
62.247, 60, 18488.804688
62.151, 60, 18489.250000
62.151, 60, 18489.695312
62.151, 60, 18490.140625
62.151, 60, 18490.585938
62.151, 60, 18491.029297
62.151, 60, 18491.474609
62.151, 60, 18491.919922
62.151, 60, 18492.365234
62.151, 60, 18492.810547
62.151, 60, 18493.255859
62.151, 60, 18493.701172
62.151, 60, 18494.144531
62.151, 60, 18494.589844
62.151, 60, 18495.035156
62.151, 60, 18495.480469
62.151, 60, 18495.925781
62.151, 60, 18496.371094
62.151, 60, 18496.816406
62.151, 60, 18497.259766
62.151, 60, 18497.705078
62.151, 60, 18498.150391
62.151, 60, 18498.595703
62.151, 60, 18499.041016
62.151, 60, 18499.486328
62.151, 60, 18499.931641
62.151, 60, 18500.375000
62.151, 60, 18500.820312
62.151, 60, 18501.265625
62.151, 60, 18501.710938
62.151, 60, 18502.156250
62.151, 60, 18502.601562
62.151, 60, 18503.046875
62.151, 60, 18503.490234
62.151, 60, 18503.935547
62.151, 60, 18504.380859
62.151, 60, 18504.826172
62.151, 60, 18505.271484
62.151, 60, 18505.716797
62.151, 60, 18506.162109
62.151, 60, 18506.605469
62.151, 60, 18507.050781
62.151, 60, 18507.496094
62.151, 60, 18507.941406
62.151, 60, 18508.386719
62.151, 60, 18508.832031
62.151, 60, 18509.275391
62.151, 60, 18509.720703
62.151, 60, 18510.166016
62.151, 60, 18510.611328
62.151, 60, 18511.056641
62.151, 60, 18511.501953
62.151, 60, 18511.947266
62.151, 60, 18512.390625
62.151, 60, 18512.835938
62.151, 60, 18513.281250
62.151, 60, 18513.726562
62.151, 60, 18514.171875
62.151, 60, 18514.617188
62.151, 60, 18515.062500
62.151, 60, 18515.505859
62.151, 60, 18515.951172
62.151, 60, 18516.396484
62.151, 60, 18516.841797
62.151, 60, 18517.287109
62.151, 60, 18517.732422
62.151, 60, 18518.177734
62.151, 60, 18518.621094
62.151, 60, 18519.066406
62.151, 60, 18519.511719
62.151, 60, 18519.957031
62.247, 60, 18520.402344
62.247, 60, 18520.847656
62.247, 60, 18521.292969
62.247, 60, 18521.736328
62.247, 60, 18522.181641
62.247, 60, 18522.626953
62.247, 60, 18523.072266
62.247, 60, 18523.517578
62.247, 60, 18523.962891
62.247, 60, 18524.408203
62.247, 60, 18524.851562
62.247, 60, 18525.296875
62.247, 60, 18525.742188
62.247, 60, 18526.187500
62.247, 60, 18526.632812
62.247, 60, 18527.078125
62.247, 60, 18527.523438
62.247, 60, 18527.966797
62.247, 60, 18528.412109
62.247, 60, 18528.857422
62.247, 60, 18529.302734
62.247, 60, 18529.748047
62.247, 60, 18530.193359
62.247, 60, 18530.638672
62.247, 60, 18531.082031
62.247, 60, 18531.527344
62.247, 60, 18531.972656
62.247, 60, 18532.417969
62.247, 60, 18532.863281
62.247, 60, 18533.308594
62.247, 60, 18533.753906
62.247, 60, 18534.197266
62.247, 60, 18534.642578
62.247, 60, 18535.087891
62.247, 60, 18535.533203
62.247, 60, 18535.978516
62.247, 60, 18536.423828
62.247, 60, 18536.869141
62.247, 60, 18537.312500
62.247, 60, 18537.757812
62.247, 60, 18538.203125
62.247, 60, 18538.648438
62.247, 60, 18539.093750
62.247, 60, 18539.539062
62.247, 60, 18539.984375
62.247, 60, 18540.427734
62.247, 60, 18540.873047
62.247, 60, 18541.318359
62.247, 60, 18541.763672
62.247, 60, 18542.208984
62.247, 60, 18542.654297
62.247, 60, 18543.099609
62.247, 60, 18543.542969
62.247, 60, 18543.988281
62.247, 60, 18544.433594
62.247, 60, 18544.878906
62.247, 60, 18545.324219
62.247, 60, 18545.769531
62.247, 60, 18546.214844
62.247, 60, 18546.658203
62.247, 60, 18547.103516
62.247, 60, 18547.548828
62.247, 60, 18547.994141
62.247, 60, 18548.439453
62.247, 60, 18548.884766
62.247, 60, 18549.330078
62.247, 60, 18549.773438
62.247, 60, 18550.218750
62.247, 60, 18550.664062
62.247, 60, 18551.109375
62.247, 60, 18551.554688
62.247, 60, 18552.000000
62.247, 60, 18552.445312
62.247, 60, 18552.888672
62.247, 60, 18553.333984
62.247, 60, 18553.779297
62.247, 60, 18554.224609
62.247, 60, 18554.669922
62.247, 60, 18555.115234
62.247, 60, 18555.558594
62.247, 60, 18556.003906
62.247, 60, 18556.449219
62.247, 60, 18556.894531
62.247, 60, 18557.339844
62.247, 60, 18557.785156
62.247, 60, 18558.230469
62.247, 60, 18558.673828
62.247, 60, 18559.119141
62.247, 60, 18559.564453
62.247, 60, 18560.009766
62.247, 60, 18560.455078
62.247, 60, 18560.900391
62.247, 60, 18561.345703
62.247, 60, 18561.789062
62.247, 60, 18562.234375
62.247, 60, 18562.679688
62.247, 60, 18563.125000
62.247, 60, 18563.570312
62.247, 60, 18564.015625
62.247, 60, 18564.460938
62.247, 60, 18564.904297
62.247, 60, 18565.349609
62.247, 60, 18565.794922
62.247, 60, 18566.240234
62.342, 60, 18566.685547
62.342, 60, 18567.130859
62.342, 60, 18567.576172
62.342, 60, 18568.019531
62.342, 60, 18568.464844
62.342, 60, 18568.910156
62.342, 60, 18569.355469
62.342, 60, 18569.800781
62.342, 60, 18570.246094
62.342, 60, 18570.691406
62.342, 60, 18571.134766
62.342, 60, 18571.580078
62.342, 60, 18572.025391
62.342, 60, 18572.470703
62.342, 60, 18572.916016
62.342, 60, 18573.361328
62.342, 60, 18573.806641
62.342, 60, 18574.250000
62.342, 60, 18574.695312
62.342, 60, 18575.140625
62.342, 60, 18575.585938
62.342, 60, 18576.031250
62.342, 60, 18576.476562
62.342, 60, 18576.921875
62.342, 60, 18577.365234
62.342, 60, 18577.810547
62.342, 60, 18578.255859
62.342, 60, 18578.701172
62.342, 60, 18579.146484
62.342, 60, 18579.591797
62.342, 60, 18580.037109
62.342, 60, 18580.480469
62.342, 60, 18580.925781
62.342, 60, 18581.371094
62.247, 60, 18581.816406
62.247, 60, 18582.261719
62.247, 60, 18582.707031
62.247, 60, 18583.152344
62.247, 60, 18583.595703
62.247, 60, 18584.041016
62.247, 60, 18584.486328
62.247, 60, 18584.931641
62.247, 60, 18585.376953
62.247, 60, 18585.822266
62.247, 60, 18586.267578
62.247, 60, 18586.710938
62.247, 60, 18587.156250
62.247, 60, 18587.601562
62.247, 60, 18588.046875
62.247, 60, 18588.492188
62.247, 60, 18588.937500
62.247, 60, 18589.382812
62.247, 60, 18589.826172
62.247, 60, 18590.271484
62.247, 60, 18590.716797
62.247, 60, 18591.162109
62.247, 60, 18591.607422
62.247, 60, 18592.052734
62.247, 60, 18592.498047
62.247, 60, 18592.941406
62.247, 60, 18593.386719
62.247, 60, 18593.832031
62.247, 60, 18594.277344
62.247, 60, 18594.722656
62.247, 60, 18595.167969
62.247, 60, 18595.613281
62.247, 60, 18596.056641
62.247, 60, 18596.501953
62.247, 60, 18596.947266
62.247, 60, 18597.392578
62.247, 60, 18597.837891
62.247, 60, 18598.283203
62.247, 60, 18598.728516
62.247, 60, 18599.171875
62.247, 60, 18599.617188
62.247, 60, 18600.062500
62.247, 60, 18600.507812
62.247, 60, 18600.953125
62.247, 60, 18601.398438
62.247, 60, 18601.841797
62.247, 60, 18602.287109
62.247, 60, 18602.732422
62.247, 60, 18603.177734
62.247, 60, 18603.623047
62.247, 60, 18604.068359
62.247, 60, 18604.513672
62.247, 60, 18604.957031
62.247, 60, 18605.402344
62.247, 60, 18605.847656
62.247, 60, 18606.292969
62.247, 60, 18606.738281
62.247, 60, 18607.183594
62.247, 60, 18607.628906
62.247, 60, 18608.072266
62.247, 60, 18608.517578
62.247, 60, 18608.962891
62.247, 60, 18609.408203
62.247, 60, 18609.853516
62.247, 60, 18610.298828
62.247, 60, 18610.744141
62.247, 60, 18611.187500
62.247, 60, 18611.632812
62.247, 60, 18612.078125
62.342, 60, 18612.523438
62.342, 60, 18612.968750
62.342, 60, 18613.414062
62.342, 60, 18613.859375
62.342, 60, 18614.302734
62.342, 60, 18614.748047
62.342, 60, 18615.193359
62.342, 60, 18615.638672
62.342, 60, 18616.083984
62.342, 60, 18616.529297
62.342, 60, 18616.974609
62.342, 60, 18617.417969
62.342, 60, 18617.863281
62.342, 60, 18618.308594
62.342, 60, 18618.753906
62.342, 60, 18619.199219
62.342, 60, 18619.644531
62.342, 60, 18620.089844
62.342, 60, 18620.533203
62.342, 60, 18620.978516
62.342, 60, 18621.423828
62.342, 60, 18621.869141
62.342, 60, 18622.314453
62.342, 60, 18622.759766
62.342, 60, 18623.205078
62.342, 60, 18623.648438
62.342, 60, 18624.093750
62.342, 60, 18624.539062
62.342, 60, 18624.984375
62.342, 60, 18625.429688
62.342, 60, 18625.875000
62.342, 60, 18626.320312
62.342, 60, 18626.763672
62.342, 60, 18627.208984
62.342, 60, 18627.654297
62.342, 60, 18628.099609
62.342, 60, 18628.544922
62.342, 60, 18628.990234
62.342, 60, 18629.435547
62.342, 60, 18629.878906
62.342, 60, 18630.324219
62.342, 60, 18630.769531
62.342, 60, 18631.214844
62.342, 60, 18631.660156
62.342, 60, 18632.105469
62.342, 60, 18632.550781
62.342, 60, 18632.994141
62.342, 60, 18633.439453
62.342, 60, 18633.884766
62.342, 60, 18634.330078
62.342, 60, 18634.775391
62.342, 60, 18635.220703
62.342, 60, 18635.666016
62.342, 60, 18636.109375
62.342, 60, 18636.554688
62.342, 60, 18637.000000
62.342, 60, 18637.445312
62.342, 60, 18637.890625
62.342, 60, 18638.335938
62.342, 60, 18638.781250
62.342, 60, 18639.224609
62.342, 60, 18639.669922
62.342, 60, 18640.115234
62.342, 60, 18640.560547
62.342, 60, 18641.005859
62.342, 60, 18641.451172
62.342, 60, 18641.896484
62.342, 60, 18642.339844
62.342, 60, 18642.785156
62.342, 60, 18643.230469
62.342, 60, 18643.675781
62.342, 60, 18644.121094
62.342, 60, 18644.566406
62.342, 60, 18645.011719
62.342, 60, 18645.455078
62.342, 60, 18645.900391
62.342, 60, 18646.345703
62.342, 60, 18646.791016
62.342, 60, 18647.236328
62.342, 60, 18647.681641
62.342, 60, 18648.125000
62.342, 60, 18648.570312
62.342, 60, 18649.015625
62.342, 60, 18649.460938
62.342, 60, 18649.906250
62.342, 60, 18650.351562
62.342, 60, 18650.796875
62.342, 60, 18651.240234
62.342, 60, 18651.685547
62.342, 60, 18652.130859
62.342, 60, 18652.576172
62.342, 60, 18653.021484
62.342, 60, 18653.466797
62.342, 60, 18653.912109
62.342, 60, 18654.355469
62.342, 60, 18654.800781
62.342, 60, 18655.246094
62.342, 60, 18655.691406
62.342, 60, 18656.136719
62.342, 60, 18656.582031
62.342, 60, 18657.027344
62.342, 60, 18657.470703
62.342, 60, 18657.916016
62.342, 60, 18658.361328
62.342, 60, 18658.806641
62.342, 60, 18659.251953
62.342, 60, 18659.697266
62.342, 60, 18660.142578
62.342, 60, 18660.585938
62.342, 60, 18661.031250
62.342, 60, 18661.476562
62.342, 60, 18661.921875
62.342, 60, 18662.367188
62.342, 60, 18662.812500
62.342, 60, 18663.257812
62.342, 60, 18663.701172
62.342, 60, 18664.146484
62.342, 60, 18664.591797
62.342, 60, 18665.037109
62.342, 60, 18665.482422
62.342, 60, 18665.927734
62.342, 60, 18666.373047
62.342, 60, 18666.816406
62.342, 60, 18667.261719
62.342, 60, 18667.707031
62.342, 60, 18668.152344
62.342, 60, 18668.597656
62.342, 60, 18669.042969
62.342, 60, 18669.488281
62.342, 60, 18669.931641
62.342, 60, 18670.376953
62.342, 60, 18670.822266
62.342, 60, 18671.267578
62.342, 60, 18671.712891
62.342, 60, 18672.158203
62.342, 60, 18672.603516
62.342, 60, 18673.046875
62.342, 60, 18673.492188
62.342, 60, 18673.937500
62.342, 60, 18674.382812
62.342, 60, 18674.828125
62.342, 60, 18675.273438
62.342, 60, 18675.718750
62.342, 60, 18676.162109
62.342, 60, 18676.607422
62.342, 60, 18677.052734
62.342, 60, 18677.498047
62.342, 60, 18677.943359
62.342, 60, 18678.388672
62.342, 60, 18678.833984
62.342, 60, 18679.277344
62.342, 60, 18679.722656
62.342, 60, 18680.167969
62.342, 60, 18680.613281
62.342, 60, 18681.058594
62.342, 60, 18681.503906
62.342, 60, 18681.949219
62.342, 60, 18682.392578
62.342, 60, 18682.837891
62.342, 60, 18683.283203
62.342, 60, 18683.728516
62.342, 60, 18684.173828
62.342, 60, 18684.619141
62.342, 60, 18685.064453
62.342, 60, 18685.507812
62.342, 60, 18685.953125
62.342, 60, 18686.398438
62.342, 60, 18686.843750
62.342, 60, 18687.289062
62.342, 60, 18687.734375
62.342, 60, 18688.179688
62.342, 60, 18688.623047
62.342, 60, 18689.068359
62.342, 60, 18689.513672
62.437, 60, 18689.958984
62.437, 60, 18690.404297
62.437, 60, 18690.849609
62.437, 60, 18691.294922
62.437, 60, 18691.738281
62.437, 60, 18692.183594
62.437, 60, 18692.628906
62.437, 60, 18693.074219
62.437, 60, 18693.519531
62.437, 60, 18693.964844
62.437, 60, 18694.408203
62.437, 60, 18694.853516
62.437, 60, 18695.298828
62.437, 60, 18695.744141
62.437, 60, 18696.189453
62.437, 60, 18696.634766
62.437, 60, 18697.080078
62.437, 60, 18697.523438
62.437, 60, 18697.968750
62.437, 60, 18698.414062
62.437, 60, 18698.859375
62.437, 60, 18699.304688
62.437, 60, 18699.750000
62.437, 60, 18700.195312
62.437, 60, 18700.638672
62.437, 60, 18701.083984
62.437, 60, 18701.529297
62.437, 60, 18701.974609
62.437, 60, 18702.419922
62.437, 60, 18702.865234
62.437, 60, 18703.310547
62.437, 60, 18703.753906
62.437, 60, 18704.199219
62.437, 60, 18704.644531
62.437, 60, 18705.089844
62.437, 60, 18705.535156
62.437, 60, 18705.980469
62.437, 60, 18706.425781
62.437, 60, 18706.869141
62.437, 60, 18707.314453
62.437, 60, 18707.759766
62.437, 60, 18708.205078
62.437, 60, 18708.650391
62.437, 60, 18709.095703
62.437, 60, 18709.541016
62.437, 60, 18709.984375
62.437, 60, 18710.429688
62.437, 60, 18710.875000
62.437, 60, 18711.320312
62.437, 60, 18711.765625
62.437, 60, 18712.210938
62.437, 60, 18712.656250
62.437, 60, 18713.099609
62.437, 60, 18713.544922
62.437, 60, 18713.990234
62.437, 60, 18714.435547
62.437, 60, 18714.880859
62.437, 60, 18715.326172
62.437, 60, 18715.771484
62.437, 60, 18716.214844
62.437, 60, 18716.660156
62.437, 60, 18717.105469
62.437, 60, 18717.550781
62.437, 60, 18717.996094
62.437, 60, 18718.441406
62.437, 60, 18718.886719
62.437, 60, 18719.330078
62.437, 60, 18719.775391
62.437, 60, 18720.220703
62.247, 60, 18720.666016
62.247, 60, 18721.111328
62.247, 60, 18721.556641
62.247, 60, 18722.001953
62.247, 60, 18722.445312
62.247, 60, 18722.890625
62.247, 60, 18723.335938
62.247, 60, 18723.781250
62.247, 60, 18724.226562
62.247, 60, 18724.671875
62.247, 60, 18725.117188
62.247, 60, 18725.560547
62.247, 60, 18726.005859
62.247, 60, 18726.451172
62.247, 60, 18726.896484
62.247, 60, 18727.341797
62.247, 60, 18727.787109
62.247, 60, 18728.232422
62.247, 60, 18728.675781
62.247, 60, 18729.121094
62.247, 60, 18729.566406
62.247, 60, 18730.011719
62.247, 60, 18730.457031
62.247, 60, 18730.902344
62.247, 60, 18731.347656
62.247, 60, 18731.791016
62.247, 60, 18732.236328
62.247, 60, 18732.681641
62.247, 60, 18733.126953
62.247, 60, 18733.572266
62.247, 60, 18734.017578
62.247, 60, 18734.462891
62.247, 60, 18734.906250
62.247, 60, 18735.351562
62.247, 60, 18735.796875
62.151, 60, 18736.242188
62.151, 60, 18736.687500
62.151, 60, 18737.132812
62.151, 60, 18737.578125
62.151, 60, 18738.021484
62.151, 60, 18738.466797
62.151, 60, 18738.912109
62.151, 60, 18739.357422
62.151, 60, 18739.802734
62.151, 60, 18740.248047
62.151, 60, 18740.691406
62.151, 60, 18741.136719
62.151, 60, 18741.582031
62.151, 60, 18742.027344
62.151, 60, 18742.472656
62.151, 60, 18742.917969
62.151, 60, 18743.363281
62.151, 60, 18743.806641
62.151, 60, 18744.251953
62.151, 60, 18744.697266
62.151, 60, 18745.142578
62.151, 60, 18745.587891
62.151, 60, 18746.033203
62.151, 60, 18746.478516
62.151, 60, 18746.921875
62.151, 60, 18747.367188
62.151, 60, 18747.812500
62.151, 60, 18748.257812
62.151, 60, 18748.703125
62.151, 60, 18749.148438
62.151, 60, 18749.593750
62.151, 60, 18750.037109
62.151, 60, 18750.482422
62.151, 60, 18750.927734
61.961, 60, 18751.373047
61.961, 60, 18751.818359
61.961, 60, 18752.263672
61.961, 60, 18752.708984
61.961, 60, 18753.152344
61.961, 60, 18753.597656
61.961, 60, 18754.042969
61.961, 60, 18754.488281
61.961, 60, 18754.933594
61.961, 60, 18755.378906
61.961, 60, 18755.824219
61.961, 60, 18756.267578
61.961, 60, 18756.712891
61.961, 60, 18757.158203
61.961, 60, 18757.603516
61.961, 60, 18758.048828
61.961, 60, 18758.494141
61.961, 60, 18758.939453
61.961, 60, 18759.382812
61.961, 60, 18759.828125
61.961, 60, 18760.273438
61.961, 60, 18760.718750
61.961, 60, 18761.164062
61.961, 60, 18761.609375
61.961, 60, 18762.054688
61.961, 60, 18762.498047
61.961, 60, 18762.943359
61.961, 60, 18763.388672
61.961, 60, 18763.833984
61.961, 60, 18764.279297
61.961, 60, 18764.724609
61.961, 60, 18765.169922
61.961, 60, 18765.613281
61.961, 60, 18766.058594
61.961, 60, 18766.503906
61.961, 60, 18766.949219
61.961, 60, 18767.394531
61.961, 60, 18767.839844
61.961, 60, 18768.285156
61.961, 60, 18768.728516
61.961, 60, 18769.173828
61.961, 60, 18769.619141
61.961, 60, 18770.064453
61.961, 60, 18770.509766
61.961, 60, 18770.955078
61.961, 60, 18771.400391
61.961, 60, 18771.843750
61.961, 60, 18772.289062
61.961, 60, 18772.734375
61.961, 60, 18773.179688
61.961, 60, 18773.625000
61.961, 60, 18774.070312
61.961, 60, 18774.515625
61.961, 60, 18774.958984
61.961, 60, 18775.404297
61.961, 60, 18775.849609
61.961, 60, 18776.294922
61.961, 60, 18776.740234
61.961, 60, 18777.185547
61.961, 60, 18777.630859
61.961, 60, 18778.074219
61.961, 60, 18778.519531
61.961, 60, 18778.964844
61.961, 60, 18779.410156
61.961, 60, 18779.855469
61.961, 60, 18780.300781
61.961, 60, 18780.746094
61.961, 60, 18781.189453
61.961, 60, 18781.634766
61.961, 60, 18782.080078
61.961, 60, 18782.525391
61.961, 60, 18782.970703
61.961, 60, 18783.416016
61.961, 60, 18783.861328
61.961, 60, 18784.304688
61.961, 60, 18784.750000
61.961, 60, 18785.195312
61.961, 60, 18785.640625
61.961, 60, 18786.085938
61.961, 60, 18786.531250
61.961, 60, 18786.974609
61.961, 60, 18787.419922
61.961, 60, 18787.865234
61.961, 60, 18788.310547
61.961, 60, 18788.755859
61.961, 60, 18789.201172
61.961, 60, 18789.646484
61.961, 60, 18790.089844
61.961, 60, 18790.535156
61.961, 60, 18790.980469
61.961, 60, 18791.425781
61.961, 60, 18791.871094
61.961, 60, 18792.316406
61.961, 60, 18792.761719
61.961, 60, 18793.205078
61.961, 60, 18793.650391
61.961, 60, 18794.095703
61.961, 60, 18794.541016
61.961, 60, 18794.986328
61.961, 60, 18795.431641
61.961, 60, 18795.876953
61.961, 60, 18796.320312
61.961, 60, 18796.765625
61.961, 60, 18797.210938
61.961, 60, 18797.656250
61.961, 60, 18798.101562
61.961, 60, 18798.546875
61.961, 60, 18798.992188
61.961, 60, 18799.435547
61.961, 60, 18799.880859
61.961, 60, 18800.326172
61.961, 60, 18800.771484
61.961, 60, 18801.216797
61.961, 60, 18801.662109
61.961, 60, 18802.107422
61.961, 60, 18802.550781
61.961, 60, 18802.996094
61.961, 60, 18803.441406
61.961, 60, 18803.886719
61.961, 60, 18804.332031
61.961, 60, 18804.777344
61.961, 60, 18805.222656
61.961, 60, 18805.666016
61.961, 60, 18806.111328
61.961, 60, 18806.556641
61.961, 60, 18807.001953
61.961, 60, 18807.447266
61.961, 60, 18807.892578
61.961, 60, 18808.337891
61.961, 60, 18808.781250
61.961, 60, 18809.226562
61.961, 60, 18809.671875
61.961, 60, 18810.117188
61.961, 60, 18810.562500
61.961, 60, 18811.007812
61.961, 60, 18811.453125
61.961, 60, 18811.896484
61.961, 60, 18812.341797
61.961, 60, 18812.787109
61.961, 60, 18813.232422
61.961, 60, 18813.677734
61.961, 60, 18814.123047
61.961, 60, 18814.568359
61.961, 60, 18815.011719
61.961, 60, 18815.457031
61.961, 60, 18815.902344
61.961, 60, 18816.347656
61.961, 60, 18816.792969
61.961, 60, 18817.238281
61.961, 60, 18817.683594
61.961, 60, 18818.126953
61.961, 60, 18818.572266
61.961, 60, 18819.017578
61.961, 60, 18819.462891
61.961, 60, 18819.908203
61.961, 60, 18820.353516
61.961, 60, 18820.798828
61.961, 60, 18821.242188
61.961, 60, 18821.687500
61.961, 60, 18822.132812
61.961, 60, 18822.578125
61.961, 60, 18823.023438
61.961, 60, 18823.468750
61.961, 60, 18823.914062
61.961, 60, 18824.357422
61.961, 60, 18824.802734
61.961, 60, 18825.248047
61.961, 60, 18825.693359
61.961, 60, 18826.138672
61.961, 60, 18826.583984
61.961, 60, 18827.029297
61.961, 60, 18827.472656
61.961, 60, 18827.917969
61.961, 60, 18828.363281
61.961, 60, 18828.808594
61.961, 60, 18829.253906
61.961, 60, 18829.699219
61.961, 60, 18830.144531
61.961, 60, 18830.587891
61.961, 60, 18831.033203
61.961, 60, 18831.478516
61.961, 60, 18831.923828
61.961, 60, 18832.369141
61.961, 60, 18832.814453
61.961, 60, 18833.257812
61.961, 60, 18833.703125
61.961, 60, 18834.148438
61.961, 60, 18834.593750
61.961, 60, 18835.039062
61.961, 60, 18835.484375
61.961, 60, 18835.929688
61.961, 60, 18836.373047
61.961, 60, 18836.818359
61.961, 60, 18837.263672
61.961, 60, 18837.708984
61.961, 60, 18838.154297
61.961, 60, 18838.599609
61.961, 60, 18839.044922
61.961, 60, 18839.488281
61.961, 60, 18839.933594
61.961, 60, 18840.378906
61.961, 60, 18840.824219
61.961, 60, 18841.269531
61.961, 60, 18841.714844
61.961, 60, 18842.160156
61.961, 60, 18842.603516
61.961, 60, 18843.048828
61.961, 60, 18843.494141
61.961, 60, 18843.939453
61.961, 60, 18844.384766
61.961, 60, 18844.830078
61.961, 60, 18845.275391
61.961, 60, 18845.718750
61.961, 60, 18846.164062
61.961, 60, 18846.609375
61.961, 60, 18847.054688
61.961, 60, 18847.500000
61.961, 60, 18847.945312
61.961, 60, 18848.390625
61.961, 60, 18848.833984
61.961, 60, 18849.279297
61.961, 60, 18849.724609
61.961, 60, 18850.169922
61.961, 60, 18850.615234
61.961, 60, 18851.060547
61.961, 60, 18851.505859
61.961, 60, 18851.949219
61.961, 60, 18852.394531
61.961, 60, 18852.839844
61.961, 60, 18853.285156
61.961, 60, 18853.730469
61.961, 60, 18854.175781
61.961, 60, 18854.621094
61.961, 60, 18855.064453
61.961, 60, 18855.509766
61.961, 60, 18855.955078
61.961, 60, 18856.400391
61.961, 60, 18856.845703
61.961, 60, 18857.291016
61.961, 60, 18857.736328
62.151, 60, 18858.179688
62.151, 60, 18858.625000
62.151, 60, 18859.070312
62.151, 60, 18859.515625
62.151, 60, 18859.960938
62.151, 60, 18860.406250
62.151, 60, 18860.851562
62.151, 60, 18861.294922
62.151, 60, 18861.740234
62.151, 60, 18862.185547
62.151, 60, 18862.630859
62.151, 60, 18863.076172
62.151, 60, 18863.521484
62.151, 60, 18863.966797
62.151, 60, 18864.410156
62.151, 60, 18864.855469
62.151, 60, 18865.300781
62.151, 60, 18865.746094
62.151, 60, 18866.191406
62.151, 60, 18866.636719
62.151, 60, 18867.082031
62.151, 60, 18867.525391
62.151, 60, 18867.970703
62.151, 60, 18868.416016
62.151, 60, 18868.861328
62.151, 60, 18869.306641
62.151, 60, 18869.751953
62.151, 60, 18870.197266
62.151, 60, 18870.640625
62.151, 60, 18871.085938
62.151, 60, 18871.531250
62.151, 60, 18871.976562
62.151, 60, 18872.421875
62.151, 60, 18872.867188
62.151, 60, 18873.312500
62.151, 60, 18873.755859
62.151, 60, 18874.201172
62.151, 60, 18874.646484
62.151, 60, 18875.091797
62.151, 60, 18875.537109
62.151, 60, 18875.982422
62.151, 60, 18876.427734
62.151, 60, 18876.871094
62.151, 60, 18877.316406
62.151, 60, 18877.761719
62.151, 60, 18878.207031
62.151, 60, 18878.652344
62.151, 60, 18879.097656
62.151, 60, 18879.541016
62.151, 60, 18879.986328
62.151, 60, 18880.431641
62.151, 60, 18880.876953
62.151, 60, 18881.322266
62.151, 60, 18881.767578
62.151, 60, 18882.212891
62.151, 60, 18882.656250
62.151, 60, 18883.101562
62.151, 60, 18883.546875
62.151, 60, 18883.992188
62.151, 60, 18884.437500
62.151, 60, 18884.882812
62.151, 60, 18885.328125
62.151, 60, 18885.771484
62.151, 60, 18886.216797
62.151, 60, 18886.662109
62.151, 60, 18887.107422
62.151, 60, 18887.552734
62.151, 60, 18887.998047
62.151, 60, 18888.443359
62.056, 60, 18888.886719
62.056, 60, 18889.332031
62.056, 60, 18889.777344
62.056, 60, 18890.222656
62.056, 60, 18890.667969
62.056, 60, 18891.113281
62.056, 60, 18891.558594
62.056, 60, 18892.001953
62.056, 60, 18892.447266
62.056, 60, 18892.892578
62.056, 60, 18893.337891
62.056, 60, 18893.783203
62.056, 60, 18894.228516
62.056, 60, 18894.673828
62.056, 60, 18895.117188
62.056, 60, 18895.562500
62.056, 60, 18896.007812
62.056, 60, 18896.453125
62.056, 60, 18896.898438
62.056, 60, 18897.343750
62.056, 60, 18897.789062
62.056, 60, 18898.232422
62.056, 60, 18898.677734
62.056, 60, 18899.123047
62.056, 60, 18899.568359
62.056, 60, 18900.013672
62.056, 60, 18900.458984
62.056, 60, 18900.904297
62.056, 60, 18901.347656
62.056, 60, 18901.792969
62.056, 60, 18902.238281
62.056, 60, 18902.683594
62.056, 60, 18903.128906
62.056, 60, 18903.574219
62.056, 60, 18904.019531
61.961, 60, 18904.462891
61.961, 60, 18904.908203
61.961, 60, 18905.353516
61.961, 60, 18905.798828
61.961, 60, 18906.244141
61.961, 60, 18906.689453
61.961, 60, 18907.134766
61.961, 60, 18907.578125
61.961, 60, 18908.023438
61.961, 60, 18908.468750
61.961, 60, 18908.914062
61.961, 60, 18909.359375
61.961, 60, 18909.804688
61.961, 60, 18910.250000
61.961, 60, 18910.693359
61.961, 60, 18911.138672
61.961, 60, 18911.583984
61.961, 60, 18912.029297
61.961, 60, 18912.474609
61.961, 60, 18912.919922
61.961, 60, 18913.365234
61.961, 60, 18913.808594
61.961, 60, 18914.253906
61.961, 60, 18914.699219
61.961, 60, 18915.144531
61.961, 60, 18915.589844
61.961, 60, 18916.035156
61.961, 60, 18916.480469
61.961, 60, 18916.923828
61.961, 60, 18917.369141
61.961, 60, 18917.814453
61.961, 60, 18918.259766
61.961, 60, 18918.705078
61.961, 60, 18919.150391
61.961, 60, 18919.595703
61.961, 60, 18920.039062
61.961, 60, 18920.484375
61.961, 60, 18920.929688
61.961, 60, 18921.375000
61.961, 60, 18921.820312
61.961, 60, 18922.265625
61.961, 60, 18922.710938
61.961, 60, 18923.154297
61.961, 60, 18923.599609
61.961, 60, 18924.044922
61.961, 60, 18924.490234
61.961, 60, 18924.935547
61.961, 60, 18925.380859
61.961, 60, 18925.824219
61.961, 60, 18926.269531
61.961, 60, 18926.714844
61.961, 60, 18927.160156
61.961, 60, 18927.605469
61.961, 60, 18928.050781
61.961, 60, 18928.496094
61.961, 60, 18928.939453
61.961, 60, 18929.384766
61.961, 60, 18929.830078
61.961, 60, 18930.275391
61.961, 60, 18930.720703
61.961, 60, 18931.166016
61.961, 60, 18931.611328
61.961, 60, 18932.054688
61.961, 60, 18932.500000
61.961, 60, 18932.945312
61.961, 60, 18933.390625
61.961, 60, 18933.835938
61.961, 60, 18934.281250
61.961, 60, 18934.726562
61.961, 60, 18935.169922
62.151, 60, 18935.615234
62.151, 60, 18936.060547
62.151, 60, 18936.505859
62.151, 60, 18936.951172
62.151, 60, 18937.396484
62.151, 60, 18937.841797
62.151, 60, 18938.285156
62.151, 60, 18938.730469
62.151, 60, 18939.175781
62.151, 60, 18939.621094
62.151, 60, 18940.066406
62.151, 60, 18940.511719
62.151, 60, 18940.957031
62.151, 60, 18941.400391
62.151, 60, 18941.845703
62.151, 60, 18942.291016
62.151, 60, 18942.736328
62.151, 60, 18943.181641
62.151, 60, 18943.626953
62.151, 60, 18944.072266
62.151, 60, 18944.515625
62.151, 60, 18944.960938
62.151, 60, 18945.406250
62.151, 60, 18945.851562
62.151, 60, 18946.296875
62.151, 60, 18946.742188
62.151, 60, 18947.187500
62.151, 60, 18947.630859
62.151, 60, 18948.076172
62.151, 60, 18948.521484
62.151, 60, 18948.966797
62.151, 60, 18949.412109
62.151, 60, 18949.857422
62.151, 60, 18950.302734
62.151, 60, 18950.746094
62.151, 60, 18951.191406
62.151, 60, 18951.636719
62.151, 60, 18952.082031
62.151, 60, 18952.527344
62.151, 60, 18952.972656
62.151, 60, 18953.417969
62.151, 60, 18953.861328
62.151, 60, 18954.306641
62.151, 60, 18954.751953
62.151, 60, 18955.197266
62.151, 60, 18955.642578
62.151, 60, 18956.087891
62.151, 60, 18956.533203
62.151, 60, 18956.976562
62.151, 60, 18957.421875
62.151, 60, 18957.867188
62.151, 60, 18958.312500
62.151, 60, 18958.757812
62.151, 60, 18959.203125
62.151, 60, 18959.648438
62.151, 60, 18960.091797
62.151, 60, 18960.537109
62.151, 60, 18960.982422
62.151, 60, 18961.427734
62.151, 60, 18961.873047
62.151, 60, 18962.318359
62.151, 60, 18962.763672
62.151, 60, 18963.207031
62.151, 60, 18963.652344
62.151, 60, 18964.097656
62.151, 60, 18964.542969
62.151, 60, 18964.988281
62.151, 60, 18965.433594
62.151, 60, 18965.878906
62.151, 60, 18966.322266
62.151, 60, 18966.767578
62.151, 60, 18967.212891
62.151, 60, 18967.658203
62.151, 60, 18968.103516
62.151, 60, 18968.548828
62.151, 60, 18968.994141
62.151, 60, 18969.437500
62.151, 60, 18969.882812
62.151, 60, 18970.328125
62.151, 60, 18970.773438
62.151, 60, 18971.218750
62.151, 60, 18971.664062
62.151, 60, 18972.107422
62.151, 60, 18972.552734
62.151, 60, 18972.998047
62.151, 60, 18973.443359
62.151, 60, 18973.888672
62.151, 60, 18974.333984
62.151, 60, 18974.779297
62.151, 60, 18975.222656
62.151, 60, 18975.667969
62.151, 60, 18976.113281
62.151, 60, 18976.558594
62.151, 60, 18977.003906
62.151, 60, 18977.449219
62.151, 60, 18977.894531
62.151, 60, 18978.337891
62.151, 60, 18978.783203
62.151, 60, 18979.228516
62.151, 60, 18979.673828
62.151, 60, 18980.119141
62.151, 60, 18980.564453
62.151, 60, 18981.009766
62.151, 60, 18981.453125
62.151, 60, 18981.898438
62.151, 60, 18982.343750
62.151, 60, 18982.789062
62.151, 60, 18983.234375
62.151, 60, 18983.679688
62.151, 60, 18984.125000
62.151, 60, 18984.568359
62.151, 60, 18985.013672
62.151, 60, 18985.458984
62.151, 60, 18985.904297
62.151, 60, 18986.349609
62.151, 60, 18986.794922
62.151, 60, 18987.240234
62.151, 60, 18987.683594
62.151, 60, 18988.128906
62.151, 60, 18988.574219
62.151, 60, 18989.019531
62.151, 60, 18989.464844
62.151, 60, 18989.910156
62.151, 60, 18990.355469
62.151, 60, 18990.798828
62.151, 60, 18991.244141
62.151, 60, 18991.689453
62.151, 60, 18992.134766
62.151, 60, 18992.580078
62.151, 60, 18993.025391
62.151, 60, 18993.470703
62.151, 60, 18993.914062
62.151, 60, 18994.359375
62.151, 60, 18994.804688
62.151, 60, 18995.250000
62.151, 60, 18995.695312
62.151, 60, 18996.140625
62.151, 60, 18996.585938
62.151, 60, 18997.029297
62.151, 60, 18997.474609
62.247, 60, 18997.919922
62.247, 60, 18998.365234
62.247, 60, 18998.810547
62.247, 60, 18999.255859
62.247, 60, 18999.701172
62.247, 60, 19000.144531
62.247, 60, 19000.589844
62.247, 60, 19001.035156
62.247, 60, 19001.480469
62.247, 60, 19001.925781
62.247, 60, 19002.371094
62.247, 60, 19002.816406
62.247, 60, 19003.259766
62.247, 60, 19003.705078
62.247, 60, 19004.150391
62.247, 60, 19004.595703
62.247, 60, 19005.041016
62.247, 60, 19005.486328
62.247, 60, 19005.931641
62.247, 60, 19006.375000
62.247, 60, 19006.820312
62.247, 60, 19007.265625
62.247, 60, 19007.710938
62.247, 60, 19008.156250
62.247, 60, 19008.601562
62.247, 60, 19009.046875
62.247, 60, 19009.490234
62.247, 60, 19009.935547
62.247, 60, 19010.380859
62.247, 60, 19010.826172
62.247, 60, 19011.271484
62.247, 60, 19011.716797
62.247, 60, 19012.162109
62.247, 60, 19012.605469
62.247, 60, 19013.050781
62.247, 60, 19013.496094
62.247, 60, 19013.941406
62.247, 60, 19014.386719
62.247, 60, 19014.832031
62.247, 60, 19015.277344
62.247, 60, 19015.720703
62.247, 60, 19016.166016
62.247, 60, 19016.611328
62.247, 60, 19017.056641
62.247, 60, 19017.501953
62.247, 60, 19017.947266
62.247, 60, 19018.390625
62.247, 60, 19018.835938
62.247, 60, 19019.281250
62.247, 60, 19019.726562
62.247, 60, 19020.171875
62.247, 60, 19020.617188
62.247, 60, 19021.062500
62.247, 60, 19021.505859
62.247, 60, 19021.951172
62.247, 60, 19022.396484
62.247, 60, 19022.841797
62.247, 60, 19023.287109
62.247, 60, 19023.732422
62.247, 60, 19024.177734
62.247, 60, 19024.621094
62.247, 60, 19025.066406
62.247, 60, 19025.511719
62.247, 60, 19025.957031
62.247, 60, 19026.402344
62.247, 60, 19026.847656
62.247, 60, 19027.292969
62.247, 60, 19027.736328
62.247, 60, 19028.181641
62.342, 60, 19028.626953
62.342, 60, 19029.072266
62.342, 60, 19029.517578
62.342, 60, 19029.962891
62.342, 60, 19030.408203
62.342, 60, 19030.851562
62.342, 60, 19031.296875
62.342, 60, 19031.742188
62.342, 60, 19032.187500
62.342, 60, 19032.632812
62.342, 60, 19033.078125
62.342, 60, 19033.523438
62.342, 60, 19033.966797
62.342, 60, 19034.412109
62.342, 60, 19034.857422
62.342, 60, 19035.302734
62.342, 60, 19035.748047
62.342, 60, 19036.193359
62.342, 60, 19036.638672
62.342, 60, 19037.082031
62.342, 60, 19037.527344
62.342, 60, 19037.972656
62.342, 60, 19038.417969
62.342, 60, 19038.863281
62.342, 60, 19039.308594
62.342, 60, 19039.753906
62.342, 60, 19040.197266
62.342, 60, 19040.642578
62.342, 60, 19041.087891
62.342, 60, 19041.533203
62.342, 60, 19041.978516
62.342, 60, 19042.423828
62.342, 60, 19042.869141
62.342, 60, 19043.312500
62.342, 60, 19043.757812
62.342, 60, 19044.203125
62.342, 60, 19044.648438
62.342, 60, 19045.093750
62.342, 60, 19045.539062
62.342, 60, 19045.984375
62.342, 60, 19046.427734
62.342, 60, 19046.873047
62.342, 60, 19047.318359
62.342, 60, 19047.763672
62.342, 60, 19048.208984
62.342, 60, 19048.654297
62.342, 60, 19049.099609
62.342, 60, 19049.542969
62.342, 60, 19049.988281
62.342, 60, 19050.433594
62.342, 60, 19050.878906
62.342, 60, 19051.324219
62.342, 60, 19051.769531
62.342, 60, 19052.214844
62.342, 60, 19052.658203
62.342, 60, 19053.103516
62.342, 60, 19053.548828
62.342, 60, 19053.994141
62.342, 60, 19054.439453
62.342, 60, 19054.884766
62.342, 60, 19055.330078
62.342, 60, 19055.773438
62.342, 60, 19056.218750
62.342, 60, 19056.664062
62.342, 60, 19057.109375
62.342, 60, 19057.554688
62.342, 60, 19058.000000
62.342, 60, 19058.445312
62.247, 60, 19058.888672
62.247, 60, 19059.333984
62.247, 60, 19059.779297
62.247, 60, 19060.224609
62.247, 60, 19060.669922
62.247, 60, 19061.115234
62.247, 60, 19061.560547
62.247, 60, 19062.003906
62.247, 60, 19062.449219
62.247, 60, 19062.894531
62.247, 60, 19063.339844
62.247, 60, 19063.785156
62.247, 60, 19064.230469
62.247, 60, 19064.673828
62.247, 60, 19065.119141
62.247, 60, 19065.564453
62.247, 60, 19066.009766
62.247, 60, 19066.455078
62.247, 60, 19066.900391
62.247, 60, 19067.345703
62.247, 60, 19067.789062
62.247, 60, 19068.234375
62.247, 60, 19068.679688
62.247, 60, 19069.125000
62.247, 60, 19069.570312
62.247, 60, 19070.015625
62.247, 60, 19070.460938
62.247, 60, 19070.904297
62.247, 60, 19071.349609
62.247, 60, 19071.794922
62.247, 60, 19072.240234
62.247, 60, 19072.685547
62.247, 60, 19073.130859
62.247, 60, 19073.576172
62.247, 60, 19074.019531
62.247, 60, 19074.464844
62.247, 60, 19074.910156
62.247, 60, 19075.355469
62.247, 60, 19075.800781
62.247, 60, 19076.246094
62.247, 60, 19076.691406
62.247, 60, 19077.134766
62.247, 60, 19077.580078
62.247, 60, 19078.025391
62.247, 60, 19078.470703
62.247, 60, 19078.916016
62.247, 60, 19079.361328
62.247, 60, 19079.806641
62.247, 60, 19080.250000
62.247, 60, 19080.695312
62.247, 60, 19081.140625
62.247, 60, 19081.585938
62.247, 60, 19082.031250
62.247, 60, 19082.476562
62.247, 60, 19082.921875
62.247, 60, 19083.365234
62.247, 60, 19083.810547
62.247, 60, 19084.255859
62.247, 60, 19084.701172
62.247, 60, 19085.146484
62.247, 60, 19085.591797
62.247, 60, 19086.037109
62.247, 60, 19086.480469
62.247, 60, 19086.925781
62.247, 60, 19087.371094
62.247, 60, 19087.816406
62.247, 60, 19088.261719
62.247, 60, 19088.707031
62.247, 60, 19089.152344
62.151, 60, 19089.595703
62.151, 60, 19090.041016
62.151, 60, 19090.486328
62.151, 60, 19090.931641
62.151, 60, 19091.376953
62.151, 60, 19091.822266
62.151, 60, 19092.267578
62.151, 60, 19092.710938
62.151, 60, 19093.156250
62.151, 60, 19093.601562
62.151, 60, 19094.046875
62.151, 60, 19094.492188
62.151, 60, 19094.937500
62.151, 60, 19095.382812
62.151, 60, 19095.826172
62.151, 60, 19096.271484
62.151, 60, 19096.716797
62.151, 60, 19097.162109
62.151, 60, 19097.607422
62.151, 60, 19098.052734
62.151, 60, 19098.498047
62.151, 60, 19098.941406
62.151, 60, 19099.386719
62.151, 60, 19099.832031
62.151, 60, 19100.277344
62.151, 60, 19100.722656
62.151, 60, 19101.167969
62.151, 60, 19101.613281
62.151, 60, 19102.056641
62.151, 60, 19102.501953
62.151, 60, 19102.947266
62.151, 60, 19103.392578
62.151, 60, 19103.837891
62.151, 60, 19104.283203
62.151, 60, 19104.728516
62.151, 60, 19105.171875
62.151, 60, 19105.617188
62.151, 60, 19106.062500
62.151, 60, 19106.507812
62.151, 60, 19106.953125
62.151, 60, 19107.398438
62.151, 60, 19107.843750
62.151, 60, 19108.287109
62.151, 60, 19108.732422
62.151, 60, 19109.177734
62.151, 60, 19109.623047
62.151, 60, 19110.068359
62.151, 60, 19110.513672
62.151, 60, 19110.957031
62.151, 60, 19111.402344
62.151, 60, 19111.847656
62.151, 60, 19112.292969
62.151, 60, 19112.738281
62.151, 60, 19113.183594
62.151, 60, 19113.628906
62.151, 60, 19114.072266
62.151, 60, 19114.517578
62.151, 60, 19114.962891
62.151, 60, 19115.408203
62.151, 60, 19115.853516
62.151, 60, 19116.298828
62.151, 60, 19116.744141
62.151, 60, 19117.187500
62.151, 60, 19117.632812
62.151, 60, 19118.078125
62.151, 60, 19118.523438
62.151, 60, 19118.968750
62.151, 60, 19119.414062
62.151, 60, 19119.859375
62.247, 60, 19120.302734
62.247, 60, 19120.748047
62.247, 60, 19121.193359
62.247, 60, 19121.638672
62.247, 60, 19122.083984
62.247, 60, 19122.529297
62.247, 60, 19122.974609
62.247, 60, 19123.417969
62.247, 60, 19123.863281
62.247, 60, 19124.308594
62.247, 60, 19124.753906
62.247, 60, 19125.199219
62.247, 60, 19125.644531
62.247, 60, 19126.089844
62.247, 60, 19126.533203
62.247, 60, 19126.978516
62.247, 60, 19127.423828
62.247, 60, 19127.869141
62.247, 60, 19128.314453
62.247, 60, 19128.759766
62.247, 60, 19129.205078
62.247, 60, 19129.648438
62.247, 60, 19130.093750
62.247, 60, 19130.539062
62.247, 60, 19130.984375
62.247, 60, 19131.429688
62.247, 60, 19131.875000
62.247, 60, 19132.320312
62.247, 60, 19132.763672
62.247, 60, 19133.208984
62.247, 60, 19133.654297
62.247, 60, 19134.099609
62.247, 60, 19134.544922
62.247, 60, 19134.990234
62.247, 60, 19135.435547
62.247, 60, 19135.878906
62.247, 60, 19136.324219
62.247, 60, 19136.769531
62.247, 60, 19137.214844
62.247, 60, 19137.660156
62.247, 60, 19138.105469
62.247, 60, 19138.550781
62.247, 60, 19138.994141
62.247, 60, 19139.439453
62.247, 60, 19139.884766
62.247, 60, 19140.330078
62.247, 60, 19140.775391
62.247, 60, 19141.220703
62.247, 60, 19141.666016
62.247, 60, 19142.109375
62.247, 60, 19142.554688
62.247, 60, 19143.000000
62.247, 60, 19143.445312
62.247, 60, 19143.890625
62.247, 60, 19144.335938
62.247, 60, 19144.781250
62.247, 60, 19145.224609
62.247, 60, 19145.669922
62.247, 60, 19146.115234
62.247, 60, 19146.560547
62.247, 60, 19147.005859
62.247, 60, 19147.451172
62.247, 60, 19147.896484
62.247, 60, 19148.339844
62.247, 60, 19148.785156
62.247, 60, 19149.230469
62.247, 60, 19149.675781
62.247, 60, 19150.121094
62.247, 60, 19150.566406
62.247, 60, 19151.011719
62.247, 60, 19151.455078
62.247, 60, 19151.900391
62.247, 60, 19152.345703
62.247, 60, 19152.791016
62.247, 60, 19153.236328
62.247, 60, 19153.681641
62.247, 60, 19154.126953
62.247, 60, 19154.570312
62.247, 60, 19155.015625
62.247, 60, 19155.460938
62.247, 60, 19155.906250
62.247, 60, 19156.351562
62.247, 60, 19156.796875
62.247, 60, 19157.242188
62.247, 60, 19157.685547
62.247, 60, 19158.130859
62.247, 60, 19158.576172
62.247, 60, 19159.021484
62.247, 60, 19159.466797
62.247, 60, 19159.912109
62.247, 60, 19160.355469
62.247, 60, 19160.800781
62.247, 60, 19161.246094
62.247, 60, 19161.691406
62.247, 60, 19162.136719
62.247, 60, 19162.582031
62.247, 60, 19163.027344
62.247, 60, 19163.470703
62.247, 60, 19163.916016
62.247, 60, 19164.361328
62.247, 60, 19164.806641
62.247, 60, 19165.251953
62.247, 60, 19165.697266
62.247, 60, 19166.142578
62.247, 60, 19166.585938
62.247, 60, 19167.031250
62.247, 60, 19167.476562
62.247, 60, 19167.921875
62.247, 60, 19168.367188
62.247, 60, 19168.812500
62.247, 60, 19169.257812
62.247, 60, 19169.701172
62.247, 60, 19170.146484
62.247, 60, 19170.591797
62.247, 60, 19171.037109
62.247, 60, 19171.482422
62.247, 60, 19171.927734
62.247, 60, 19172.373047
62.247, 60, 19172.816406
62.247, 60, 19173.261719
62.247, 60, 19173.707031
62.247, 60, 19174.152344
62.247, 60, 19174.597656
62.247, 60, 19175.042969
62.247, 60, 19175.488281
62.247, 60, 19175.931641
62.247, 60, 19176.376953
62.247, 60, 19176.822266
62.247, 60, 19177.267578
62.247, 60, 19177.712891
62.247, 60, 19178.158203
62.247, 60, 19178.603516
62.247, 60, 19179.046875
62.247, 60, 19179.492188
62.247, 60, 19179.937500
62.247, 60, 19180.382812
62.247, 60, 19180.828125
62.247, 60, 19181.273438
62.247, 60, 19181.718750
62.247, 60, 19182.162109
62.247, 60, 19182.607422
62.247, 60, 19183.052734
62.247, 60, 19183.498047
62.247, 60, 19183.943359
62.247, 60, 19184.388672
62.247, 60, 19184.833984
62.247, 60, 19185.277344
62.247, 60, 19185.722656
62.247, 60, 19186.167969
62.247, 60, 19186.613281
62.247, 60, 19187.058594
62.247, 60, 19187.503906
62.247, 60, 19187.949219
62.247, 60, 19188.392578
62.247, 60, 19188.837891
62.247, 60, 19189.283203
62.247, 60, 19189.728516
62.247, 60, 19190.173828
62.247, 60, 19190.619141
62.247, 60, 19191.064453
62.247, 60, 19191.507812
62.247, 60, 19191.953125
62.247, 60, 19192.398438
62.247, 60, 19192.843750
62.247, 60, 19193.289062
62.247, 60, 19193.734375
62.247, 60, 19194.179688
62.247, 60, 19194.623047
62.247, 60, 19195.068359
62.247, 60, 19195.513672
62.247, 60, 19195.958984
62.247, 60, 19196.404297
62.247, 60, 19196.849609
62.247, 60, 19197.294922
62.247, 60, 19197.738281
62.247, 60, 19198.183594
62.247, 60, 19198.628906
62.247, 60, 19199.074219
62.247, 60, 19199.519531
62.247, 60, 19199.964844
62.247, 60, 19200.410156
62.247, 60, 19200.853516
62.247, 60, 19201.298828
62.247, 60, 19201.744141
62.247, 60, 19202.189453
62.247, 60, 19202.634766
62.247, 60, 19203.080078
62.247, 60, 19203.525391
62.247, 60, 19203.968750
62.247, 60, 19204.414062
62.247, 60, 19204.859375
62.247, 60, 19205.304688
62.247, 60, 19205.750000
62.247, 60, 19206.195312
62.247, 60, 19206.638672
62.247, 60, 19207.083984
62.247, 60, 19207.529297
62.247, 60, 19207.974609
62.247, 60, 19208.419922
62.247, 60, 19208.865234
62.247, 60, 19209.310547
62.247, 60, 19209.753906
62.247, 60, 19210.199219
62.247, 60, 19210.644531
62.247, 60, 19211.089844
62.247, 60, 19211.535156
62.247, 60, 19211.980469
62.342, 60, 19212.425781
62.342, 60, 19212.869141
62.342, 60, 19213.314453
62.342, 60, 19213.759766
62.342, 60, 19214.205078
62.342, 60, 19214.650391
62.342, 60, 19215.095703
62.342, 60, 19215.541016
62.342, 60, 19215.984375
62.342, 60, 19216.429688
62.342, 60, 19216.875000
62.342, 60, 19217.320312
62.342, 60, 19217.765625
62.342, 60, 19218.210938
62.342, 60, 19218.656250
62.342, 60, 19219.099609
62.342, 60, 19219.544922
62.342, 60, 19219.990234
62.342, 60, 19220.435547
62.342, 60, 19220.880859
62.342, 60, 19221.326172
62.342, 60, 19221.771484
62.342, 60, 19222.214844
62.342, 60, 19222.660156
62.342, 60, 19223.105469
62.342, 60, 19223.550781
62.342, 60, 19223.996094
62.342, 60, 19224.441406
62.342, 60, 19224.886719
62.342, 60, 19225.330078
62.342, 60, 19225.775391
62.342, 60, 19226.220703
62.342, 60, 19226.666016
62.342, 60, 19227.111328
62.247, 60, 19227.556641
62.247, 60, 19228.001953
62.247, 60, 19228.445312
62.247, 60, 19228.890625
62.247, 60, 19229.335938
62.247, 60, 19229.781250
62.247, 60, 19230.226562
62.247, 60, 19230.671875
62.247, 60, 19231.117188
62.247, 60, 19231.560547
62.247, 60, 19232.005859
62.247, 60, 19232.451172
62.247, 60, 19232.896484
62.247, 60, 19233.341797
62.247, 60, 19233.787109
62.247, 60, 19234.232422
62.247, 60, 19234.675781
62.247, 60, 19235.121094
62.247, 60, 19235.566406
62.247, 60, 19236.011719
62.247, 60, 19236.457031
62.247, 60, 19236.902344
62.247, 60, 19237.347656
62.247, 60, 19237.791016
62.247, 60, 19238.236328
62.247, 60, 19238.681641
62.247, 60, 19239.126953
62.247, 60, 19239.572266
62.247, 60, 19240.017578
62.247, 60, 19240.462891
62.247, 60, 19240.906250
62.247, 60, 19241.351562
62.247, 60, 19241.796875
62.247, 60, 19242.242188
62.247, 60, 19242.687500
62.342, 60, 19243.132812
62.342, 60, 19243.578125
62.342, 60, 19244.021484
62.342, 60, 19244.466797
62.342, 60, 19244.912109
62.342, 60, 19245.357422
62.342, 60, 19245.802734
62.342, 60, 19246.248047
62.342, 60, 19246.693359
62.342, 60, 19247.136719
62.342, 60, 19247.582031
62.342, 60, 19248.027344
62.342, 60, 19248.472656
62.342, 60, 19248.917969
62.342, 60, 19249.363281
62.342, 60, 19249.808594
62.342, 60, 19250.251953
62.342, 60, 19250.697266
62.342, 60, 19251.142578
62.342, 60, 19251.587891
62.342, 60, 19252.033203
62.342, 60, 19252.478516
62.342, 60, 19252.921875
62.342, 60, 19253.367188
62.342, 60, 19253.812500
62.342, 60, 19254.257812
62.342, 60, 19254.703125
62.342, 60, 19255.148438
62.342, 60, 19255.593750
62.342, 60, 19256.037109
62.342, 60, 19256.482422
62.342, 60, 19256.927734
62.342, 60, 19257.373047
62.342, 60, 19257.818359
62.342, 60, 19258.263672
62.342, 60, 19258.708984
62.342, 60, 19259.152344
62.342, 60, 19259.597656
62.342, 60, 19260.042969
62.342, 60, 19260.488281
62.342, 60, 19260.933594
62.342, 60, 19261.378906
62.342, 60, 19261.824219
62.342, 60, 19262.267578
62.342, 60, 19262.712891
62.342, 60, 19263.158203
62.342, 60, 19263.603516
62.342, 60, 19264.048828
62.342, 60, 19264.494141
62.342, 60, 19264.939453
62.342, 60, 19265.382812
62.342, 60, 19265.828125
62.342, 60, 19266.273438
62.342, 60, 19266.718750
62.342, 60, 19267.164062
62.342, 60, 19267.609375
62.342, 60, 19268.054688
62.342, 60, 19268.498047
62.342, 60, 19268.943359
62.342, 60, 19269.388672
62.342, 60, 19269.833984
62.342, 60, 19270.279297
62.342, 60, 19270.724609
62.342, 60, 19271.169922
62.342, 60, 19271.613281
62.342, 60, 19272.058594
62.342, 60, 19272.503906
62.342, 60, 19272.949219
62.342, 60, 19273.394531
62.342, 60, 19273.839844
62.342, 60, 19274.285156
62.342, 60, 19274.728516
62.342, 60, 19275.173828
62.342, 60, 19275.619141
62.342, 60, 19276.064453
62.342, 60, 19276.509766
62.342, 60, 19276.955078
62.342, 60, 19277.400391
62.342, 60, 19277.843750
62.342, 60, 19278.289062
62.342, 60, 19278.734375
62.342, 60, 19279.179688
62.342, 60, 19279.625000
62.342, 60, 19280.070312
62.342, 60, 19280.515625
62.342, 60, 19280.958984
62.342, 60, 19281.404297
62.342, 60, 19281.849609
62.342, 60, 19282.294922
62.342, 60, 19282.740234
62.342, 60, 19283.185547
62.342, 60, 19283.630859
62.342, 60, 19284.074219
62.342, 60, 19284.519531
62.342, 60, 19284.964844
62.342, 60, 19285.410156
62.342, 60, 19285.855469
62.342, 60, 19286.300781
62.342, 60, 19286.746094
62.342, 60, 19287.189453
62.342, 60, 19287.634766
62.342, 60, 19288.080078
62.342, 60, 19288.525391
62.342, 60, 19288.970703
62.342, 60, 19289.416016
62.342, 60, 19289.861328
62.342, 60, 19290.304688
62.342, 60, 19290.750000
62.342, 60, 19291.195312
62.342, 60, 19291.640625
62.342, 60, 19292.085938
62.342, 60, 19292.531250
62.342, 60, 19292.976562
62.342, 60, 19293.419922
62.342, 60, 19293.865234
62.342, 60, 19294.310547
62.342, 60, 19294.755859
62.342, 60, 19295.201172
62.342, 60, 19295.646484
62.342, 60, 19296.091797
62.342, 60, 19296.535156
62.342, 60, 19296.980469
62.342, 60, 19297.425781
62.342, 60, 19297.871094
62.342, 60, 19298.316406
62.342, 60, 19298.761719
62.342, 60, 19299.205078
62.342, 60, 19299.650391
62.342, 60, 19300.095703
62.342, 60, 19300.541016
62.342, 60, 19300.986328
62.342, 60, 19301.431641
62.342, 60, 19301.876953
62.342, 60, 19302.320312
62.342, 60, 19302.765625
62.342, 60, 19303.210938
62.342, 60, 19303.656250
62.342, 60, 19304.101562
62.342, 60, 19304.546875
62.342, 60, 19304.992188
62.342, 60, 19305.435547
62.342, 60, 19305.880859
62.342, 60, 19306.326172
62.342, 60, 19306.771484
62.342, 60, 19307.216797
62.342, 60, 19307.662109
62.342, 60, 19308.107422
62.342, 60, 19308.550781
62.342, 60, 19308.996094
62.342, 60, 19309.441406
62.342, 60, 19309.886719
62.342, 60, 19310.332031
62.342, 60, 19310.777344
62.342, 60, 19311.222656
62.342, 60, 19311.666016
62.342, 60, 19312.111328
62.342, 60, 19312.556641
62.342, 60, 19313.001953
62.342, 60, 19313.447266
62.342, 60, 19313.892578
62.342, 60, 19314.337891
62.342, 60, 19314.781250
62.342, 60, 19315.226562
62.342, 60, 19315.671875
62.342, 60, 19316.117188
62.342, 60, 19316.562500
62.342, 60, 19317.007812
62.342, 60, 19317.453125
62.342, 60, 19317.896484
62.342, 60, 19318.341797
62.342, 60, 19318.787109
62.342, 60, 19319.232422
62.342, 60, 19319.677734
62.342, 60, 19320.123047
62.342, 60, 19320.568359
62.342, 60, 19321.011719
62.342, 60, 19321.457031
62.342, 60, 19321.902344
62.342, 60, 19322.347656
62.342, 60, 19322.792969
62.342, 60, 19323.238281
62.342, 60, 19323.683594
62.342, 60, 19324.126953
62.342, 60, 19324.572266
62.342, 60, 19325.017578
62.342, 60, 19325.462891
62.342, 60, 19325.908203
62.342, 60, 19326.353516
62.342, 60, 19326.798828
62.342, 60, 19327.242188
62.342, 60, 19327.687500
62.342, 60, 19328.132812
62.342, 60, 19328.578125
62.342, 60, 19329.023438
62.342, 60, 19329.468750
62.342, 60, 19329.914062
62.342, 60, 19330.357422
62.342, 60, 19330.802734
62.342, 60, 19331.248047
62.342, 60, 19331.693359
62.342, 60, 19332.138672
62.342, 60, 19332.583984
62.342, 60, 19333.029297
62.342, 60, 19333.472656
62.342, 60, 19333.917969
62.342, 60, 19334.363281
62.437, 60, 19334.808594
62.437, 60, 19335.253906
62.437, 60, 19335.699219
62.437, 60, 19336.144531
62.437, 60, 19336.587891
62.437, 60, 19337.033203
62.437, 60, 19337.478516
62.437, 60, 19337.923828
62.437, 60, 19338.369141
62.437, 60, 19338.814453
62.437, 60, 19339.259766
62.437, 60, 19339.703125
62.437, 60, 19340.148438
62.437, 60, 19340.593750
62.437, 60, 19341.039062
62.437, 60, 19341.484375
62.437, 60, 19341.929688
62.437, 60, 19342.375000
62.437, 60, 19342.818359
62.437, 60, 19343.263672
62.437, 60, 19343.708984
62.437, 60, 19344.154297
62.437, 60, 19344.599609
62.437, 60, 19345.044922
62.437, 60, 19345.488281
62.437, 60, 19345.933594
62.437, 60, 19346.378906
62.437, 60, 19346.824219
62.437, 60, 19347.269531
62.437, 60, 19347.714844
62.437, 60, 19348.160156
62.437, 60, 19348.603516
62.437, 60, 19349.048828
62.437, 60, 19349.494141
62.437, 60, 19349.939453
62.437, 60, 19350.384766
62.437, 60, 19350.830078
62.437, 60, 19351.275391
62.437, 60, 19351.718750
62.437, 60, 19352.164062
62.437, 60, 19352.609375
62.437, 60, 19353.054688
62.437, 60, 19353.500000
62.437, 60, 19353.945312
62.437, 60, 19354.390625
62.437, 60, 19354.833984
62.437, 60, 19355.279297
62.437, 60, 19355.724609
62.437, 60, 19356.169922
62.437, 60, 19356.615234
62.437, 60, 19357.060547
62.437, 60, 19357.505859
62.437, 60, 19357.949219
62.437, 60, 19358.394531
62.437, 60, 19358.839844
62.437, 60, 19359.285156
62.437, 60, 19359.730469
62.437, 60, 19360.175781
62.437, 60, 19360.621094
62.437, 60, 19361.064453
62.437, 60, 19361.509766
62.437, 60, 19361.955078
62.437, 60, 19362.400391
62.437, 60, 19362.845703
62.437, 60, 19363.291016
62.437, 60, 19363.736328
62.437, 60, 19364.179688
62.437, 60, 19364.625000
62.437, 60, 19365.070312
62.437, 60, 19365.515625
62.247, 60, 19365.960938
62.247, 60, 19366.406250
62.247, 60, 19366.851562
62.247, 60, 19367.294922
62.247, 60, 19367.740234
62.247, 60, 19368.185547
62.247, 60, 19368.630859
62.247, 60, 19369.076172
62.247, 60, 19369.521484
62.247, 60, 19369.966797
62.247, 60, 19370.410156
62.247, 60, 19370.855469
62.247, 60, 19371.300781
62.247, 60, 19371.746094
62.247, 60, 19372.191406
62.247, 60, 19372.636719
62.247, 60, 19373.082031
62.247, 60, 19373.525391
62.247, 60, 19373.970703
62.247, 60, 19374.416016
62.247, 60, 19374.861328
62.247, 60, 19375.306641
62.247, 60, 19375.751953
62.247, 60, 19376.197266
62.247, 60, 19376.640625
62.247, 60, 19377.085938
62.247, 60, 19377.531250
62.247, 60, 19377.976562
62.247, 60, 19378.421875
62.247, 60, 19378.867188
62.247, 60, 19379.312500
62.247, 60, 19379.755859
62.247, 60, 19380.201172
62.247, 60, 19380.646484
62.247, 60, 19381.091797
62.151, 60, 19381.537109
62.151, 60, 19381.982422
62.151, 60, 19382.427734
62.151, 60, 19382.871094
62.151, 60, 19383.316406
62.151, 60, 19383.761719
62.151, 60, 19384.207031
62.151, 60, 19384.652344
62.151, 60, 19385.097656
62.151, 60, 19385.542969
62.151, 60, 19385.986328
62.151, 60, 19386.431641
62.151, 60, 19386.876953
62.151, 60, 19387.322266
62.151, 60, 19387.767578
62.151, 60, 19388.212891
62.151, 60, 19388.658203
62.151, 60, 19389.101562
62.151, 60, 19389.546875
62.151, 60, 19389.992188
62.151, 60, 19390.437500
62.151, 60, 19390.882812
62.151, 60, 19391.328125
62.151, 60, 19391.771484
62.151, 60, 19392.216797
62.151, 60, 19392.662109
62.151, 60, 19393.107422
62.151, 60, 19393.552734
62.151, 60, 19393.998047
62.151, 60, 19394.443359
62.151, 60, 19394.886719
62.151, 60, 19395.332031
62.151, 60, 19395.777344
62.151, 60, 19396.222656
61.961, 60, 19396.667969
61.961, 60, 19397.113281
61.961, 60, 19397.558594
61.961, 60, 19398.001953
61.961, 60, 19398.447266
61.961, 60, 19398.892578
61.961, 60, 19399.337891
61.961, 60, 19399.783203
61.961, 60, 19400.228516
61.961, 60, 19400.673828
61.961, 60, 19401.117188
61.961, 60, 19401.562500
61.961, 60, 19402.007812
61.961, 60, 19402.453125
61.961, 60, 19402.898438
61.961, 60, 19403.343750
61.961, 60, 19403.789062
61.961, 60, 19404.232422
61.961, 60, 19404.677734
61.961, 60, 19405.123047
61.961, 60, 19405.568359
61.961, 60, 19406.013672
61.961, 60, 19406.458984
61.961, 60, 19406.904297
61.961, 60, 19407.347656
61.961, 60, 19407.792969
61.961, 60, 19408.238281
61.961, 60, 19408.683594
61.961, 60, 19409.128906
61.961, 60, 19409.574219
61.961, 60, 19410.019531
61.961, 60, 19410.462891
61.961, 60, 19410.908203
61.961, 60, 19411.353516
61.961, 60, 19411.798828
61.961, 60, 19412.244141
61.961, 60, 19412.689453
61.961, 60, 19413.134766
61.961, 60, 19413.578125
61.961, 60, 19414.023438
61.961, 60, 19414.468750
61.961, 60, 19414.914062
61.961, 60, 19415.359375
61.961, 60, 19415.804688
61.961, 60, 19416.250000
61.961, 60, 19416.693359
61.961, 60, 19417.138672
61.961, 60, 19417.583984
61.961, 60, 19418.029297
61.961, 60, 19418.474609
61.961, 60, 19418.919922
61.961, 60, 19419.365234
61.961, 60, 19419.808594
61.961, 60, 19420.253906
61.961, 60, 19420.699219
61.961, 60, 19421.144531
61.961, 60, 19421.589844
61.961, 60, 19422.035156
61.961, 60, 19422.480469
61.961, 60, 19422.923828
61.961, 60, 19423.369141
61.961, 60, 19423.814453
61.961, 60, 19424.259766
61.961, 60, 19424.705078
61.961, 60, 19425.150391
61.961, 60, 19425.595703
61.961, 60, 19426.039062
61.961, 60, 19426.484375
61.961, 60, 19426.929688
61.961, 60, 19427.375000
61.961, 60, 19427.820312
61.961, 60, 19428.265625
61.961, 60, 19428.710938
61.961, 60, 19429.154297
61.961, 60, 19429.599609
61.961, 60, 19430.044922
61.961, 60, 19430.490234
61.961, 60, 19430.935547
61.961, 60, 19431.380859
61.961, 60, 19431.826172
61.961, 60, 19432.269531
61.961, 60, 19432.714844
61.961, 60, 19433.160156
61.961, 60, 19433.605469
61.961, 60, 19434.050781
61.961, 60, 19434.496094
61.961, 60, 19434.941406
61.961, 60, 19435.384766
61.961, 60, 19435.830078
61.961, 60, 19436.275391
61.961, 60, 19436.720703
61.961, 60, 19437.166016
61.961, 60, 19437.611328
61.961, 60, 19438.054688
61.961, 60, 19438.500000
61.961, 60, 19438.945312
61.961, 60, 19439.390625
61.961, 60, 19439.835938
61.961, 60, 19440.281250
61.961, 60, 19440.726562
61.961, 60, 19441.169922
61.961, 60, 19441.615234
61.961, 60, 19442.060547
61.961, 60, 19442.505859
61.961, 60, 19442.951172
61.961, 60, 19443.396484
61.961, 60, 19443.841797
61.961, 60, 19444.285156
61.961, 60, 19444.730469
61.961, 60, 19445.175781
61.961, 60, 19445.621094
61.961, 60, 19446.066406
61.961, 60, 19446.511719
61.961, 60, 19446.957031
61.961, 60, 19447.400391
61.961, 60, 19447.845703
61.961, 60, 19448.291016
61.961, 60, 19448.736328
61.961, 60, 19449.181641
61.961, 60, 19449.626953
61.961, 60, 19450.072266
61.961, 60, 19450.515625
61.961, 60, 19450.960938
61.961, 60, 19451.406250
61.961, 60, 19451.851562
61.961, 60, 19452.296875
61.961, 60, 19452.742188
61.961, 60, 19453.187500
61.961, 60, 19453.630859
61.961, 60, 19454.076172
61.961, 60, 19454.521484
61.961, 60, 19454.966797
61.961, 60, 19455.412109
61.961, 60, 19455.857422
61.961, 60, 19456.302734
61.961, 60, 19456.746094
61.961, 60, 19457.191406
61.961, 60, 19457.636719
61.961, 60, 19458.082031
61.961, 60, 19458.527344
61.961, 60, 19458.972656
61.961, 60, 19459.417969
61.961, 60, 19459.861328
61.961, 60, 19460.306641
61.961, 60, 19460.751953
61.961, 60, 19461.197266
61.961, 60, 19461.642578
61.961, 60, 19462.087891
61.961, 60, 19462.533203
61.961, 60, 19462.976562
61.961, 60, 19463.421875
61.961, 60, 19463.867188
61.961, 60, 19464.312500
61.961, 60, 19464.757812
61.961, 60, 19465.203125
61.961, 60, 19465.648438
61.961, 60, 19466.091797
61.961, 60, 19466.537109
61.961, 60, 19466.982422
61.961, 60, 19467.427734
61.961, 60, 19467.873047
61.961, 60, 19468.318359
61.961, 60, 19468.763672
61.961, 60, 19469.207031
61.961, 60, 19469.652344
61.961, 60, 19470.097656
61.961, 60, 19470.542969
61.961, 60, 19470.988281
61.961, 60, 19471.433594
61.961, 60, 19471.878906
61.961, 60, 19472.322266
61.961, 60, 19472.767578
61.961, 60, 19473.212891
61.961, 60, 19473.658203
61.961, 60, 19474.103516
61.961, 60, 19474.548828
61.961, 60, 19474.994141
61.961, 60, 19475.437500
61.961, 60, 19475.882812
61.961, 60, 19476.328125
61.961, 60, 19476.773438
61.961, 60, 19477.218750
61.961, 60, 19477.664062
61.961, 60, 19478.109375
61.961, 60, 19478.552734
61.961, 60, 19478.998047
61.961, 60, 19479.443359
61.961, 60, 19479.888672
61.961, 60, 19480.333984
61.961, 60, 19480.779297
61.961, 60, 19481.224609
61.961, 60, 19481.667969
61.961, 60, 19482.113281
61.961, 60, 19482.558594
61.961, 60, 19483.003906
61.961, 60, 19483.449219
61.961, 60, 19483.894531
61.961, 60, 19484.337891
61.961, 60, 19484.783203
61.961, 60, 19485.228516
61.961, 60, 19485.673828
61.961, 60, 19486.119141
61.961, 60, 19486.564453
61.961, 60, 19487.009766
61.961, 60, 19487.453125
61.961, 60, 19487.898438
61.961, 60, 19488.343750
61.961, 60, 19488.789062
61.961, 60, 19489.234375
61.961, 60, 19489.679688
61.961, 60, 19490.125000
61.961, 60, 19490.568359
61.961, 60, 19491.013672
61.961, 60, 19491.458984
61.961, 60, 19491.904297
61.961, 60, 19492.349609
61.961, 60, 19492.794922
61.961, 60, 19493.240234
61.961, 60, 19493.683594
61.961, 60, 19494.128906
61.961, 60, 19494.574219
61.961, 60, 19495.019531
61.961, 60, 19495.464844
61.961, 60, 19495.910156
61.961, 60, 19496.355469
61.961, 60, 19496.798828
61.961, 60, 19497.244141
61.961, 60, 19497.689453
61.961, 60, 19498.134766
61.961, 60, 19498.580078
61.961, 60, 19499.025391
61.961, 60, 19499.470703
61.961, 60, 19499.914062
61.961, 60, 19500.359375
61.961, 60, 19500.804688
61.961, 60, 19501.250000
61.961, 60, 19501.695312
61.961, 60, 19502.140625
61.961, 60, 19502.585938
61.961, 60, 19503.029297
61.961, 60, 19503.474609
61.961, 60, 19503.919922
62.056, 60, 19504.365234
62.056, 60, 19504.810547
62.056, 60, 19505.255859
62.056, 60, 19505.701172
62.056, 60, 19506.144531
62.056, 60, 19506.589844
62.056, 60, 19507.035156
62.056, 60, 19507.480469
62.056, 60, 19507.925781
62.056, 60, 19508.371094
62.056, 60, 19508.816406
62.056, 60, 19509.259766
62.056, 60, 19509.705078
62.056, 60, 19510.150391
62.056, 60, 19510.595703
62.056, 60, 19511.041016
62.056, 60, 19511.486328
62.056, 60, 19511.931641
62.056, 60, 19512.375000
62.056, 60, 19512.820312
62.056, 60, 19513.265625
62.056, 60, 19513.710938
62.056, 60, 19514.156250
62.056, 60, 19514.601562
62.056, 60, 19515.046875
62.056, 60, 19515.490234
62.056, 60, 19515.935547
62.056, 60, 19516.380859
62.056, 60, 19516.826172
62.056, 60, 19517.271484
62.056, 60, 19517.716797
62.056, 60, 19518.162109
62.056, 60, 19518.605469
62.056, 60, 19519.050781
62.151, 60, 19519.496094
62.151, 60, 19519.941406
62.151, 60, 19520.386719
62.151, 60, 19520.832031
62.151, 60, 19521.277344
62.151, 60, 19521.720703
62.151, 60, 19522.166016
62.151, 60, 19522.611328
62.151, 60, 19523.056641
62.151, 60, 19523.501953
62.151, 60, 19523.947266
62.151, 60, 19524.392578
62.151, 60, 19524.835938
62.151, 60, 19525.281250
62.151, 60, 19525.726562
62.151, 60, 19526.171875
62.151, 60, 19526.617188
62.151, 60, 19527.062500
62.151, 60, 19527.507812
62.151, 60, 19527.951172
62.151, 60, 19528.396484
62.151, 60, 19528.841797
62.151, 60, 19529.287109
62.151, 60, 19529.732422
62.151, 60, 19530.177734
62.151, 60, 19530.621094
62.151, 60, 19531.066406
62.151, 60, 19531.511719
62.151, 60, 19531.957031
62.151, 60, 19532.402344
62.151, 60, 19532.847656
62.151, 60, 19533.292969
62.151, 60, 19533.736328
62.151, 60, 19534.181641
62.151, 60, 19534.626953
62.056, 60, 19535.072266
62.056, 60, 19535.517578
62.056, 60, 19535.962891
62.056, 60, 19536.408203
62.056, 60, 19536.851562
62.056, 60, 19537.296875
62.056, 60, 19537.742188
62.056, 60, 19538.187500
62.056, 60, 19538.632812
62.056, 60, 19539.078125
62.056, 60, 19539.523438
62.056, 60, 19539.966797
62.056, 60, 19540.412109
62.056, 60, 19540.857422
62.056, 60, 19541.302734
62.056, 60, 19541.748047
62.056, 60, 19542.193359
62.056, 60, 19542.638672
62.056, 60, 19543.082031
62.056, 60, 19543.527344
62.056, 60, 19543.972656
62.056, 60, 19544.417969
62.056, 60, 19544.863281
62.056, 60, 19545.308594
62.056, 60, 19545.753906
62.056, 60, 19546.197266
62.056, 60, 19546.642578
62.056, 60, 19547.087891
62.056, 60, 19547.533203
62.056, 60, 19547.978516
62.056, 60, 19548.423828
62.056, 60, 19548.869141
62.056, 60, 19549.312500
62.056, 60, 19549.757812
62.056, 60, 19550.203125
61.961, 60, 19550.648438
61.961, 60, 19551.093750
61.961, 60, 19551.539062
61.961, 60, 19551.984375
61.961, 60, 19552.427734
61.961, 60, 19552.873047
61.961, 60, 19553.318359
61.961, 60, 19553.763672
61.961, 60, 19554.208984
61.961, 60, 19554.654297
61.961, 60, 19555.099609
61.961, 60, 19555.542969
61.961, 60, 19555.988281
61.961, 60, 19556.433594
61.961, 60, 19556.878906
61.961, 60, 19557.324219
61.961, 60, 19557.769531
61.961, 60, 19558.214844
61.961, 60, 19558.658203
61.961, 60, 19559.103516
61.961, 60, 19559.548828
61.961, 60, 19559.994141
61.961, 60, 19560.439453
61.961, 60, 19560.884766
61.961, 60, 19561.330078
61.961, 60, 19561.773438
61.961, 60, 19562.218750
61.961, 60, 19562.664062
61.961, 60, 19563.109375
61.961, 60, 19563.554688
61.961, 60, 19564.000000
61.961, 60, 19564.445312
61.961, 60, 19564.888672
61.961, 60, 19565.333984
61.961, 60, 19565.779297
61.961, 60, 19566.224609
61.961, 60, 19566.669922
61.961, 60, 19567.115234
61.961, 60, 19567.560547
61.961, 60, 19568.003906
61.961, 60, 19568.449219
61.961, 60, 19568.894531
61.961, 60, 19569.339844
61.961, 60, 19569.785156
61.961, 60, 19570.230469
61.961, 60, 19570.675781
61.961, 60, 19571.119141
61.961, 60, 19571.564453
61.961, 60, 19572.009766
61.961, 60, 19572.455078
61.961, 60, 19572.900391
61.961, 60, 19573.345703
61.961, 60, 19573.791016
61.961, 60, 19574.234375
61.961, 60, 19574.679688
61.961, 60, 19575.125000
61.961, 60, 19575.570312
61.961, 60, 19576.015625
61.961, 60, 19576.460938
61.961, 60, 19576.904297
61.961, 60, 19577.349609
61.961, 60, 19577.794922
61.961, 60, 19578.240234
61.961, 60, 19578.685547
61.961, 60, 19579.130859
61.961, 60, 19579.576172
61.961, 60, 19580.019531
61.961, 60, 19580.464844
61.961, 60, 19580.910156
61.961, 60, 19581.355469
62.056, 60, 19581.800781
62.056, 60, 19582.246094
62.056, 60, 19582.691406
62.056, 60, 19583.134766
62.056, 60, 19583.580078
62.056, 60, 19584.025391
62.056, 60, 19584.470703
62.056, 60, 19584.916016
62.056, 60, 19585.361328
62.056, 60, 19585.806641
62.056, 60, 19586.250000
62.056, 60, 19586.695312
62.056, 60, 19587.140625
62.056, 60, 19587.585938
62.056, 60, 19588.031250
62.056, 60, 19588.476562
62.056, 60, 19588.921875
62.056, 60, 19589.365234
62.056, 60, 19589.810547
62.056, 60, 19590.255859
62.056, 60, 19590.701172
62.056, 60, 19591.146484
62.056, 60, 19591.591797
62.056, 60, 19592.037109
62.056, 60, 19592.480469
62.056, 60, 19592.925781
62.056, 60, 19593.371094
62.056, 60, 19593.816406
62.056, 60, 19594.261719
62.056, 60, 19594.707031
62.056, 60, 19595.152344
62.056, 60, 19595.595703
62.056, 60, 19596.041016
62.056, 60, 19596.486328
62.056, 60, 19596.931641
62.151, 60, 19597.376953
62.151, 60, 19597.822266
62.151, 60, 19598.267578
62.151, 60, 19598.710938
62.151, 60, 19599.156250
62.151, 60, 19599.601562
62.151, 60, 19600.046875
62.151, 60, 19600.492188
62.151, 60, 19600.937500
62.151, 60, 19601.382812
62.151, 60, 19601.826172
62.151, 60, 19602.271484
62.151, 60, 19602.716797
62.151, 60, 19603.162109
62.151, 60, 19603.607422
62.151, 60, 19604.052734
62.151, 60, 19604.498047
62.151, 60, 19604.941406
62.151, 60, 19605.386719
62.151, 60, 19605.832031
62.151, 60, 19606.277344
62.151, 60, 19606.722656
62.151, 60, 19607.167969
62.151, 60, 19607.613281
62.151, 60, 19608.056641
62.151, 60, 19608.501953
62.151, 60, 19608.947266
62.151, 60, 19609.392578
62.151, 60, 19609.837891
62.151, 60, 19610.283203
62.151, 60, 19610.728516
62.151, 60, 19611.171875
62.151, 60, 19611.617188
62.151, 60, 19612.062500
62.151, 60, 19612.507812
62.151, 60, 19612.953125
62.151, 60, 19613.398438
62.151, 60, 19613.843750
62.151, 60, 19614.287109
62.151, 60, 19614.732422
62.151, 60, 19615.177734
62.151, 60, 19615.623047
62.151, 60, 19616.068359
62.151, 60, 19616.513672
62.151, 60, 19616.958984
62.151, 60, 19617.402344
62.151, 60, 19617.847656
62.151, 60, 19618.292969
62.151, 60, 19618.738281
62.151, 60, 19619.183594
62.151, 60, 19619.628906
62.151, 60, 19620.074219
62.151, 60, 19620.517578
62.151, 60, 19620.962891
62.151, 60, 19621.408203
62.151, 60, 19621.853516
62.151, 60, 19622.298828
62.151, 60, 19622.744141
62.151, 60, 19623.187500
62.151, 60, 19623.632812
62.151, 60, 19624.078125
62.151, 60, 19624.523438
62.151, 60, 19624.968750
62.151, 60, 19625.414062
62.151, 60, 19625.859375
62.151, 60, 19626.302734
62.151, 60, 19626.748047
62.151, 60, 19627.193359
62.151, 60, 19627.638672
62.151, 60, 19628.083984
62.151, 60, 19628.529297
62.151, 60, 19628.974609
62.151, 60, 19629.417969
62.151, 60, 19629.863281
62.151, 60, 19630.308594
62.151, 60, 19630.753906
62.151, 60, 19631.199219
62.151, 60, 19631.644531
62.151, 60, 19632.089844
62.151, 60, 19632.533203
62.151, 60, 19632.978516
62.151, 60, 19633.423828
62.151, 60, 19633.869141
62.151, 60, 19634.314453
62.151, 60, 19634.759766
62.151, 60, 19635.205078
62.151, 60, 19635.648438
62.151, 60, 19636.093750
62.151, 60, 19636.539062
62.151, 60, 19636.984375
62.151, 60, 19637.429688
62.151, 60, 19637.875000
62.151, 60, 19638.320312
62.151, 60, 19638.763672
62.151, 60, 19639.208984
62.151, 60, 19639.654297
62.151, 60, 19640.099609
62.151, 60, 19640.544922
62.151, 60, 19640.990234
62.151, 60, 19641.435547
62.151, 60, 19641.878906
62.151, 60, 19642.324219
62.151, 60, 19642.769531
62.247, 60, 19643.214844
62.247, 60, 19643.660156
62.247, 60, 19644.105469
62.247, 60, 19644.550781
62.247, 60, 19644.994141
62.247, 60, 19645.439453
62.247, 60, 19645.884766
62.247, 60, 19646.330078
62.247, 60, 19646.775391
62.247, 60, 19647.220703
62.247, 60, 19647.666016
62.247, 60, 19648.109375
62.247, 60, 19648.554688
62.247, 60, 19649.000000
62.247, 60, 19649.445312
62.247, 60, 19649.890625
62.247, 60, 19650.335938
62.247, 60, 19650.781250
62.247, 60, 19651.224609
62.247, 60, 19651.669922
62.247, 60, 19652.115234
62.247, 60, 19652.560547
62.247, 60, 19653.005859
62.247, 60, 19653.451172
62.247, 60, 19653.896484
62.247, 60, 19654.339844
62.247, 60, 19654.785156
62.247, 60, 19655.230469
62.247, 60, 19655.675781
62.247, 60, 19656.121094
62.247, 60, 19656.566406
62.247, 60, 19657.011719
62.247, 60, 19657.455078
62.247, 60, 19657.900391
62.247, 60, 19658.345703
62.247, 60, 19658.791016
62.247, 60, 19659.236328
62.247, 60, 19659.681641
62.247, 60, 19660.126953
62.247, 60, 19660.570312
62.247, 60, 19661.015625
62.247, 60, 19661.460938
62.247, 60, 19661.906250
62.247, 60, 19662.351562
62.247, 60, 19662.796875
62.247, 60, 19663.242188
62.247, 60, 19663.685547
62.247, 60, 19664.130859
62.247, 60, 19664.576172
62.247, 60, 19665.021484
62.247, 60, 19665.466797
62.247, 60, 19665.912109
62.247, 60, 19666.357422
62.247, 60, 19666.800781
62.247, 60, 19667.246094
62.247, 60, 19667.691406
62.247, 60, 19668.136719
62.247, 60, 19668.582031
62.247, 60, 19669.027344
62.247, 60, 19669.470703
62.247, 60, 19669.916016
62.247, 60, 19670.361328
62.247, 60, 19670.806641
62.247, 60, 19671.251953
62.247, 60, 19671.697266
62.247, 60, 19672.142578
62.247, 60, 19672.585938
62.247, 60, 19673.031250
62.247, 60, 19673.476562
62.247, 60, 19673.921875
62.247, 60, 19674.367188
62.247, 60, 19674.812500
62.247, 60, 19675.257812
62.247, 60, 19675.701172
62.247, 60, 19676.146484
62.247, 60, 19676.591797
62.247, 60, 19677.037109
62.247, 60, 19677.482422
62.247, 60, 19677.927734
62.247, 60, 19678.373047
62.247, 60, 19678.816406
62.247, 60, 19679.261719
62.247, 60, 19679.707031
62.247, 60, 19680.152344
62.247, 60, 19680.597656
62.247, 60, 19681.042969
62.247, 60, 19681.488281
62.247, 60, 19681.931641
62.247, 60, 19682.376953
62.247, 60, 19682.822266
62.247, 60, 19683.267578
62.247, 60, 19683.712891
62.247, 60, 19684.158203
62.247, 60, 19684.603516
62.247, 60, 19685.046875
62.247, 60, 19685.492188
62.247, 60, 19685.937500
62.247, 60, 19686.382812
62.247, 60, 19686.828125
62.247, 60, 19687.273438
62.247, 60, 19687.718750
62.247, 60, 19688.162109
62.247, 60, 19688.607422
62.247, 60, 19689.052734
62.342, 60, 19689.498047
62.342, 60, 19689.943359
62.342, 60, 19690.388672
62.342, 60, 19690.833984
62.342, 60, 19691.277344
62.342, 60, 19691.722656
62.342, 60, 19692.167969
62.342, 60, 19692.613281
62.342, 60, 19693.058594
62.342, 60, 19693.503906
62.342, 60, 19693.949219
62.342, 60, 19694.392578
62.342, 60, 19694.837891
62.342, 60, 19695.283203
62.342, 60, 19695.728516
62.342, 60, 19696.173828
62.342, 60, 19696.619141
62.342, 60, 19697.064453
62.342, 60, 19697.507812
62.342, 60, 19697.953125
62.342, 60, 19698.398438
62.342, 60, 19698.843750
62.342, 60, 19699.289062
62.342, 60, 19699.734375
62.342, 60, 19700.179688
62.342, 60, 19700.623047
62.342, 60, 19701.068359
62.342, 60, 19701.513672
62.342, 60, 19701.958984
62.342, 60, 19702.404297
62.342, 60, 19702.849609
62.342, 60, 19703.294922
62.342, 60, 19703.738281
62.342, 60, 19704.183594
62.247, 60, 19704.628906
62.247, 60, 19705.074219
62.247, 60, 19705.519531
62.247, 60, 19705.964844
62.247, 60, 19706.410156
62.247, 60, 19706.853516
62.247, 60, 19707.298828
62.247, 60, 19707.744141
62.247, 60, 19708.189453
62.247, 60, 19708.634766
62.247, 60, 19709.080078
62.247, 60, 19709.525391
62.247, 60, 19709.968750
62.247, 60, 19710.414062
62.247, 60, 19710.859375
62.247, 60, 19711.304688
62.247, 60, 19711.750000
62.247, 60, 19712.195312
62.247, 60, 19712.640625
62.247, 60, 19713.083984
62.247, 60, 19713.529297
62.247, 60, 19713.974609
62.247, 60, 19714.419922
62.247, 60, 19714.865234
62.247, 60, 19715.310547
62.247, 60, 19715.753906
62.247, 60, 19716.199219
62.247, 60, 19716.644531
62.247, 60, 19717.089844
62.247, 60, 19717.535156
62.247, 60, 19717.980469
62.247, 60, 19718.425781
62.247, 60, 19718.869141
62.247, 60, 19719.314453
62.247, 60, 19719.759766
62.151, 60, 19720.205078
62.151, 60, 19720.650391
62.151, 60, 19721.095703
62.151, 60, 19721.541016
62.151, 60, 19721.984375
62.151, 60, 19722.429688
62.151, 60, 19722.875000
62.151, 60, 19723.320312
62.151, 60, 19723.765625
62.151, 60, 19724.210938
62.151, 60, 19724.656250
62.151, 60, 19725.099609
62.151, 60, 19725.544922
62.151, 60, 19725.990234
62.151, 60, 19726.435547
62.151, 60, 19726.880859
62.151, 60, 19727.326172
62.151, 60, 19727.771484
62.151, 60, 19728.214844
62.151, 60, 19728.660156
62.151, 60, 19729.105469
62.151, 60, 19729.550781
62.151, 60, 19729.996094
62.151, 60, 19730.441406
62.151, 60, 19730.886719
62.151, 60, 19731.330078
62.151, 60, 19731.775391
62.151, 60, 19732.220703
62.151, 60, 19732.666016
62.151, 60, 19733.111328
62.151, 60, 19733.556641
62.151, 60, 19734.001953
62.151, 60, 19734.445312
62.151, 60, 19734.890625
62.151, 60, 19735.335938
62.151, 60, 19735.781250
62.151, 60, 19736.226562
62.151, 60, 19736.671875
62.151, 60, 19737.117188
62.151, 60, 19737.560547
62.151, 60, 19738.005859
62.151, 60, 19738.451172
62.151, 60, 19738.896484
62.151, 60, 19739.341797
62.151, 60, 19739.787109
62.151, 60, 19740.232422
62.151, 60, 19740.675781
62.151, 60, 19741.121094
62.151, 60, 19741.566406
62.151, 60, 19742.011719
62.151, 60, 19742.457031
62.151, 60, 19742.902344
62.151, 60, 19743.347656
62.151, 60, 19743.791016
62.151, 60, 19744.236328
62.151, 60, 19744.681641
62.151, 60, 19745.126953
62.151, 60, 19745.572266
62.151, 60, 19746.017578
62.151, 60, 19746.462891
62.151, 60, 19746.906250
62.151, 60, 19747.351562
62.151, 60, 19747.796875
62.151, 60, 19748.242188
62.151, 60, 19748.687500
62.151, 60, 19749.132812
62.151, 60, 19749.578125
62.151, 60, 19750.021484
62.151, 60, 19750.466797
62.151, 60, 19750.912109
62.151, 60, 19751.357422
62.151, 60, 19751.802734
62.151, 60, 19752.248047
62.151, 60, 19752.693359
62.151, 60, 19753.136719
62.151, 60, 19753.582031
62.151, 60, 19754.027344
62.151, 60, 19754.472656
62.151, 60, 19754.917969
62.151, 60, 19755.363281
62.151, 60, 19755.808594
62.151, 60, 19756.251953
62.151, 60, 19756.697266
62.151, 60, 19757.142578
62.151, 60, 19757.587891
62.151, 60, 19758.033203
62.151, 60, 19758.478516
62.151, 60, 19758.923828
62.151, 60, 19759.367188
62.151, 60, 19759.812500
62.151, 60, 19760.257812
62.151, 60, 19760.703125
62.151, 60, 19761.148438
62.151, 60, 19761.593750
62.151, 60, 19762.037109
62.151, 60, 19762.482422
62.151, 60, 19762.927734
62.151, 60, 19763.373047
62.151, 60, 19763.818359
62.151, 60, 19764.263672
62.151, 60, 19764.708984
62.151, 60, 19765.152344
62.151, 60, 19765.597656
62.151, 60, 19766.042969
62.247, 60, 19766.488281
62.247, 60, 19766.933594
62.247, 60, 19767.378906
62.247, 60, 19767.824219
62.247, 60, 19768.267578
62.247, 60, 19768.712891
62.247, 60, 19769.158203
62.247, 60, 19769.603516
62.247, 60, 19770.048828
62.247, 60, 19770.494141
62.247, 60, 19770.939453
62.247, 60, 19771.382812
62.247, 60, 19771.828125
62.247, 60, 19772.273438
62.247, 60, 19772.718750
62.247, 60, 19773.164062
62.247, 60, 19773.609375
62.247, 60, 19774.054688
62.247, 60, 19774.498047
62.247, 60, 19774.943359
62.247, 60, 19775.388672
62.247, 60, 19775.833984
62.247, 60, 19776.279297
62.247, 60, 19776.724609
62.247, 60, 19777.169922
62.247, 60, 19777.613281
62.247, 60, 19778.058594
62.247, 60, 19778.503906
62.247, 60, 19778.949219
62.247, 60, 19779.394531
62.247, 60, 19779.839844
62.247, 60, 19780.285156
62.247, 60, 19780.728516
62.247, 60, 19781.173828
62.151, 60, 19781.619141
62.151, 60, 19782.064453
62.151, 60, 19782.509766
62.151, 60, 19782.955078
62.151, 60, 19783.400391
62.151, 60, 19783.843750
62.151, 60, 19784.289062
62.151, 60, 19784.734375
62.151, 60, 19785.179688
62.151, 60, 19785.625000
62.151, 60, 19786.070312
62.151, 60, 19786.515625
62.151, 60, 19786.958984
62.151, 60, 19787.404297
62.151, 60, 19787.849609
62.151, 60, 19788.294922
62.151, 60, 19788.740234
62.151, 60, 19789.185547
62.151, 60, 19789.630859
62.151, 60, 19790.074219
62.151, 60, 19790.519531
62.151, 60, 19790.964844
62.151, 60, 19791.410156
62.151, 60, 19791.855469
62.151, 60, 19792.300781
62.151, 60, 19792.746094
62.151, 60, 19793.189453
62.151, 60, 19793.634766
62.151, 60, 19794.080078
62.151, 60, 19794.525391
62.151, 60, 19794.970703
62.151, 60, 19795.416016
62.151, 60, 19795.861328
62.151, 60, 19796.304688
62.151, 60, 19796.750000
62.151, 60, 19797.195312
62.151, 60, 19797.640625
62.151, 60, 19798.085938
62.151, 60, 19798.531250
62.151, 60, 19798.976562
62.151, 60, 19799.419922
62.151, 60, 19799.865234
62.151, 60, 19800.310547
62.151, 60, 19800.755859
62.151, 60, 19801.201172
62.151, 60, 19801.646484
62.151, 60, 19802.091797
62.151, 60, 19802.535156
62.151, 60, 19802.980469
62.151, 60, 19803.425781
62.151, 60, 19803.871094
62.151, 60, 19804.316406
62.151, 60, 19804.761719
62.151, 60, 19805.207031
62.151, 60, 19805.650391
62.151, 60, 19806.095703
62.151, 60, 19806.541016
62.151, 60, 19806.986328
62.151, 60, 19807.431641
62.151, 60, 19807.876953
62.151, 60, 19808.320312
62.151, 60, 19808.765625
62.151, 60, 19809.210938
62.151, 60, 19809.656250
62.151, 60, 19810.101562
62.151, 60, 19810.546875
62.151, 60, 19810.992188
62.151, 60, 19811.435547
62.247, 60, 19811.880859
62.247, 60, 19812.326172
62.247, 60, 19812.771484
62.247, 60, 19813.216797
62.247, 60, 19813.662109
62.247, 60, 19814.107422
62.247, 60, 19814.550781
62.247, 60, 19814.996094
62.247, 60, 19815.441406
62.247, 60, 19815.886719
62.247, 60, 19816.332031
62.247, 60, 19816.777344
62.247, 60, 19817.222656
62.247, 60, 19817.666016
62.247, 60, 19818.111328
62.247, 60, 19818.556641
62.247, 60, 19819.001953
62.247, 60, 19819.447266
62.247, 60, 19819.892578
62.247, 60, 19820.337891
62.247, 60, 19820.781250
62.247, 60, 19821.226562
62.247, 60, 19821.671875
62.247, 60, 19822.117188
62.247, 60, 19822.562500
62.247, 60, 19823.007812
62.247, 60, 19823.453125
62.247, 60, 19823.896484
62.247, 60, 19824.341797
62.247, 60, 19824.787109
62.247, 60, 19825.232422
62.247, 60, 19825.677734
62.247, 60, 19826.123047
62.247, 60, 19826.568359
62.247, 60, 19827.011719
62.247, 60, 19827.457031
62.247, 60, 19827.902344
62.247, 60, 19828.347656
62.247, 60, 19828.792969
62.247, 60, 19829.238281
62.247, 60, 19829.683594
62.247, 60, 19830.126953
62.247, 60, 19830.572266
62.247, 60, 19831.017578
62.247, 60, 19831.462891
62.247, 60, 19831.908203
62.247, 60, 19832.353516
62.247, 60, 19832.798828
62.247, 60, 19833.242188
62.247, 60, 19833.687500
62.247, 60, 19834.132812
62.247, 60, 19834.578125
62.247, 60, 19835.023438
62.247, 60, 19835.468750
62.247, 60, 19835.914062
62.247, 60, 19836.357422
62.247, 60, 19836.802734
62.247, 60, 19837.248047
62.247, 60, 19837.693359
62.247, 60, 19838.138672
62.247, 60, 19838.583984
62.247, 60, 19839.029297
62.247, 60, 19839.472656
62.247, 60, 19839.917969
62.247, 60, 19840.363281
62.247, 60, 19840.808594
62.247, 60, 19841.253906
62.247, 60, 19841.699219
62.247, 60, 19842.144531
62.247, 60, 19842.587891
62.247, 60, 19843.033203
62.247, 60, 19843.478516
62.247, 60, 19843.923828
62.247, 60, 19844.369141
62.247, 60, 19844.814453
62.247, 60, 19845.259766
62.247, 60, 19845.703125
62.247, 60, 19846.148438
62.247, 60, 19846.593750
62.247, 60, 19847.039062
62.247, 60, 19847.484375
62.247, 60, 19847.929688
62.247, 60, 19848.375000
62.247, 60, 19848.818359
62.247, 60, 19849.263672
62.247, 60, 19849.708984
62.247, 60, 19850.154297
62.247, 60, 19850.599609
62.247, 60, 19851.044922
62.247, 60, 19851.490234
62.247, 60, 19851.933594
62.247, 60, 19852.378906
62.247, 60, 19852.824219
62.247, 60, 19853.269531
62.247, 60, 19853.714844
62.247, 60, 19854.160156
62.247, 60, 19854.603516
62.247, 60, 19855.048828
62.247, 60, 19855.494141
62.247, 60, 19855.939453
62.247, 60, 19856.384766
62.247, 60, 19856.830078
62.342, 60, 19857.275391
62.342, 60, 19857.718750
62.342, 60, 19858.164062
62.342, 60, 19858.609375
62.342, 60, 19859.054688
62.342, 60, 19859.500000
62.342, 60, 19859.945312
62.342, 60, 19860.390625
62.342, 60, 19860.833984
62.342, 60, 19861.279297
62.342, 60, 19861.724609
62.342, 60, 19862.169922
62.342, 60, 19862.615234
62.342, 60, 19863.060547
62.342, 60, 19863.505859
62.342, 60, 19863.949219
62.342, 60, 19864.394531
62.342, 60, 19864.839844
62.342, 60, 19865.285156
62.342, 60, 19865.730469
62.342, 60, 19866.175781
62.342, 60, 19866.621094
62.342, 60, 19867.064453
62.342, 60, 19867.509766
62.342, 60, 19867.955078
62.342, 60, 19868.400391
62.342, 60, 19868.845703
62.342, 60, 19869.291016
62.342, 60, 19869.736328
62.342, 60, 19870.179688
62.342, 60, 19870.625000
62.342, 60, 19871.070312
62.342, 60, 19871.515625
62.342, 60, 19871.960938
62.247, 60, 19872.406250
62.247, 60, 19872.851562
62.247, 60, 19873.294922
62.247, 60, 19873.740234
62.247, 60, 19874.185547
62.247, 60, 19874.630859
62.247, 60, 19875.076172
62.247, 60, 19875.521484
62.247, 60, 19875.966797
62.247, 60, 19876.410156
62.247, 60, 19876.855469
62.247, 60, 19877.300781
62.247, 60, 19877.746094
62.247, 60, 19878.191406
62.247, 60, 19878.636719
62.247, 60, 19879.082031
62.247, 60, 19879.525391
62.247, 60, 19879.970703
62.247, 60, 19880.416016
62.247, 60, 19880.861328
62.247, 60, 19881.306641
62.247, 60, 19881.751953
62.247, 60, 19882.197266
62.247, 60, 19882.640625
62.247, 60, 19883.085938
62.247, 60, 19883.531250
62.247, 60, 19883.976562
62.247, 60, 19884.421875
62.247, 60, 19884.867188
62.247, 60, 19885.312500
62.247, 60, 19885.755859
62.247, 60, 19886.201172
62.247, 60, 19886.646484
62.247, 60, 19887.091797
62.247, 60, 19887.537109
62.247, 60, 19887.982422
62.247, 60, 19888.427734
62.247, 60, 19888.871094
62.247, 60, 19889.316406
62.247, 60, 19889.761719
62.247, 60, 19890.207031
62.247, 60, 19890.652344
62.247, 60, 19891.097656
62.247, 60, 19891.542969
62.247, 60, 19891.986328
62.247, 60, 19892.431641
62.247, 60, 19892.876953
62.247, 60, 19893.322266
62.247, 60, 19893.767578
62.247, 60, 19894.212891
62.247, 60, 19894.658203
62.247, 60, 19895.101562
62.247, 60, 19895.546875
62.247, 60, 19895.992188
62.247, 60, 19896.437500
62.247, 60, 19896.882812
62.247, 60, 19897.328125
62.247, 60, 19897.773438
62.247, 60, 19898.216797
62.247, 60, 19898.662109
62.247, 60, 19899.107422
62.247, 60, 19899.552734
62.247, 60, 19899.998047
62.247, 60, 19900.443359
62.247, 60, 19900.886719
62.247, 60, 19901.332031
62.247, 60, 19901.777344
62.247, 60, 19902.222656
62.247, 60, 19902.667969
62.342, 60, 19903.113281
62.342, 60, 19903.558594
62.342, 60, 19904.001953
62.342, 60, 19904.447266
62.342, 60, 19904.892578
62.342, 60, 19905.337891
62.342, 60, 19905.783203
62.342, 60, 19906.228516
62.342, 60, 19906.673828
62.342, 60, 19907.117188
62.342, 60, 19907.562500
62.342, 60, 19908.007812
62.342, 60, 19908.453125
62.342, 60, 19908.898438
62.342, 60, 19909.343750
62.342, 60, 19909.789062
62.342, 60, 19910.232422
62.342, 60, 19910.677734
62.342, 60, 19911.123047
62.342, 60, 19911.568359
62.342, 60, 19912.013672
62.342, 60, 19912.458984
62.342, 60, 19912.904297
62.342, 60, 19913.347656
62.342, 60, 19913.792969
62.342, 60, 19914.238281
62.342, 60, 19914.683594
62.342, 60, 19915.128906
62.342, 60, 19915.574219
62.342, 60, 19916.019531
62.342, 60, 19916.462891
62.342, 60, 19916.908203
62.342, 60, 19917.353516
62.342, 60, 19917.798828
62.342, 60, 19918.244141
62.342, 60, 19918.689453
62.342, 60, 19919.134766
62.342, 60, 19919.578125
62.342, 60, 19920.023438
62.342, 60, 19920.468750
62.342, 60, 19920.914062
62.342, 60, 19921.359375
62.342, 60, 19921.804688
62.342, 60, 19922.250000
62.342, 60, 19922.693359
62.342, 60, 19923.138672
62.342, 60, 19923.583984
62.342, 60, 19924.029297
62.342, 60, 19924.474609
62.342, 60, 19924.919922
62.342, 60, 19925.365234
62.342, 60, 19925.808594
62.342, 60, 19926.253906
62.342, 60, 19926.699219
62.342, 60, 19927.144531
62.342, 60, 19927.589844
62.342, 60, 19928.035156
62.342, 60, 19928.480469
62.342, 60, 19928.923828
62.342, 60, 19929.369141
62.342, 60, 19929.814453
62.342, 60, 19930.259766
62.342, 60, 19930.705078
62.342, 60, 19931.150391
62.342, 60, 19931.595703
62.342, 60, 19932.039062
62.342, 60, 19932.484375
62.342, 60, 19932.929688
62.342, 60, 19933.375000
62.342, 60, 19933.820312
62.342, 60, 19934.265625
62.342, 60, 19934.710938
62.342, 60, 19935.154297
62.342, 60, 19935.599609
62.342, 60, 19936.044922
62.342, 60, 19936.490234
62.342, 60, 19936.935547
62.342, 60, 19937.380859
62.342, 60, 19937.826172
62.342, 60, 19938.269531
62.342, 60, 19938.714844
62.342, 60, 19939.160156
62.342, 60, 19939.605469
62.342, 60, 19940.050781
62.342, 60, 19940.496094
62.342, 60, 19940.941406
62.342, 60, 19941.384766
62.342, 60, 19941.830078
62.342, 60, 19942.275391
62.342, 60, 19942.720703
62.342, 60, 19943.166016
62.342, 60, 19943.611328
62.342, 60, 19944.056641
62.342, 60, 19944.500000
62.342, 60, 19944.945312
62.342, 60, 19945.390625
62.342, 60, 19945.835938
62.342, 60, 19946.281250
62.342, 60, 19946.726562
62.342, 60, 19947.169922
62.342, 60, 19947.615234
62.342, 60, 19948.060547
62.342, 60, 19948.505859
62.342, 60, 19948.951172
62.342, 60, 19949.396484
62.342, 60, 19949.841797
62.342, 60, 19950.285156
62.342, 60, 19950.730469
62.342, 60, 19951.175781
62.342, 60, 19951.621094
62.342, 60, 19952.066406
62.342, 60, 19952.511719
62.342, 60, 19952.957031
62.342, 60, 19953.400391
62.342, 60, 19953.845703
62.342, 60, 19954.291016
62.342, 60, 19954.736328
62.342, 60, 19955.181641
62.342, 60, 19955.626953
62.342, 60, 19956.072266
62.342, 60, 19956.515625
62.342, 60, 19956.960938
62.342, 60, 19957.406250
62.342, 60, 19957.851562
62.342, 60, 19958.296875
62.342, 60, 19958.742188
62.342, 60, 19959.187500
62.342, 60, 19959.630859
62.342, 60, 19960.076172
62.342, 60, 19960.521484
62.342, 60, 19960.966797
62.342, 60, 19961.412109
62.342, 60, 19961.857422
62.342, 60, 19962.302734
62.342, 60, 19962.746094
62.342, 60, 19963.191406
62.342, 60, 19963.636719
62.342, 60, 19964.082031
62.342, 60, 19964.527344
62.342, 60, 19964.972656
62.342, 60, 19965.417969
62.342, 60, 19965.861328
62.342, 60, 19966.306641
62.342, 60, 19966.751953
62.342, 60, 19967.197266
62.342, 60, 19967.642578
62.342, 60, 19968.087891
62.342, 60, 19968.533203
62.342, 60, 19968.976562
62.342, 60, 19969.421875
62.342, 60, 19969.867188
62.342, 60, 19970.312500
62.342, 60, 19970.757812
62.342, 60, 19971.203125
62.342, 60, 19971.648438
62.342, 60, 19972.091797
62.342, 60, 19972.537109
62.342, 60, 19972.982422
62.342, 60, 19973.427734
62.342, 60, 19973.873047
62.342, 60, 19974.318359
62.342, 60, 19974.763672
62.342, 60, 19975.207031
62.342, 60, 19975.652344
62.342, 60, 19976.097656
62.342, 60, 19976.542969
62.342, 60, 19976.988281
62.342, 60, 19977.433594
62.342, 60, 19977.878906
62.342, 60, 19978.322266
62.342, 60, 19978.767578
62.342, 60, 19979.212891
62.342, 60, 19979.658203
62.342, 60, 19980.103516
62.437, 60, 19980.548828
62.437, 60, 19980.994141
62.437, 60, 19981.437500
62.437, 60, 19981.882812
62.437, 60, 19982.328125
62.437, 60, 19982.773438
62.437, 60, 19983.218750
62.437, 60, 19983.664062
62.437, 60, 19984.109375
62.437, 60, 19984.552734
62.437, 60, 19984.998047
62.437, 60, 19985.443359
62.437, 60, 19985.888672
62.437, 60, 19986.333984
62.437, 60, 19986.779297
62.437, 60, 19987.224609
62.437, 60, 19987.667969
62.437, 60, 19988.113281
62.437, 60, 19988.558594
62.437, 60, 19989.003906
62.437, 60, 19989.449219
62.437, 60, 19989.894531
62.437, 60, 19990.339844
62.437, 60, 19990.783203
62.437, 60, 19991.228516
62.437, 60, 19991.673828
62.437, 60, 19992.119141
62.437, 60, 19992.564453
62.437, 60, 19993.009766
62.437, 60, 19993.453125
62.437, 60, 19993.898438
62.437, 60, 19994.343750
62.437, 60, 19994.789062
62.437, 60, 19995.234375
62.437, 60, 19995.679688
62.531, 60, 19996.125000
62.531, 60, 19996.568359
62.531, 60, 19997.013672
62.531, 60, 19997.458984
62.531, 60, 19997.904297
62.531, 60, 19998.349609
62.531, 60, 19998.794922
62.531, 60, 19999.240234
62.531, 60, 19999.683594
62.531, 60, 20000.128906
62.531, 60, 20000.574219
62.531, 60, 20001.019531
62.531, 60, 20001.464844
62.531, 60, 20001.910156
62.531, 60, 20002.355469
62.531, 60, 20002.798828
62.531, 60, 20003.244141
62.531, 60, 20003.689453
62.531, 60, 20004.134766
62.531, 60, 20004.580078
62.531, 60, 20005.025391
62.531, 60, 20005.470703
62.531, 60, 20005.914062
62.531, 60, 20006.359375
62.531, 60, 20006.804688
62.531, 60, 20007.250000
62.531, 60, 20007.695312
62.531, 60, 20008.140625
62.531, 60, 20008.585938
62.531, 60, 20009.029297
62.531, 60, 20009.474609
62.531, 60, 20009.919922
62.531, 60, 20010.365234
62.531, 60, 20010.810547
62.247, 60, 20011.255859
62.247, 60, 20011.701172
62.247, 60, 20012.144531
62.247, 60, 20012.589844
62.247, 60, 20013.035156
62.247, 60, 20013.480469
62.247, 60, 20013.925781
62.247, 60, 20014.371094
62.247, 60, 20014.816406
62.247, 60, 20015.259766
62.247, 60, 20015.705078
62.247, 60, 20016.150391
62.247, 60, 20016.595703
62.247, 60, 20017.041016
62.247, 60, 20017.486328
62.247, 60, 20017.931641
62.247, 60, 20018.375000
62.247, 60, 20018.820312
62.247, 60, 20019.265625
62.247, 60, 20019.710938
62.247, 60, 20020.156250
62.247, 60, 20020.601562
62.247, 60, 20021.046875
62.247, 60, 20021.490234
62.247, 60, 20021.935547
62.247, 60, 20022.380859
62.247, 60, 20022.826172
62.247, 60, 20023.271484
62.247, 60, 20023.716797
62.247, 60, 20024.162109
62.247, 60, 20024.605469
62.247, 60, 20025.050781
62.247, 60, 20025.496094
62.247, 60, 20025.941406
62.151, 60, 20026.386719
62.151, 60, 20026.832031
62.151, 60, 20027.277344
62.151, 60, 20027.720703
62.151, 60, 20028.166016
62.151, 60, 20028.611328
62.151, 60, 20029.056641
62.151, 60, 20029.501953
62.151, 60, 20029.947266
62.151, 60, 20030.392578
62.151, 60, 20030.835938
62.151, 60, 20031.281250
62.151, 60, 20031.726562
62.151, 60, 20032.171875
62.151, 60, 20032.617188
62.151, 60, 20033.062500
62.151, 60, 20033.507812
62.151, 60, 20033.951172
62.151, 60, 20034.396484
62.151, 60, 20034.841797
62.151, 60, 20035.287109
62.151, 60, 20035.732422
62.151, 60, 20036.177734
62.151, 60, 20036.623047
62.151, 60, 20037.066406
62.151, 60, 20037.511719
62.151, 60, 20037.957031
62.151, 60, 20038.402344
62.151, 60, 20038.847656
62.151, 60, 20039.292969
62.151, 60, 20039.736328
62.151, 60, 20040.181641
62.151, 60, 20040.626953
62.151, 60, 20041.072266
62.151, 60, 20041.517578
61.961, 60, 20041.962891
61.961, 60, 20042.408203
61.961, 60, 20042.851562
61.961, 60, 20043.296875
61.961, 60, 20043.742188
61.961, 60, 20044.187500
61.961, 60, 20044.632812
61.961, 60, 20045.078125
61.961, 60, 20045.523438
61.961, 60, 20045.966797
61.961, 60, 20046.412109
61.961, 60, 20046.857422
61.961, 60, 20047.302734
61.961, 60, 20047.748047
61.961, 60, 20048.193359
61.961, 60, 20048.638672
61.961, 60, 20049.082031
61.961, 60, 20049.527344
61.961, 60, 20049.972656
61.961, 60, 20050.417969
61.961, 60, 20050.863281
61.961, 60, 20051.308594
61.961, 60, 20051.753906
61.961, 60, 20052.197266
61.961, 60, 20052.642578
61.961, 60, 20053.087891
61.961, 60, 20053.533203
61.961, 60, 20053.978516
61.961, 60, 20054.423828
61.961, 60, 20054.869141
61.961, 60, 20055.312500
61.961, 60, 20055.757812
61.961, 60, 20056.203125
61.961, 60, 20056.648438
61.961, 60, 20057.093750
61.961, 60, 20057.539062
61.961, 60, 20057.984375
61.961, 60, 20058.427734
61.961, 60, 20058.873047
61.961, 60, 20059.318359
61.961, 60, 20059.763672
61.961, 60, 20060.208984
61.961, 60, 20060.654297
61.961, 60, 20061.099609
61.961, 60, 20061.542969
61.961, 60, 20061.988281
61.961, 60, 20062.433594
61.961, 60, 20062.878906
61.961, 60, 20063.324219
61.961, 60, 20063.769531
61.961, 60, 20064.214844
61.961, 60, 20064.658203
61.961, 60, 20065.103516
61.961, 60, 20065.548828
61.961, 60, 20065.994141
61.961, 60, 20066.439453
61.961, 60, 20066.884766
61.961, 60, 20067.330078
61.961, 60, 20067.773438
61.961, 60, 20068.218750
61.961, 60, 20068.664062
61.961, 60, 20069.109375
61.961, 60, 20069.554688
61.961, 60, 20070.000000
61.961, 60, 20070.445312
61.961, 60, 20070.888672
61.961, 60, 20071.333984
61.961, 60, 20071.779297
61.961, 60, 20072.224609
61.961, 60, 20072.669922
61.961, 60, 20073.115234
61.961, 60, 20073.560547
61.961, 60, 20074.003906
61.961, 60, 20074.449219
61.961, 60, 20074.894531
61.961, 60, 20075.339844
61.961, 60, 20075.785156
61.961, 60, 20076.230469
61.961, 60, 20076.675781
61.961, 60, 20077.119141
61.961, 60, 20077.564453
61.961, 60, 20078.009766
61.961, 60, 20078.455078
61.961, 60, 20078.900391
61.961, 60, 20079.345703
61.961, 60, 20079.791016
61.961, 60, 20080.234375
61.961, 60, 20080.679688
61.961, 60, 20081.125000
61.961, 60, 20081.570312
61.961, 60, 20082.015625
61.961, 60, 20082.460938
61.961, 60, 20082.906250
61.961, 60, 20083.349609
61.961, 60, 20083.794922
61.961, 60, 20084.240234
61.961, 60, 20084.685547
61.961, 60, 20085.130859
61.961, 60, 20085.576172
61.961, 60, 20086.021484
61.961, 60, 20086.464844
61.961, 60, 20086.910156
61.961, 60, 20087.355469
61.961, 60, 20087.800781
61.961, 60, 20088.246094
61.961, 60, 20088.691406
61.961, 60, 20089.134766
61.961, 60, 20089.580078
61.961, 60, 20090.025391
61.961, 60, 20090.470703
61.961, 60, 20090.916016
61.961, 60, 20091.361328
61.961, 60, 20091.806641
61.961, 60, 20092.250000
61.961, 60, 20092.695312
61.961, 60, 20093.140625
61.961, 60, 20093.585938
61.961, 60, 20094.031250
61.961, 60, 20094.476562
61.961, 60, 20094.921875
61.961, 60, 20095.365234
61.961, 60, 20095.810547
61.961, 60, 20096.255859
61.961, 60, 20096.701172
61.961, 60, 20097.146484
61.961, 60, 20097.591797
61.961, 60, 20098.037109
61.961, 60, 20098.480469
61.961, 60, 20098.925781
61.961, 60, 20099.371094
61.961, 60, 20099.816406
61.961, 60, 20100.261719
61.961, 60, 20100.707031
61.961, 60, 20101.152344
61.961, 60, 20101.595703
61.961, 60, 20102.041016
61.961, 60, 20102.486328
61.961, 60, 20102.931641
61.961, 60, 20103.376953
61.961, 60, 20103.822266
61.961, 60, 20104.267578
61.961, 60, 20104.710938
61.961, 60, 20105.156250
61.961, 60, 20105.601562
61.961, 60, 20106.046875
61.961, 60, 20106.492188
61.961, 60, 20106.937500
61.961, 60, 20107.382812
61.961, 60, 20107.826172
61.961, 60, 20108.271484
61.961, 60, 20108.716797
61.961, 60, 20109.162109
61.961, 60, 20109.607422
61.961, 60, 20110.052734
61.961, 60, 20110.498047
61.961, 60, 20110.941406
61.961, 60, 20111.386719
61.961, 60, 20111.832031
61.961, 60, 20112.277344
61.961, 60, 20112.722656
61.961, 60, 20113.167969
61.961, 60, 20113.613281
61.961, 60, 20114.056641
61.961, 60, 20114.501953
61.961, 60, 20114.947266
61.961, 60, 20115.392578
61.961, 60, 20115.837891
61.961, 60, 20116.283203
61.961, 60, 20116.728516
61.961, 60, 20117.171875
61.961, 60, 20117.617188
61.961, 60, 20118.062500
61.961, 60, 20118.507812
61.961, 60, 20118.953125
61.961, 60, 20119.398438
61.961, 60, 20119.843750
61.961, 60, 20120.287109
61.961, 60, 20120.732422
61.961, 60, 20121.177734
61.961, 60, 20121.623047
61.961, 60, 20122.068359
61.961, 60, 20122.513672
61.961, 60, 20122.958984
61.961, 60, 20123.402344
61.961, 60, 20123.847656
61.961, 60, 20124.292969
61.961, 60, 20124.738281
61.961, 60, 20125.183594
61.961, 60, 20125.628906
61.961, 60, 20126.074219
61.961, 60, 20126.517578
61.961, 60, 20126.962891
61.961, 60, 20127.408203
61.961, 60, 20127.853516
61.961, 60, 20128.298828
61.961, 60, 20128.744141
61.961, 60, 20129.189453
61.961, 60, 20129.632812
61.961, 60, 20130.078125
61.961, 60, 20130.523438
61.961, 60, 20130.968750
61.961, 60, 20131.414062
61.961, 60, 20131.859375
61.961, 60, 20132.304688
61.961, 60, 20132.748047
61.961, 60, 20133.193359
61.961, 60, 20133.638672
61.961, 60, 20134.083984
61.961, 60, 20134.529297
61.961, 60, 20134.974609
61.961, 60, 20135.417969
61.961, 60, 20135.863281
61.961, 60, 20136.308594
61.961, 60, 20136.753906
61.961, 60, 20137.199219
61.961, 60, 20137.644531
61.961, 60, 20138.089844
61.961, 60, 20138.533203
61.961, 60, 20138.978516
61.961, 60, 20139.423828
61.961, 60, 20139.869141
61.961, 60, 20140.314453
61.961, 60, 20140.759766
61.961, 60, 20141.205078
61.961, 60, 20141.648438
61.961, 60, 20142.093750
61.961, 60, 20142.539062
61.961, 60, 20142.984375
61.961, 60, 20143.429688
61.961, 60, 20143.875000
61.961, 60, 20144.320312
61.961, 60, 20144.763672
61.961, 60, 20145.208984
61.961, 60, 20145.654297
61.961, 60, 20146.099609
61.961, 60, 20146.544922
61.961, 60, 20146.990234
61.961, 60, 20147.435547
61.961, 60, 20147.878906
61.961, 60, 20148.324219
61.961, 60, 20148.769531
61.961, 60, 20149.214844
61.961, 60, 20149.660156
61.961, 60, 20150.105469
61.961, 60, 20150.550781
62.151, 60, 20150.994141
62.151, 60, 20151.439453
62.151, 60, 20151.884766
62.151, 60, 20152.330078
62.151, 60, 20152.775391
62.151, 60, 20153.220703
62.151, 60, 20153.666016
62.151, 60, 20154.109375
62.151, 60, 20154.554688
62.151, 60, 20155.000000
62.151, 60, 20155.445312
62.151, 60, 20155.890625
62.151, 60, 20156.335938
62.151, 60, 20156.781250
62.151, 60, 20157.224609
62.151, 60, 20157.669922
62.151, 60, 20158.115234
62.151, 60, 20158.560547
62.151, 60, 20159.005859
62.151, 60, 20159.451172
62.151, 60, 20159.896484
62.151, 60, 20160.339844
62.151, 60, 20160.785156
62.151, 60, 20161.230469
62.151, 60, 20161.675781
62.151, 60, 20162.121094
62.151, 60, 20162.566406
62.151, 60, 20163.011719
62.151, 60, 20163.455078
62.151, 60, 20163.900391
62.151, 60, 20164.345703
62.151, 60, 20164.791016
62.151, 60, 20165.236328
62.151, 60, 20165.681641
62.151, 60, 20166.126953
62.151, 60, 20166.570312
62.151, 60, 20167.015625
62.151, 60, 20167.460938
62.151, 60, 20167.906250
62.151, 60, 20168.351562
62.151, 60, 20168.796875
62.151, 60, 20169.242188
62.151, 60, 20169.685547
62.151, 60, 20170.130859
62.151, 60, 20170.576172
62.151, 60, 20171.021484
62.151, 60, 20171.466797
62.151, 60, 20171.912109
62.151, 60, 20172.357422
62.151, 60, 20172.800781
62.151, 60, 20173.246094
62.151, 60, 20173.691406
62.151, 60, 20174.136719
62.151, 60, 20174.582031
62.151, 60, 20175.027344
62.151, 60, 20175.472656
62.151, 60, 20175.916016
62.151, 60, 20176.361328
62.151, 60, 20176.806641
62.151, 60, 20177.251953
62.151, 60, 20177.697266
62.151, 60, 20178.142578
62.151, 60, 20178.587891
62.151, 60, 20179.031250
62.151, 60, 20179.476562
62.151, 60, 20179.921875
62.151, 60, 20180.367188
62.151, 60, 20180.812500
62.151, 60, 20181.257812
62.151, 60, 20181.701172
62.151, 60, 20182.146484
62.151, 60, 20182.591797
62.151, 60, 20183.037109
62.151, 60, 20183.482422
62.151, 60, 20183.927734
62.151, 60, 20184.373047
62.151, 60, 20184.816406
62.151, 60, 20185.261719
62.151, 60, 20185.707031
62.151, 60, 20186.152344
62.151, 60, 20186.597656
62.151, 60, 20187.042969
62.151, 60, 20187.488281
62.151, 60, 20187.931641
62.151, 60, 20188.376953
62.151, 60, 20188.822266
62.151, 60, 20189.267578
62.151, 60, 20189.712891
62.151, 60, 20190.158203
62.151, 60, 20190.603516
62.151, 60, 20191.046875
62.151, 60, 20191.492188
62.151, 60, 20191.937500
62.151, 60, 20192.382812
62.151, 60, 20192.828125
62.151, 60, 20193.273438
62.151, 60, 20193.718750
62.151, 60, 20194.162109
62.151, 60, 20194.607422
62.151, 60, 20195.052734
62.151, 60, 20195.498047
62.151, 60, 20195.943359
62.151, 60, 20196.388672
62.151, 60, 20196.833984
62.151, 60, 20197.277344
61.961, 60, 20197.722656
61.961, 60, 20198.167969
61.961, 60, 20198.613281
61.961, 60, 20199.058594
61.961, 60, 20199.503906
61.961, 60, 20199.949219
61.961, 60, 20200.392578
61.961, 60, 20200.837891
61.961, 60, 20201.283203
61.961, 60, 20201.728516
61.961, 60, 20202.173828
61.961, 60, 20202.619141
61.961, 60, 20203.064453
61.961, 60, 20203.507812
61.961, 60, 20203.953125
61.961, 60, 20204.398438
61.961, 60, 20204.843750
61.961, 60, 20205.289062
61.961, 60, 20205.734375
61.961, 60, 20206.179688
61.961, 60, 20206.623047
61.961, 60, 20207.068359
61.961, 60, 20207.513672
61.961, 60, 20207.958984
61.961, 60, 20208.404297
61.961, 60, 20208.849609
61.961, 60, 20209.294922
61.961, 60, 20209.738281
61.961, 60, 20210.183594
61.961, 60, 20210.628906
61.961, 60, 20211.074219
61.961, 60, 20211.519531
61.961, 60, 20211.964844
61.961, 60, 20212.410156
61.961, 60, 20212.853516
61.961, 60, 20213.298828
61.961, 60, 20213.744141
61.961, 60, 20214.189453
61.961, 60, 20214.634766
61.961, 60, 20215.080078
61.961, 60, 20215.525391
61.961, 60, 20215.968750
61.961, 60, 20216.414062
61.961, 60, 20216.859375
61.961, 60, 20217.304688
61.961, 60, 20217.750000
61.961, 60, 20218.195312
61.961, 60, 20218.640625
61.961, 60, 20219.083984
61.961, 60, 20219.529297
61.961, 60, 20219.974609
61.961, 60, 20220.419922
61.961, 60, 20220.865234
61.961, 60, 20221.310547
61.961, 60, 20221.755859
61.961, 60, 20222.199219
61.961, 60, 20222.644531
61.961, 60, 20223.089844
61.961, 60, 20223.535156
61.961, 60, 20223.980469
61.961, 60, 20224.425781
61.961, 60, 20224.871094
61.961, 60, 20225.314453
61.961, 60, 20225.759766
61.961, 60, 20226.205078
61.961, 60, 20226.650391
61.961, 60, 20227.095703
61.961, 60, 20227.541016
62.151, 60, 20227.984375
62.151, 60, 20228.429688
62.151, 60, 20228.875000
62.151, 60, 20229.320312
62.151, 60, 20229.765625
62.151, 60, 20230.210938
62.151, 60, 20230.656250
62.151, 60, 20231.099609
62.151, 60, 20231.544922
62.151, 60, 20231.990234
62.151, 60, 20232.435547
62.151, 60, 20232.880859
62.151, 60, 20233.326172
62.151, 60, 20233.771484
62.151, 60, 20234.214844
62.151, 60, 20234.660156
62.151, 60, 20235.105469
62.151, 60, 20235.550781
62.151, 60, 20235.996094
62.151, 60, 20236.441406
62.151, 60, 20236.886719
62.151, 60, 20237.330078
62.151, 60, 20237.775391
62.151, 60, 20238.220703
62.151, 60, 20238.666016
62.151, 60, 20239.111328
62.151, 60, 20239.556641
62.151, 60, 20240.001953
62.151, 60, 20240.445312
62.151, 60, 20240.890625
62.151, 60, 20241.335938
62.151, 60, 20241.781250
62.151, 60, 20242.226562
62.151, 60, 20242.671875
62.151, 60, 20243.117188
62.151, 60, 20243.560547
62.151, 60, 20244.005859
62.151, 60, 20244.451172
62.151, 60, 20244.896484
62.151, 60, 20245.341797
62.151, 60, 20245.787109
62.151, 60, 20246.232422
62.151, 60, 20246.675781
62.151, 60, 20247.121094
62.151, 60, 20247.566406
62.151, 60, 20248.011719
62.151, 60, 20248.457031
62.151, 60, 20248.902344
62.151, 60, 20249.347656
62.151, 60, 20249.791016
62.151, 60, 20250.236328
62.151, 60, 20250.681641
62.151, 60, 20251.126953
62.151, 60, 20251.572266
62.151, 60, 20252.017578
62.151, 60, 20252.462891
62.151, 60, 20252.906250
62.151, 60, 20253.351562
62.151, 60, 20253.796875
62.151, 60, 20254.242188
62.151, 60, 20254.687500
62.151, 60, 20255.132812
62.151, 60, 20255.578125
62.151, 60, 20256.021484
62.151, 60, 20256.466797
62.151, 60, 20256.912109
62.151, 60, 20257.357422
62.151, 60, 20257.802734
62.151, 60, 20258.248047
62.151, 60, 20258.693359
62.151, 60, 20259.136719
62.151, 60, 20259.582031
62.151, 60, 20260.027344
62.151, 60, 20260.472656
62.151, 60, 20260.917969
62.151, 60, 20261.363281
62.151, 60, 20261.808594
62.151, 60, 20262.251953
62.151, 60, 20262.697266
62.151, 60, 20263.142578
62.151, 60, 20263.587891
62.151, 60, 20264.033203
62.151, 60, 20264.478516
62.151, 60, 20264.923828
62.151, 60, 20265.367188
62.151, 60, 20265.812500
62.151, 60, 20266.257812
62.151, 60, 20266.703125
62.151, 60, 20267.148438
62.151, 60, 20267.593750
62.151, 60, 20268.039062
62.151, 60, 20268.482422
62.151, 60, 20268.927734
62.151, 60, 20269.373047
62.151, 60, 20269.818359
62.151, 60, 20270.263672
62.151, 60, 20270.708984
62.151, 60, 20271.154297
62.151, 60, 20271.597656
62.151, 60, 20272.042969
62.151, 60, 20272.488281
62.151, 60, 20272.933594
62.151, 60, 20273.378906
62.151, 60, 20273.824219
62.151, 60, 20274.267578
62.151, 60, 20274.712891
62.151, 60, 20275.158203
62.151, 60, 20275.603516
62.151, 60, 20276.048828
62.151, 60, 20276.494141
62.151, 60, 20276.939453
62.151, 60, 20277.382812
62.151, 60, 20277.828125
62.151, 60, 20278.273438
62.151, 60, 20278.718750
62.151, 60, 20279.164062
62.151, 60, 20279.609375
62.151, 60, 20280.054688
62.151, 60, 20280.498047
62.151, 60, 20280.943359
62.151, 60, 20281.388672
62.151, 60, 20281.833984
62.151, 60, 20282.279297
62.151, 60, 20282.724609
62.151, 60, 20283.169922
62.151, 60, 20283.613281
62.151, 60, 20284.058594
62.151, 60, 20284.503906
62.151, 60, 20284.949219
62.151, 60, 20285.394531
62.151, 60, 20285.839844
62.151, 60, 20286.285156
62.151, 60, 20286.728516
62.151, 60, 20287.173828
62.151, 60, 20287.619141
62.151, 60, 20288.064453
62.151, 60, 20288.509766
62.151, 60, 20288.955078
62.151, 60, 20289.400391
62.247, 60, 20289.843750
62.247, 60, 20290.289062
62.247, 60, 20290.734375
62.247, 60, 20291.179688
62.247, 60, 20291.625000
62.247, 60, 20292.070312
62.247, 60, 20292.515625
62.247, 60, 20292.958984
62.247, 60, 20293.404297
62.247, 60, 20293.849609
62.247, 60, 20294.294922
62.247, 60, 20294.740234
62.247, 60, 20295.185547
62.247, 60, 20295.630859
62.247, 60, 20296.074219
62.247, 60, 20296.519531
62.247, 60, 20296.964844
62.247, 60, 20297.410156
62.247, 60, 20297.855469
62.247, 60, 20298.300781
62.247, 60, 20298.746094
62.247, 60, 20299.189453
62.247, 60, 20299.634766
62.247, 60, 20300.080078
62.247, 60, 20300.525391
62.247, 60, 20300.970703
62.247, 60, 20301.416016
62.247, 60, 20301.861328
62.247, 60, 20302.304688
62.247, 60, 20302.750000
62.247, 60, 20303.195312
62.247, 60, 20303.640625
62.247, 60, 20304.085938
62.247, 60, 20304.531250
62.247, 60, 20304.976562
62.247, 60, 20305.419922
62.247, 60, 20305.865234
62.247, 60, 20306.310547
62.247, 60, 20306.755859
62.247, 60, 20307.201172
62.247, 60, 20307.646484
62.247, 60, 20308.091797
62.247, 60, 20308.535156
62.247, 60, 20308.980469
62.247, 60, 20309.425781
62.247, 60, 20309.871094
62.247, 60, 20310.316406
62.247, 60, 20310.761719
62.247, 60, 20311.207031
62.247, 60, 20311.650391
62.247, 60, 20312.095703
62.247, 60, 20312.541016
62.247, 60, 20312.986328
62.247, 60, 20313.431641
62.247, 60, 20313.876953
62.247, 60, 20314.322266
62.247, 60, 20314.765625
62.247, 60, 20315.210938
62.247, 60, 20315.656250
62.247, 60, 20316.101562
62.247, 60, 20316.546875
62.247, 60, 20316.992188
62.247, 60, 20317.437500
62.247, 60, 20317.880859
62.247, 60, 20318.326172
62.247, 60, 20318.771484
62.247, 60, 20319.216797
62.247, 60, 20319.662109
62.247, 60, 20320.107422
62.247, 60, 20320.550781
62.247, 60, 20320.996094
62.247, 60, 20321.441406
62.247, 60, 20321.886719
62.247, 60, 20322.332031
62.247, 60, 20322.777344
62.247, 60, 20323.222656
62.247, 60, 20323.666016
62.247, 60, 20324.111328
62.247, 60, 20324.556641
62.247, 60, 20325.001953
62.247, 60, 20325.447266
62.247, 60, 20325.892578
62.247, 60, 20326.337891
62.247, 60, 20326.781250
62.247, 60, 20327.226562
62.247, 60, 20327.671875
62.247, 60, 20328.117188
62.247, 60, 20328.562500
62.247, 60, 20329.007812
62.247, 60, 20329.453125
62.247, 60, 20329.896484
62.247, 60, 20330.341797
62.247, 60, 20330.787109
62.247, 60, 20331.232422
62.247, 60, 20331.677734
62.247, 60, 20332.123047
62.247, 60, 20332.568359
62.247, 60, 20333.011719
62.247, 60, 20333.457031
62.247, 60, 20333.902344
62.247, 60, 20334.347656
62.247, 60, 20334.792969
62.247, 60, 20335.238281
62.247, 60, 20335.683594
62.247, 60, 20336.126953
62.342, 60, 20336.572266
62.342, 60, 20337.017578
62.342, 60, 20337.462891
62.342, 60, 20337.908203
62.342, 60, 20338.353516
62.342, 60, 20338.798828
62.342, 60, 20339.242188
62.342, 60, 20339.687500
62.342, 60, 20340.132812
62.342, 60, 20340.578125
62.342, 60, 20341.023438
62.342, 60, 20341.468750
62.342, 60, 20341.914062
62.342, 60, 20342.357422
62.342, 60, 20342.802734
62.342, 60, 20343.248047
62.342, 60, 20343.693359
62.342, 60, 20344.138672
62.342, 60, 20344.583984
62.342, 60, 20345.029297
62.342, 60, 20345.472656
62.342, 60, 20345.917969
62.342, 60, 20346.363281
62.342, 60, 20346.808594
62.342, 60, 20347.253906
62.342, 60, 20347.699219
62.342, 60, 20348.144531
62.342, 60, 20348.587891
62.342, 60, 20349.033203
62.342, 60, 20349.478516
62.342, 60, 20349.923828
62.342, 60, 20350.369141
62.342, 60, 20350.814453
62.342, 60, 20351.259766
62.342, 60, 20351.703125
62.247, 60, 20352.148438
62.247, 60, 20352.593750
62.247, 60, 20353.039062
62.247, 60, 20353.484375
62.247, 60, 20353.929688
62.247, 60, 20354.375000
62.247, 60, 20354.818359
62.247, 60, 20355.263672
62.247, 60, 20355.708984
62.247, 60, 20356.154297
62.247, 60, 20356.599609
62.247, 60, 20357.044922
62.247, 60, 20357.490234
62.247, 60, 20357.933594
62.247, 60, 20358.378906
62.247, 60, 20358.824219
62.247, 60, 20359.269531
62.247, 60, 20359.714844
62.247, 60, 20360.160156
62.247, 60, 20360.605469
62.247, 60, 20361.048828
62.247, 60, 20361.494141
62.247, 60, 20361.939453
62.247, 60, 20362.384766
62.247, 60, 20362.830078
62.247, 60, 20363.275391
62.247, 60, 20363.720703
62.247, 60, 20364.164062
62.247, 60, 20364.609375
62.247, 60, 20365.054688
62.247, 60, 20365.500000
62.247, 60, 20365.945312
62.247, 60, 20366.390625
62.247, 60, 20366.833984
62.247, 60, 20367.279297
62.151, 60, 20367.724609
62.151, 60, 20368.169922
62.151, 60, 20368.615234
62.151, 60, 20369.060547
62.151, 60, 20369.505859
62.151, 60, 20369.949219
62.151, 60, 20370.394531
62.151, 60, 20370.839844
62.151, 60, 20371.285156
62.151, 60, 20371.730469
62.151, 60, 20372.175781
62.151, 60, 20372.621094
62.151, 60, 20373.064453
62.151, 60, 20373.509766
62.151, 60, 20373.955078
62.151, 60, 20374.400391
62.151, 60, 20374.845703
62.151, 60, 20375.291016
62.151, 60, 20375.736328
62.151, 60, 20376.179688
62.151, 60, 20376.625000
62.151, 60, 20377.070312
62.151, 60, 20377.515625
62.151, 60, 20377.960938
62.151, 60, 20378.406250
62.151, 60, 20378.851562
62.151, 60, 20379.294922
62.151, 60, 20379.740234
62.151, 60, 20380.185547
62.151, 60, 20380.630859
62.151, 60, 20381.076172
62.151, 60, 20381.521484
62.151, 60, 20381.966797
62.151, 60, 20382.410156
62.151, 60, 20382.855469
62.151, 60, 20383.300781
62.151, 60, 20383.746094
62.151, 60, 20384.191406
62.151, 60, 20384.636719
62.151, 60, 20385.082031
62.151, 60, 20385.525391
62.151, 60, 20385.970703
62.151, 60, 20386.416016
62.151, 60, 20386.861328
62.151, 60, 20387.306641
62.151, 60, 20387.751953
62.151, 60, 20388.197266
62.151, 60, 20388.640625
62.151, 60, 20389.085938
62.151, 60, 20389.531250
62.151, 60, 20389.976562
62.151, 60, 20390.421875
62.151, 60, 20390.867188
62.151, 60, 20391.312500
62.151, 60, 20391.755859
62.151, 60, 20392.201172
62.151, 60, 20392.646484
62.151, 60, 20393.091797
62.151, 60, 20393.537109
62.151, 60, 20393.982422
62.151, 60, 20394.427734
62.151, 60, 20394.871094
62.151, 60, 20395.316406
62.151, 60, 20395.761719
62.151, 60, 20396.207031
62.151, 60, 20396.652344
62.151, 60, 20397.097656
62.151, 60, 20397.542969
62.151, 60, 20397.986328
62.151, 60, 20398.431641
62.151, 60, 20398.876953
62.151, 60, 20399.322266
62.151, 60, 20399.767578
62.151, 60, 20400.212891
62.151, 60, 20400.658203
62.151, 60, 20401.101562
62.151, 60, 20401.546875
62.151, 60, 20401.992188
62.151, 60, 20402.437500
62.151, 60, 20402.882812
62.151, 60, 20403.328125
62.151, 60, 20403.773438
62.151, 60, 20404.216797
62.151, 60, 20404.662109
62.151, 60, 20405.107422
62.151, 60, 20405.552734
62.151, 60, 20405.998047
62.151, 60, 20406.443359
62.151, 60, 20406.888672
62.151, 60, 20407.332031
62.151, 60, 20407.777344
62.151, 60, 20408.222656
62.151, 60, 20408.667969
62.151, 60, 20409.113281
62.151, 60, 20409.558594
62.151, 60, 20410.003906
62.151, 60, 20410.447266
62.151, 60, 20410.892578
62.151, 60, 20411.337891
62.151, 60, 20411.783203
62.151, 60, 20412.228516
62.151, 60, 20412.673828
62.247, 60, 20413.117188
62.247, 60, 20413.562500
62.247, 60, 20414.007812
62.247, 60, 20414.453125
62.247, 60, 20414.898438
62.247, 60, 20415.343750
62.247, 60, 20415.789062
62.247, 60, 20416.232422
62.247, 60, 20416.677734
62.247, 60, 20417.123047
62.247, 60, 20417.568359
62.247, 60, 20418.013672
62.247, 60, 20418.458984
62.247, 60, 20418.904297
62.247, 60, 20419.347656
62.247, 60, 20419.792969
62.247, 60, 20420.238281
62.247, 60, 20420.683594
62.247, 60, 20421.128906
62.247, 60, 20421.574219
62.247, 60, 20422.019531
62.247, 60, 20422.462891
62.247, 60, 20422.908203
62.247, 60, 20423.353516
62.247, 60, 20423.798828
62.247, 60, 20424.244141
62.247, 60, 20424.689453
62.247, 60, 20425.134766
62.247, 60, 20425.578125
62.247, 60, 20426.023438
62.247, 60, 20426.468750
62.247, 60, 20426.914062
62.247, 60, 20427.359375
62.247, 60, 20427.804688
62.247, 60, 20428.250000
62.247, 60, 20428.693359
62.247, 60, 20429.138672
62.247, 60, 20429.583984
62.247, 60, 20430.029297
62.247, 60, 20430.474609
62.247, 60, 20430.919922
62.247, 60, 20431.365234
62.247, 60, 20431.808594
62.247, 60, 20432.253906
62.247, 60, 20432.699219
62.247, 60, 20433.144531
62.247, 60, 20433.589844
62.247, 60, 20434.035156
62.247, 60, 20434.480469
62.247, 60, 20434.923828
62.247, 60, 20435.369141
62.247, 60, 20435.814453
62.247, 60, 20436.259766
62.247, 60, 20436.705078
62.247, 60, 20437.150391
62.247, 60, 20437.595703
62.247, 60, 20438.039062
62.247, 60, 20438.484375
62.247, 60, 20438.929688
62.247, 60, 20439.375000
62.247, 60, 20439.820312
62.247, 60, 20440.265625
62.247, 60, 20440.710938
62.247, 60, 20441.154297
62.247, 60, 20441.599609
62.247, 60, 20442.044922
62.247, 60, 20442.490234
62.247, 60, 20442.935547
62.247, 60, 20443.380859
62.247, 60, 20443.826172
62.247, 60, 20444.269531
62.247, 60, 20444.714844
62.247, 60, 20445.160156
62.247, 60, 20445.605469
62.247, 60, 20446.050781
62.247, 60, 20446.496094
62.247, 60, 20446.941406
62.247, 60, 20447.384766
62.247, 60, 20447.830078
62.247, 60, 20448.275391
62.247, 60, 20448.720703
62.247, 60, 20449.166016
62.247, 60, 20449.611328
62.247, 60, 20450.056641
62.247, 60, 20450.500000
62.247, 60, 20450.945312
62.247, 60, 20451.390625
62.247, 60, 20451.835938
62.247, 60, 20452.281250
62.247, 60, 20452.726562
62.247, 60, 20453.171875
62.247, 60, 20453.615234
62.247, 60, 20454.060547
62.247, 60, 20454.505859
62.247, 60, 20454.951172
62.247, 60, 20455.396484
62.247, 60, 20455.841797
62.247, 60, 20456.287109
62.247, 60, 20456.730469
62.247, 60, 20457.175781
62.247, 60, 20457.621094
62.247, 60, 20458.066406
62.247, 60, 20458.511719
62.247, 60, 20458.957031
62.247, 60, 20459.400391
62.247, 60, 20459.845703
62.247, 60, 20460.291016
62.247, 60, 20460.736328
62.247, 60, 20461.181641
62.247, 60, 20461.626953
62.247, 60, 20462.072266
62.247, 60, 20462.515625
62.247, 60, 20462.960938
62.247, 60, 20463.406250
62.247, 60, 20463.851562
62.247, 60, 20464.296875
62.247, 60, 20464.742188
62.247, 60, 20465.187500
62.247, 60, 20465.630859
62.247, 60, 20466.076172
62.247, 60, 20466.521484
62.247, 60, 20466.966797
62.247, 60, 20467.412109
62.247, 60, 20467.857422
62.247, 60, 20468.302734
62.247, 60, 20468.746094
62.247, 60, 20469.191406
62.247, 60, 20469.636719
62.247, 60, 20470.082031
62.247, 60, 20470.527344
62.247, 60, 20470.972656
62.247, 60, 20471.417969
62.247, 60, 20471.861328
62.247, 60, 20472.306641
62.247, 60, 20472.751953
62.247, 60, 20473.197266
62.247, 60, 20473.642578
62.247, 60, 20474.087891
62.247, 60, 20474.533203
62.247, 60, 20474.976562
62.247, 60, 20475.421875
62.247, 60, 20475.867188
62.247, 60, 20476.312500
62.247, 60, 20476.757812
62.247, 60, 20477.203125
62.247, 60, 20477.648438
62.247, 60, 20478.091797
62.247, 60, 20478.537109
62.247, 60, 20478.982422
62.247, 60, 20479.427734
62.247, 60, 20479.873047
62.247, 60, 20480.318359
62.247, 60, 20480.763672
62.247, 60, 20481.207031
62.247, 60, 20481.652344
62.247, 60, 20482.097656
62.247, 60, 20482.542969
62.247, 60, 20482.988281
62.247, 60, 20483.433594
62.247, 60, 20483.878906
62.247, 60, 20484.322266
62.247, 60, 20484.767578
62.247, 60, 20485.212891
62.247, 60, 20485.658203
62.247, 60, 20486.103516
62.247, 60, 20486.548828
62.247, 60, 20486.994141
62.247, 60, 20487.437500
62.247, 60, 20487.882812
62.247, 60, 20488.328125
62.247, 60, 20488.773438
62.247, 60, 20489.218750
62.247, 60, 20489.664062
62.247, 60, 20490.109375
62.247, 60, 20490.552734
62.247, 60, 20490.998047
62.247, 60, 20491.443359
62.247, 60, 20491.888672
62.247, 60, 20492.333984
62.247, 60, 20492.779297
62.247, 60, 20493.224609
62.247, 60, 20493.667969
62.247, 60, 20494.113281
62.247, 60, 20494.558594
62.247, 60, 20495.003906
62.247, 60, 20495.449219
62.247, 60, 20495.894531
62.247, 60, 20496.339844
62.247, 60, 20496.783203
62.247, 60, 20497.228516
62.247, 60, 20497.673828
62.247, 60, 20498.119141
62.247, 60, 20498.564453
62.247, 60, 20499.009766
62.247, 60, 20499.455078
62.247, 60, 20499.898438
62.247, 60, 20500.343750
62.247, 60, 20500.789062
62.247, 60, 20501.234375
62.247, 60, 20501.679688
62.247, 60, 20502.125000
62.247, 60, 20502.570312
62.247, 60, 20503.013672
62.247, 60, 20503.458984
62.247, 60, 20503.904297
62.247, 60, 20504.349609
62.247, 60, 20504.794922
62.247, 60, 20505.240234
62.247, 60, 20505.683594
62.342, 60, 20506.128906
62.342, 60, 20506.574219
62.342, 60, 20507.019531
62.342, 60, 20507.464844
62.342, 60, 20507.910156
62.342, 60, 20508.355469
62.342, 60, 20508.798828
62.342, 60, 20509.244141
62.342, 60, 20509.689453
62.342, 60, 20510.134766
62.342, 60, 20510.580078
62.342, 60, 20511.025391
62.342, 60, 20511.470703
62.342, 60, 20511.914062
62.342, 60, 20512.359375
62.342, 60, 20512.804688
62.342, 60, 20513.250000
62.342, 60, 20513.695312
62.342, 60, 20514.140625
62.342, 60, 20514.585938
62.342, 60, 20515.029297
62.342, 60, 20515.474609
62.342, 60, 20515.919922
62.342, 60, 20516.365234
62.342, 60, 20516.810547
62.342, 60, 20517.255859
62.342, 60, 20517.701172
62.342, 60, 20518.144531
62.342, 60, 20518.589844
62.342, 60, 20519.035156
62.342, 60, 20519.480469
62.342, 60, 20519.925781
62.342, 60, 20520.371094
62.342, 60, 20520.816406
62.247, 60, 20521.259766
62.247, 60, 20521.705078
62.247, 60, 20522.150391
62.247, 60, 20522.595703
62.247, 60, 20523.041016
62.247, 60, 20523.486328
62.247, 60, 20523.931641
62.247, 60, 20524.375000
62.247, 60, 20524.820312
62.247, 60, 20525.265625
62.247, 60, 20525.710938
62.247, 60, 20526.156250
62.247, 60, 20526.601562
62.247, 60, 20527.046875
62.247, 60, 20527.490234
62.247, 60, 20527.935547
62.247, 60, 20528.380859
62.247, 60, 20528.826172
62.247, 60, 20529.271484
62.247, 60, 20529.716797
62.247, 60, 20530.162109
62.247, 60, 20530.605469
62.247, 60, 20531.050781
62.247, 60, 20531.496094
62.247, 60, 20531.941406
62.247, 60, 20532.386719
62.247, 60, 20532.832031
62.247, 60, 20533.277344
62.247, 60, 20533.720703
62.247, 60, 20534.166016
62.247, 60, 20534.611328
62.247, 60, 20535.056641
62.247, 60, 20535.501953
62.247, 60, 20535.947266
62.247, 60, 20536.392578
62.247, 60, 20536.835938
62.247, 60, 20537.281250
62.247, 60, 20537.726562
62.247, 60, 20538.171875
62.247, 60, 20538.617188
62.247, 60, 20539.062500
62.247, 60, 20539.507812
62.247, 60, 20539.951172
62.247, 60, 20540.396484
62.247, 60, 20540.841797
62.247, 60, 20541.287109
62.247, 60, 20541.732422
62.247, 60, 20542.177734
62.247, 60, 20542.623047
62.247, 60, 20543.066406
62.247, 60, 20543.511719
62.247, 60, 20543.957031
62.247, 60, 20544.402344
62.247, 60, 20544.847656
62.247, 60, 20545.292969
62.247, 60, 20545.738281
62.247, 60, 20546.181641
62.247, 60, 20546.626953
62.247, 60, 20547.072266
62.247, 60, 20547.517578
62.247, 60, 20547.962891
62.247, 60, 20548.408203
62.247, 60, 20548.853516
62.247, 60, 20549.296875
62.247, 60, 20549.742188
62.247, 60, 20550.187500
62.247, 60, 20550.632812
62.247, 60, 20551.078125
62.247, 60, 20551.523438
62.247, 60, 20551.966797
62.342, 60, 20552.412109
62.342, 60, 20552.857422
62.342, 60, 20553.302734
62.342, 60, 20553.748047
62.342, 60, 20554.193359
62.342, 60, 20554.638672
62.342, 60, 20555.082031
62.342, 60, 20555.527344
62.342, 60, 20555.972656
62.342, 60, 20556.417969
62.342, 60, 20556.863281
62.342, 60, 20557.308594
62.342, 60, 20557.753906
62.342, 60, 20558.197266
62.342, 60, 20558.642578
62.342, 60, 20559.087891
62.342, 60, 20559.533203
62.342, 60, 20559.978516
62.342, 60, 20560.423828
62.342, 60, 20560.869141
62.342, 60, 20561.312500
62.342, 60, 20561.757812
62.342, 60, 20562.203125
62.342, 60, 20562.648438
62.342, 60, 20563.093750
62.342, 60, 20563.539062
62.342, 60, 20563.984375
62.342, 60, 20564.427734
62.342, 60, 20564.873047
62.342, 60, 20565.318359
62.342, 60, 20565.763672
62.342, 60, 20566.208984
62.342, 60, 20566.654297
62.342, 60, 20567.099609
62.342, 60, 20567.542969
62.342, 60, 20567.988281
62.342, 60, 20568.433594
62.342, 60, 20568.878906
62.342, 60, 20569.324219
62.342, 60, 20569.769531
62.342, 60, 20570.214844
62.342, 60, 20570.658203
62.342, 60, 20571.103516
62.342, 60, 20571.548828
62.342, 60, 20571.994141
62.342, 60, 20572.439453
62.342, 60, 20572.884766
62.342, 60, 20573.330078
62.342, 60, 20573.773438
62.342, 60, 20574.218750
62.342, 60, 20574.664062
62.342, 60, 20575.109375
62.342, 60, 20575.554688
62.342, 60, 20576.000000
62.342, 60, 20576.445312
62.342, 60, 20576.888672
62.342, 60, 20577.333984
62.342, 60, 20577.779297
62.342, 60, 20578.224609
62.342, 60, 20578.669922
62.342, 60, 20579.115234
62.342, 60, 20579.560547
62.342, 60, 20580.003906
62.342, 60, 20580.449219
62.342, 60, 20580.894531
62.342, 60, 20581.339844
62.342, 60, 20581.785156
62.342, 60, 20582.230469
62.342, 60, 20582.675781
62.342, 60, 20583.119141
62.342, 60, 20583.564453
62.342, 60, 20584.009766
62.342, 60, 20584.455078
62.342, 60, 20584.900391
62.342, 60, 20585.345703
62.342, 60, 20585.791016
62.342, 60, 20586.234375
62.342, 60, 20586.679688
62.342, 60, 20587.125000
62.342, 60, 20587.570312
62.342, 60, 20588.015625
62.342, 60, 20588.460938
62.342, 60, 20588.906250
62.342, 60, 20589.349609
62.342, 60, 20589.794922
62.342, 60, 20590.240234
62.342, 60, 20590.685547
62.342, 60, 20591.130859
62.342, 60, 20591.576172
62.342, 60, 20592.021484
62.342, 60, 20592.464844
62.342, 60, 20592.910156
62.342, 60, 20593.355469
62.342, 60, 20593.800781
62.342, 60, 20594.246094
62.342, 60, 20594.691406
62.342, 60, 20595.136719
62.342, 60, 20595.580078
62.342, 60, 20596.025391
62.342, 60, 20596.470703
62.342, 60, 20596.916016
62.342, 60, 20597.361328
62.342, 60, 20597.806641
62.342, 60, 20598.250000
62.342, 60, 20598.695312
62.342, 60, 20599.140625
62.342, 60, 20599.585938
62.342, 60, 20600.031250
62.342, 60, 20600.476562
62.342, 60, 20600.921875
62.342, 60, 20601.365234
62.342, 60, 20601.810547
62.342, 60, 20602.255859
62.342, 60, 20602.701172
62.342, 60, 20603.146484
62.342, 60, 20603.591797
62.342, 60, 20604.037109
62.342, 60, 20604.480469
62.342, 60, 20604.925781
62.342, 60, 20605.371094
62.342, 60, 20605.816406
62.342, 60, 20606.261719
62.342, 60, 20606.707031
62.342, 60, 20607.152344
62.342, 60, 20607.595703
62.342, 60, 20608.041016
62.342, 60, 20608.486328
62.342, 60, 20608.931641
62.342, 60, 20609.376953
62.342, 60, 20609.822266
62.342, 60, 20610.267578
62.342, 60, 20610.710938
62.342, 60, 20611.156250
62.342, 60, 20611.601562
62.342, 60, 20612.046875
62.342, 60, 20612.492188
62.342, 60, 20612.937500
62.342, 60, 20613.382812
62.342, 60, 20613.826172
62.342, 60, 20614.271484
62.342, 60, 20614.716797
62.342, 60, 20615.162109
62.342, 60, 20615.607422
62.342, 60, 20616.052734
62.342, 60, 20616.498047
62.342, 60, 20616.941406
62.342, 60, 20617.386719
62.342, 60, 20617.832031
62.342, 60, 20618.277344
62.342, 60, 20618.722656
62.342, 60, 20619.167969
62.342, 60, 20619.613281
62.342, 60, 20620.056641
62.342, 60, 20620.501953
62.342, 60, 20620.947266
62.342, 60, 20621.392578
62.342, 60, 20621.837891
62.342, 60, 20622.283203
62.342, 60, 20622.728516
62.342, 60, 20623.171875
62.342, 60, 20623.617188
62.342, 60, 20624.062500
62.342, 60, 20624.507812
62.342, 60, 20624.953125
62.342, 60, 20625.398438
62.342, 60, 20625.843750
62.342, 60, 20626.287109
62.342, 60, 20626.732422
62.342, 60, 20627.177734
62.342, 60, 20627.623047
62.531, 60, 20628.068359
62.531, 60, 20628.513672
62.531, 60, 20628.958984
62.531, 60, 20629.402344
62.531, 60, 20629.847656
62.531, 60, 20630.292969
62.531, 60, 20630.738281
62.531, 60, 20631.183594
62.531, 60, 20631.628906
62.531, 60, 20632.074219
62.531, 60, 20632.517578
62.531, 60, 20632.962891
62.531, 60, 20633.408203
62.531, 60, 20633.853516
62.531, 60, 20634.298828
62.531, 60, 20634.744141
62.531, 60, 20635.189453
62.531, 60, 20635.632812
62.531, 60, 20636.078125
62.531, 60, 20636.523438
62.531, 60, 20636.968750
62.531, 60, 20637.414062
62.531, 60, 20637.859375
62.531, 60, 20638.304688
62.531, 60, 20638.748047
62.531, 60, 20639.193359
62.531, 60, 20639.638672
62.531, 60, 20640.083984
62.531, 60, 20640.529297
62.531, 60, 20640.974609
62.531, 60, 20641.419922
62.531, 60, 20641.863281
62.531, 60, 20642.308594
62.531, 60, 20642.753906
62.531, 60, 20643.199219
62.531, 60, 20643.644531
62.531, 60, 20644.089844
62.531, 60, 20644.533203
62.531, 60, 20644.978516
62.531, 60, 20645.423828
62.531, 60, 20645.869141
62.531, 60, 20646.314453
62.531, 60, 20646.759766
62.531, 60, 20647.205078
62.531, 60, 20647.648438
62.531, 60, 20648.093750
62.531, 60, 20648.539062
62.531, 60, 20648.984375
62.531, 60, 20649.429688
62.531, 60, 20649.875000
62.531, 60, 20650.320312
62.531, 60, 20650.763672
62.531, 60, 20651.208984
62.531, 60, 20651.654297
62.531, 60, 20652.099609
62.531, 60, 20652.544922
62.531, 60, 20652.990234
62.531, 60, 20653.435547
62.531, 60, 20653.878906
62.531, 60, 20654.324219
62.531, 60, 20654.769531
62.531, 60, 20655.214844
62.531, 60, 20655.660156
62.531, 60, 20656.105469
62.531, 60, 20656.550781
62.531, 60, 20656.994141
62.531, 60, 20657.439453
62.531, 60, 20657.884766
62.531, 60, 20658.330078
62.531, 60, 20658.775391
62.247, 60, 20659.220703
62.247, 60, 20659.666016
62.247, 60, 20660.109375
62.247, 60, 20660.554688
62.247, 60, 20661.000000
62.247, 60, 20661.445312
62.247, 60, 20661.890625
62.247, 60, 20662.335938
62.247, 60, 20662.781250
62.247, 60, 20663.224609
62.247, 60, 20663.669922
62.247, 60, 20664.115234
62.247, 60, 20664.560547
62.247, 60, 20665.005859
62.247, 60, 20665.451172
62.247, 60, 20665.896484
62.247, 60, 20666.339844
62.247, 60, 20666.785156
62.247, 60, 20667.230469
62.247, 60, 20667.675781
62.247, 60, 20668.121094
62.247, 60, 20668.566406
62.247, 60, 20669.011719
62.247, 60, 20669.455078
62.247, 60, 20669.900391
62.247, 60, 20670.345703
62.247, 60, 20670.791016
62.247, 60, 20671.236328
62.247, 60, 20671.681641
62.247, 60, 20672.126953
62.247, 60, 20672.570312
62.247, 60, 20673.015625
62.247, 60, 20673.460938
62.247, 60, 20673.906250
62.151, 60, 20674.351562
62.151, 60, 20674.796875
62.151, 60, 20675.242188
62.151, 60, 20675.685547
62.151, 60, 20676.130859
62.151, 60, 20676.576172
62.151, 60, 20677.021484
62.151, 60, 20677.466797
62.151, 60, 20677.912109
62.151, 60, 20678.357422
62.151, 60, 20678.800781
62.151, 60, 20679.246094
62.151, 60, 20679.691406
62.151, 60, 20680.136719
62.151, 60, 20680.582031
62.151, 60, 20681.027344
62.151, 60, 20681.472656
62.151, 60, 20681.916016
62.151, 60, 20682.361328
62.151, 60, 20682.806641
62.151, 60, 20683.251953
62.151, 60, 20683.697266
62.151, 60, 20684.142578
62.151, 60, 20684.587891
62.151, 60, 20685.031250
62.151, 60, 20685.476562
62.151, 60, 20685.921875
62.151, 60, 20686.367188
62.151, 60, 20686.812500
62.151, 60, 20687.257812
62.151, 60, 20687.703125
62.151, 60, 20688.146484
62.151, 60, 20688.591797
62.151, 60, 20689.037109
62.056, 60, 20689.482422
62.056, 60, 20689.927734
62.056, 60, 20690.373047
62.056, 60, 20690.816406
62.056, 60, 20691.261719
62.056, 60, 20691.707031
62.056, 60, 20692.152344
62.056, 60, 20692.597656
62.056, 60, 20693.042969
62.056, 60, 20693.488281
62.056, 60, 20693.931641
62.056, 60, 20694.376953
62.056, 60, 20694.822266
62.056, 60, 20695.267578
62.056, 60, 20695.712891
62.056, 60, 20696.158203
62.056, 60, 20696.603516
62.056, 60, 20697.046875
62.056, 60, 20697.492188
62.056, 60, 20697.937500
62.056, 60, 20698.382812
62.056, 60, 20698.828125
62.056, 60, 20699.273438
62.056, 60, 20699.718750
62.056, 60, 20700.162109
62.056, 60, 20700.607422
62.056, 60, 20701.052734
62.056, 60, 20701.498047
62.056, 60, 20701.943359
62.056, 60, 20702.388672
62.056, 60, 20702.833984
62.056, 60, 20703.277344
62.056, 60, 20703.722656
62.056, 60, 20704.167969
61.961, 60, 20704.613281
61.961, 60, 20705.058594
61.961, 60, 20705.503906
61.961, 60, 20705.949219
61.961, 60, 20706.392578
61.961, 60, 20706.837891
61.961, 60, 20707.283203
61.961, 60, 20707.728516
61.961, 60, 20708.173828
61.961, 60, 20708.619141
61.961, 60, 20709.064453
61.961, 60, 20709.507812
61.961, 60, 20709.953125
61.961, 60, 20710.398438
61.961, 60, 20710.843750
61.961, 60, 20711.289062
61.961, 60, 20711.734375
61.961, 60, 20712.179688
61.961, 60, 20712.623047
61.961, 60, 20713.068359
61.961, 60, 20713.513672
61.961, 60, 20713.958984
61.961, 60, 20714.404297
61.961, 60, 20714.849609
61.961, 60, 20715.294922
61.961, 60, 20715.738281
61.961, 60, 20716.183594
61.961, 60, 20716.628906
61.961, 60, 20717.074219
61.961, 60, 20717.519531
61.961, 60, 20717.964844
61.961, 60, 20718.410156
61.961, 60, 20718.853516
61.961, 60, 20719.298828
61.961, 60, 20719.744141
61.961, 60, 20720.189453
61.961, 60, 20720.634766
61.961, 60, 20721.080078
61.961, 60, 20721.525391
61.961, 60, 20721.968750
61.961, 60, 20722.414062
61.961, 60, 20722.859375
61.961, 60, 20723.304688
61.961, 60, 20723.750000
61.961, 60, 20724.195312
61.961, 60, 20724.640625
61.961, 60, 20725.083984
61.961, 60, 20725.529297
61.961, 60, 20725.974609
61.961, 60, 20726.419922
61.961, 60, 20726.865234
61.961, 60, 20727.310547
61.961, 60, 20727.755859
61.961, 60, 20728.199219
61.961, 60, 20728.644531
61.961, 60, 20729.089844
61.961, 60, 20729.535156
61.961, 60, 20729.980469
61.961, 60, 20730.425781
61.961, 60, 20730.871094
61.961, 60, 20731.314453
61.961, 60, 20731.759766
61.961, 60, 20732.205078
61.961, 60, 20732.650391
61.961, 60, 20733.095703
61.961, 60, 20733.541016
61.961, 60, 20733.986328
61.961, 60, 20734.429688
61.961, 60, 20734.875000
61.961, 60, 20735.320312
61.961, 60, 20735.765625
61.961, 60, 20736.210938
61.961, 60, 20736.656250
61.961, 60, 20737.099609
61.961, 60, 20737.544922
61.961, 60, 20737.990234
61.961, 60, 20738.435547
61.961, 60, 20738.880859
61.961, 60, 20739.326172
61.961, 60, 20739.771484
61.961, 60, 20740.214844
61.961, 60, 20740.660156
61.961, 60, 20741.105469
61.961, 60, 20741.550781
61.961, 60, 20741.996094
61.961, 60, 20742.441406
61.961, 60, 20742.886719
61.961, 60, 20743.330078
61.961, 60, 20743.775391
61.961, 60, 20744.220703
61.961, 60, 20744.666016
61.961, 60, 20745.111328
61.961, 60, 20745.556641
61.961, 60, 20746.001953
61.961, 60, 20746.445312
61.961, 60, 20746.890625
61.961, 60, 20747.335938
61.961, 60, 20747.781250
61.961, 60, 20748.226562
61.961, 60, 20748.671875
61.961, 60, 20749.117188
61.961, 60, 20749.560547
61.961, 60, 20750.005859
61.961, 60, 20750.451172
61.961, 60, 20750.896484
61.961, 60, 20751.341797
61.961, 60, 20751.787109
61.961, 60, 20752.232422
61.961, 60, 20752.675781
61.961, 60, 20753.121094
61.961, 60, 20753.566406
61.961, 60, 20754.011719
61.961, 60, 20754.457031
61.961, 60, 20754.902344
61.961, 60, 20755.347656
61.961, 60, 20755.791016
61.961, 60, 20756.236328
61.961, 60, 20756.681641
61.961, 60, 20757.126953
61.961, 60, 20757.572266
61.961, 60, 20758.017578
61.961, 60, 20758.462891
61.961, 60, 20758.906250
61.961, 60, 20759.351562
61.961, 60, 20759.796875
61.961, 60, 20760.242188
61.961, 60, 20760.687500
61.961, 60, 20761.132812
61.961, 60, 20761.578125
61.961, 60, 20762.021484
61.961, 60, 20762.466797
61.961, 60, 20762.912109
61.961, 60, 20763.357422
61.961, 60, 20763.802734
61.961, 60, 20764.248047
61.961, 60, 20764.693359
61.961, 60, 20765.136719
61.961, 60, 20765.582031
61.961, 60, 20766.027344
61.961, 60, 20766.472656
61.961, 60, 20766.917969
61.961, 60, 20767.363281
61.961, 60, 20767.808594
61.961, 60, 20768.251953
61.961, 60, 20768.697266
61.961, 60, 20769.142578
61.961, 60, 20769.587891
61.961, 60, 20770.033203
61.961, 60, 20770.478516
61.961, 60, 20770.923828
61.961, 60, 20771.367188
61.961, 60, 20771.812500
61.961, 60, 20772.257812
61.961, 60, 20772.703125
61.961, 60, 20773.148438
61.961, 60, 20773.593750
61.961, 60, 20774.039062
61.961, 60, 20774.482422
61.961, 60, 20774.927734
61.961, 60, 20775.373047
61.961, 60, 20775.818359
61.961, 60, 20776.263672
61.961, 60, 20776.708984
61.961, 60, 20777.154297
61.961, 60, 20777.597656
61.961, 60, 20778.042969
61.961, 60, 20778.488281
61.961, 60, 20778.933594
61.961, 60, 20779.378906
61.961, 60, 20779.824219
61.961, 60, 20780.269531
61.961, 60, 20780.712891
61.961, 60, 20781.158203
61.961, 60, 20781.603516
61.961, 60, 20782.048828
61.961, 60, 20782.494141
61.961, 60, 20782.939453
61.961, 60, 20783.382812
61.961, 60, 20783.828125
61.961, 60, 20784.273438
61.961, 60, 20784.718750
61.961, 60, 20785.164062
61.961, 60, 20785.609375
61.961, 60, 20786.054688
61.961, 60, 20786.498047
61.961, 60, 20786.943359
61.961, 60, 20787.388672
61.961, 60, 20787.833984
61.961, 60, 20788.279297
61.961, 60, 20788.724609
61.961, 60, 20789.169922
61.961, 60, 20789.613281
61.961, 60, 20790.058594
61.961, 60, 20790.503906
61.961, 60, 20790.949219
61.961, 60, 20791.394531
61.961, 60, 20791.839844
61.961, 60, 20792.285156
61.961, 60, 20792.728516
61.961, 60, 20793.173828
61.961, 60, 20793.619141
61.961, 60, 20794.064453
61.961, 60, 20794.509766
61.961, 60, 20794.955078
61.961, 60, 20795.400391
61.961, 60, 20795.843750
61.961, 60, 20796.289062
61.961, 60, 20796.734375
61.961, 60, 20797.179688
61.961, 60, 20797.625000
62.151, 60, 20798.070312
62.151, 60, 20798.515625
62.151, 60, 20798.958984
62.151, 60, 20799.404297
62.151, 60, 20799.849609
62.151, 60, 20800.294922
62.151, 60, 20800.740234
62.151, 60, 20801.185547
62.151, 60, 20801.630859
62.151, 60, 20802.074219
62.151, 60, 20802.519531
62.151, 60, 20802.964844
62.151, 60, 20803.410156
62.151, 60, 20803.855469
62.151, 60, 20804.300781
62.151, 60, 20804.746094
62.151, 60, 20805.189453
62.151, 60, 20805.634766
62.151, 60, 20806.080078
62.151, 60, 20806.525391
62.151, 60, 20806.970703
62.151, 60, 20807.416016
62.151, 60, 20807.861328
62.151, 60, 20808.304688
62.151, 60, 20808.750000
62.151, 60, 20809.195312
62.151, 60, 20809.640625
62.151, 60, 20810.085938
62.151, 60, 20810.531250
62.151, 60, 20810.976562
62.151, 60, 20811.419922
62.151, 60, 20811.865234
62.151, 60, 20812.310547
62.151, 60, 20812.755859
62.151, 60, 20813.201172
62.151, 60, 20813.646484
62.151, 60, 20814.091797
62.151, 60, 20814.535156
62.151, 60, 20814.980469
62.151, 60, 20815.425781
62.151, 60, 20815.871094
62.151, 60, 20816.316406
62.151, 60, 20816.761719
62.151, 60, 20817.207031
62.151, 60, 20817.650391
62.151, 60, 20818.095703
62.151, 60, 20818.541016
62.151, 60, 20818.986328
62.151, 60, 20819.431641
62.151, 60, 20819.876953
62.151, 60, 20820.322266
62.151, 60, 20820.765625
62.151, 60, 20821.210938
62.151, 60, 20821.656250
62.151, 60, 20822.101562
62.151, 60, 20822.546875
62.151, 60, 20822.992188
62.151, 60, 20823.437500
62.151, 60, 20823.880859
62.151, 60, 20824.326172
62.151, 60, 20824.771484
62.151, 60, 20825.216797
62.151, 60, 20825.662109
62.151, 60, 20826.107422
62.151, 60, 20826.552734
62.151, 60, 20826.996094
62.151, 60, 20827.441406
62.151, 60, 20827.886719
62.151, 60, 20828.332031
62.151, 60, 20828.777344
62.151, 60, 20829.222656
62.151, 60, 20829.666016
62.151, 60, 20830.111328
62.151, 60, 20830.556641
62.151, 60, 20831.001953
62.151, 60, 20831.447266
62.151, 60, 20831.892578
62.151, 60, 20832.337891
62.151, 60, 20832.781250
62.151, 60, 20833.226562
62.151, 60, 20833.671875
62.151, 60, 20834.117188
62.151, 60, 20834.562500
62.151, 60, 20835.007812
62.151, 60, 20835.453125
62.151, 60, 20835.896484
62.151, 60, 20836.341797
62.151, 60, 20836.787109
62.151, 60, 20837.232422
62.151, 60, 20837.677734
62.151, 60, 20838.123047
62.151, 60, 20838.568359
62.151, 60, 20839.011719
62.151, 60, 20839.457031
62.151, 60, 20839.902344
62.151, 60, 20840.347656
62.151, 60, 20840.792969
62.151, 60, 20841.238281
62.151, 60, 20841.683594
62.151, 60, 20842.126953
62.151, 60, 20842.572266
62.151, 60, 20843.017578
61.961, 60, 20843.462891
61.961, 60, 20843.908203
61.961, 60, 20844.353516
61.961, 60, 20844.798828
61.961, 60, 20845.242188
61.961, 60, 20845.687500
61.961, 60, 20846.132812
61.961, 60, 20846.578125
61.961, 60, 20847.023438
61.961, 60, 20847.468750
61.961, 60, 20847.914062
61.961, 60, 20848.357422
61.961, 60, 20848.802734
61.961, 60, 20849.248047
61.961, 60, 20849.693359
61.961, 60, 20850.138672
61.961, 60, 20850.583984
61.961, 60, 20851.029297
61.961, 60, 20851.472656
61.961, 60, 20851.917969
61.961, 60, 20852.363281
61.961, 60, 20852.808594
61.961, 60, 20853.253906
61.961, 60, 20853.699219
61.961, 60, 20854.144531
61.961, 60, 20854.587891
61.961, 60, 20855.033203
61.961, 60, 20855.478516
61.961, 60, 20855.923828
61.961, 60, 20856.369141
61.961, 60, 20856.814453
61.961, 60, 20857.259766
61.961, 60, 20857.703125
61.961, 60, 20858.148438
61.961, 60, 20858.593750
61.961, 60, 20859.039062
61.961, 60, 20859.484375
61.961, 60, 20859.929688
61.961, 60, 20860.375000
61.961, 60, 20860.818359
61.961, 60, 20861.263672
61.961, 60, 20861.708984
61.961, 60, 20862.154297
61.961, 60, 20862.599609
61.961, 60, 20863.044922
61.961, 60, 20863.490234
61.961, 60, 20863.933594
61.961, 60, 20864.378906
61.961, 60, 20864.824219
61.961, 60, 20865.269531
61.961, 60, 20865.714844
61.961, 60, 20866.160156
61.961, 60, 20866.605469
61.961, 60, 20867.048828
61.961, 60, 20867.494141
61.961, 60, 20867.939453
61.961, 60, 20868.384766
61.961, 60, 20868.830078
61.961, 60, 20869.275391
61.961, 60, 20869.720703
61.961, 60, 20870.164062
61.961, 60, 20870.609375
61.961, 60, 20871.054688
61.961, 60, 20871.500000
61.961, 60, 20871.945312
61.961, 60, 20872.390625
61.961, 60, 20872.835938
61.961, 60, 20873.279297
61.961, 60, 20873.724609
62.151, 60, 20874.169922
62.151, 60, 20874.615234
62.151, 60, 20875.060547
62.151, 60, 20875.505859
62.151, 60, 20875.949219
62.151, 60, 20876.394531
62.151, 60, 20876.839844
62.151, 60, 20877.285156
62.151, 60, 20877.730469
62.151, 60, 20878.175781
62.151, 60, 20878.621094
62.151, 60, 20879.064453
62.151, 60, 20879.509766
62.151, 60, 20879.955078
62.151, 60, 20880.400391
62.151, 60, 20880.845703
62.151, 60, 20881.291016
62.151, 60, 20881.736328
62.151, 60, 20882.179688
62.151, 60, 20882.625000
62.151, 60, 20883.070312
62.151, 60, 20883.515625
62.151, 60, 20883.960938
62.151, 60, 20884.406250
62.151, 60, 20884.851562
62.151, 60, 20885.294922
62.151, 60, 20885.740234
62.151, 60, 20886.185547
62.151, 60, 20886.630859
62.151, 60, 20887.076172
62.151, 60, 20887.521484
62.151, 60, 20887.966797
62.151, 60, 20888.410156
62.151, 60, 20888.855469
62.151, 60, 20889.300781
62.151, 60, 20889.746094
62.151, 60, 20890.191406
62.151, 60, 20890.636719
62.151, 60, 20891.082031
62.151, 60, 20891.525391
62.151, 60, 20891.970703
62.151, 60, 20892.416016
62.151, 60, 20892.861328
62.151, 60, 20893.306641
62.151, 60, 20893.751953
62.151, 60, 20894.197266
62.151, 60, 20894.640625
62.151, 60, 20895.085938
62.151, 60, 20895.531250
62.151, 60, 20895.976562
62.151, 60, 20896.421875
62.151, 60, 20896.867188
62.151, 60, 20897.312500
62.151, 60, 20897.755859
62.151, 60, 20898.201172
62.151, 60, 20898.646484
62.151, 60, 20899.091797
62.151, 60, 20899.537109
62.151, 60, 20899.982422
62.151, 60, 20900.427734
62.151, 60, 20900.871094
62.151, 60, 20901.316406
62.151, 60, 20901.761719
62.151, 60, 20902.207031
62.151, 60, 20902.652344
62.151, 60, 20903.097656
62.151, 60, 20903.542969
62.151, 60, 20903.986328
62.151, 60, 20904.431641
62.151, 60, 20904.876953
62.151, 60, 20905.322266
62.151, 60, 20905.767578
62.151, 60, 20906.212891
62.151, 60, 20906.658203
62.151, 60, 20907.101562
62.151, 60, 20907.546875
62.151, 60, 20907.992188
62.151, 60, 20908.437500
62.151, 60, 20908.882812
62.151, 60, 20909.328125
62.151, 60, 20909.773438
62.151, 60, 20910.216797
62.151, 60, 20910.662109
62.151, 60, 20911.107422
62.151, 60, 20911.552734
62.151, 60, 20911.998047
62.151, 60, 20912.443359
62.151, 60, 20912.888672
62.151, 60, 20913.332031
62.151, 60, 20913.777344
62.151, 60, 20914.222656
62.151, 60, 20914.667969
62.151, 60, 20915.113281
62.151, 60, 20915.558594
62.151, 60, 20916.003906
62.151, 60, 20916.447266
62.151, 60, 20916.892578
62.151, 60, 20917.337891
62.151, 60, 20917.783203
62.151, 60, 20918.228516
62.151, 60, 20918.673828
62.151, 60, 20919.119141
62.151, 60, 20919.562500
62.151, 60, 20920.007812
62.151, 60, 20920.453125
62.151, 60, 20920.898438
62.151, 60, 20921.343750
62.151, 60, 20921.789062
62.151, 60, 20922.232422
62.151, 60, 20922.677734
62.151, 60, 20923.123047
62.151, 60, 20923.568359
62.151, 60, 20924.013672
62.151, 60, 20924.458984
62.151, 60, 20924.904297
62.151, 60, 20925.347656
62.151, 60, 20925.792969
62.151, 60, 20926.238281
62.151, 60, 20926.683594
62.151, 60, 20927.128906
62.151, 60, 20927.574219
62.151, 60, 20928.019531
62.151, 60, 20928.462891
62.151, 60, 20928.908203
62.151, 60, 20929.353516
62.151, 60, 20929.798828
62.151, 60, 20930.244141
62.151, 60, 20930.689453
62.151, 60, 20931.134766
62.151, 60, 20931.578125
62.151, 60, 20932.023438
62.151, 60, 20932.468750
62.151, 60, 20932.914062
62.151, 60, 20933.359375
62.151, 60, 20933.804688
62.151, 60, 20934.250000
62.151, 60, 20934.693359
62.151, 60, 20935.138672
62.151, 60, 20935.583984
62.151, 60, 20936.029297
62.247, 60, 20936.474609
62.247, 60, 20936.919922
62.247, 60, 20937.365234
62.247, 60, 20937.808594
62.247, 60, 20938.253906
62.247, 60, 20938.699219
62.247, 60, 20939.144531
62.247, 60, 20939.589844
62.247, 60, 20940.035156
62.247, 60, 20940.480469
62.247, 60, 20940.923828
62.247, 60, 20941.369141
62.247, 60, 20941.814453
62.247, 60, 20942.259766
62.247, 60, 20942.705078
62.247, 60, 20943.150391
62.247, 60, 20943.595703
62.247, 60, 20944.039062
62.247, 60, 20944.484375
62.247, 60, 20944.929688
62.247, 60, 20945.375000
62.247, 60, 20945.820312
62.247, 60, 20946.265625
62.247, 60, 20946.710938
62.247, 60, 20947.154297
62.247, 60, 20947.599609
62.247, 60, 20948.044922
62.247, 60, 20948.490234
62.247, 60, 20948.935547
62.247, 60, 20949.380859
62.247, 60, 20949.826172
62.247, 60, 20950.269531
62.247, 60, 20950.714844
62.247, 60, 20951.160156
62.247, 60, 20951.605469
62.247, 60, 20952.050781
62.247, 60, 20952.496094
62.247, 60, 20952.941406
62.247, 60, 20953.384766
62.247, 60, 20953.830078
62.247, 60, 20954.275391
62.247, 60, 20954.720703
62.247, 60, 20955.166016
62.247, 60, 20955.611328
62.247, 60, 20956.056641
62.247, 60, 20956.500000
62.247, 60, 20956.945312
62.247, 60, 20957.390625
62.247, 60, 20957.835938
62.247, 60, 20958.281250
62.247, 60, 20958.726562
62.247, 60, 20959.171875
62.247, 60, 20959.615234
62.247, 60, 20960.060547
62.247, 60, 20960.505859
62.247, 60, 20960.951172
62.247, 60, 20961.396484
62.247, 60, 20961.841797
62.247, 60, 20962.287109
62.247, 60, 20962.730469
62.247, 60, 20963.175781
62.247, 60, 20963.621094
62.247, 60, 20964.066406
62.247, 60, 20964.511719
62.247, 60, 20964.957031
62.247, 60, 20965.402344
62.247, 60, 20965.845703
62.247, 60, 20966.291016
62.247, 60, 20966.736328
62.247, 60, 20967.181641
62.247, 60, 20967.626953
62.247, 60, 20968.072266
62.247, 60, 20968.517578
62.247, 60, 20968.960938
62.247, 60, 20969.406250
62.247, 60, 20969.851562
62.247, 60, 20970.296875
62.247, 60, 20970.742188
62.247, 60, 20971.187500
62.247, 60, 20971.630859
62.247, 60, 20972.076172
62.247, 60, 20972.521484
62.247, 60, 20972.966797
62.247, 60, 20973.412109
62.247, 60, 20973.857422
62.247, 60, 20974.302734
62.247, 60, 20974.746094
62.247, 60, 20975.191406
62.247, 60, 20975.636719
62.247, 60, 20976.082031
62.247, 60, 20976.527344
62.247, 60, 20976.972656
62.247, 60, 20977.417969
62.247, 60, 20977.861328
62.247, 60, 20978.306641
62.247, 60, 20978.751953
62.247, 60, 20979.197266
62.247, 60, 20979.642578
62.247, 60, 20980.087891
62.247, 60, 20980.533203
62.247, 60, 20980.976562
62.247, 60, 20981.421875
62.247, 60, 20981.867188
62.247, 60, 20982.312500
62.342, 60, 20982.757812
62.342, 60, 20983.203125
62.342, 60, 20983.648438
62.342, 60, 20984.091797
62.342, 60, 20984.537109
62.342, 60, 20984.982422
62.342, 60, 20985.427734
62.342, 60, 20985.873047
62.342, 60, 20986.318359
62.342, 60, 20986.763672
62.342, 60, 20987.207031
62.342, 60, 20987.652344
62.342, 60, 20988.097656
62.342, 60, 20988.542969
62.342, 60, 20988.988281
62.342, 60, 20989.433594
62.342, 60, 20989.878906
62.342, 60, 20990.322266
62.342, 60, 20990.767578
62.342, 60, 20991.212891
62.342, 60, 20991.658203
62.342, 60, 20992.103516
62.342, 60, 20992.548828
62.342, 60, 20992.994141
62.342, 60, 20993.437500
62.342, 60, 20993.882812
62.342, 60, 20994.328125
62.342, 60, 20994.773438
62.342, 60, 20995.218750
62.342, 60, 20995.664062
62.342, 60, 20996.109375
62.342, 60, 20996.552734
62.342, 60, 20996.998047
62.342, 60, 20997.443359
62.342, 60, 20997.888672
62.247, 60, 20998.333984
62.247, 60, 20998.779297
62.247, 60, 20999.224609
62.247, 60, 20999.667969
62.247, 60, 21000.113281
62.247, 60, 21000.558594
62.247, 60, 21001.003906
62.247, 60, 21001.449219
62.247, 60, 21001.894531
62.247, 60, 21002.339844
62.247, 60, 21002.783203
62.247, 60, 21003.228516
62.247, 60, 21003.673828
62.247, 60, 21004.119141
62.247, 60, 21004.564453
62.247, 60, 21005.009766
62.247, 60, 21005.455078
62.247, 60, 21005.898438
62.247, 60, 21006.343750
62.247, 60, 21006.789062
62.247, 60, 21007.234375
62.247, 60, 21007.679688
62.247, 60, 21008.125000
62.247, 60, 21008.570312
62.247, 60, 21009.013672
62.247, 60, 21009.458984
62.247, 60, 21009.904297
62.247, 60, 21010.349609
62.247, 60, 21010.794922
62.247, 60, 21011.240234
62.247, 60, 21011.685547
62.247, 60, 21012.128906
62.247, 60, 21012.574219
62.151, 60, 21013.019531
62.151, 60, 21013.464844
62.151, 60, 21013.910156
62.151, 60, 21014.355469
62.151, 60, 21014.800781
62.151, 60, 21015.244141
62.151, 60, 21015.689453
62.151, 60, 21016.134766
62.151, 60, 21016.580078
62.151, 60, 21017.025391
62.151, 60, 21017.470703
62.151, 60, 21017.914062
62.151, 60, 21018.359375
62.151, 60, 21018.804688
62.151, 60, 21019.250000
62.151, 60, 21019.695312
62.151, 60, 21020.140625
62.151, 60, 21020.585938
62.151, 60, 21021.029297
62.151, 60, 21021.474609
62.151, 60, 21021.919922
62.151, 60, 21022.365234
62.151, 60, 21022.810547
62.151, 60, 21023.255859
62.151, 60, 21023.701172
62.151, 60, 21024.144531
62.151, 60, 21024.589844
62.151, 60, 21025.035156
62.151, 60, 21025.480469
62.151, 60, 21025.925781
62.151, 60, 21026.371094
62.151, 60, 21026.816406
62.151, 60, 21027.259766
62.151, 60, 21027.705078
62.151, 60, 21028.150391
62.151, 60, 21028.595703
62.151, 60, 21029.041016
62.151, 60, 21029.486328
62.151, 60, 21029.931641
62.151, 60, 21030.375000
62.151, 60, 21030.820312
62.151, 60, 21031.265625
62.151, 60, 21031.710938
62.151, 60, 21032.156250
62.151, 60, 21032.601562
62.151, 60, 21033.046875
62.151, 60, 21033.490234
62.151, 60, 21033.935547
62.151, 60, 21034.380859
62.151, 60, 21034.826172
62.151, 60, 21035.271484
62.151, 60, 21035.716797
62.151, 60, 21036.162109
62.151, 60, 21036.605469
62.151, 60, 21037.050781
62.151, 60, 21037.496094
62.151, 60, 21037.941406
62.151, 60, 21038.386719
62.151, 60, 21038.832031
62.151, 60, 21039.277344
62.151, 60, 21039.720703
62.151, 60, 21040.166016
62.151, 60, 21040.611328
62.151, 60, 21041.056641
62.151, 60, 21041.501953
62.151, 60, 21041.947266
62.151, 60, 21042.392578
62.151, 60, 21042.835938
62.151, 60, 21043.281250
62.151, 60, 21043.726562
62.151, 60, 21044.171875
62.151, 60, 21044.617188
62.151, 60, 21045.062500
62.151, 60, 21045.507812
62.151, 60, 21045.951172
62.151, 60, 21046.396484
62.151, 60, 21046.841797
62.151, 60, 21047.287109
62.151, 60, 21047.732422
62.151, 60, 21048.177734
62.151, 60, 21048.623047
62.151, 60, 21049.066406
62.151, 60, 21049.511719
62.151, 60, 21049.957031
62.151, 60, 21050.402344
62.151, 60, 21050.847656
62.151, 60, 21051.292969
62.151, 60, 21051.738281
62.151, 60, 21052.181641
62.151, 60, 21052.626953
62.151, 60, 21053.072266
62.151, 60, 21053.517578
62.151, 60, 21053.962891
62.151, 60, 21054.408203
62.151, 60, 21054.853516
62.151, 60, 21055.296875
62.151, 60, 21055.742188
62.151, 60, 21056.187500
62.151, 60, 21056.632812
62.151, 60, 21057.078125
62.151, 60, 21057.523438
62.151, 60, 21057.968750
62.151, 60, 21058.412109
62.151, 60, 21058.857422
62.247, 60, 21059.302734
62.247, 60, 21059.748047
62.247, 60, 21060.193359
62.247, 60, 21060.638672
62.247, 60, 21061.083984
62.247, 60, 21061.527344
62.247, 60, 21061.972656
62.247, 60, 21062.417969
62.247, 60, 21062.863281
62.247, 60, 21063.308594
62.247, 60, 21063.753906
62.247, 60, 21064.197266
62.247, 60, 21064.642578
62.247, 60, 21065.087891
62.247, 60, 21065.533203
62.247, 60, 21065.978516
62.247, 60, 21066.423828
62.247, 60, 21066.869141
62.247, 60, 21067.312500
62.247, 60, 21067.757812
62.247, 60, 21068.203125
62.247, 60, 21068.648438
62.247, 60, 21069.093750
62.247, 60, 21069.539062
62.247, 60, 21069.984375
62.247, 60, 21070.427734
62.247, 60, 21070.873047
62.247, 60, 21071.318359
62.247, 60, 21071.763672
62.247, 60, 21072.208984
62.247, 60, 21072.654297
62.247, 60, 21073.099609
62.247, 60, 21073.542969
62.247, 60, 21073.988281
62.247, 60, 21074.433594
62.151, 60, 21074.878906
62.151, 60, 21075.324219
62.151, 60, 21075.769531
62.151, 60, 21076.214844
62.151, 60, 21076.658203
62.151, 60, 21077.103516
62.151, 60, 21077.548828
62.151, 60, 21077.994141
62.151, 60, 21078.439453
62.151, 60, 21078.884766
62.151, 60, 21079.330078
62.151, 60, 21079.773438
62.151, 60, 21080.218750
62.151, 60, 21080.664062
62.151, 60, 21081.109375
62.151, 60, 21081.554688
62.151, 60, 21082.000000
62.151, 60, 21082.445312
62.151, 60, 21082.888672
62.151, 60, 21083.333984
62.151, 60, 21083.779297
62.151, 60, 21084.224609
62.151, 60, 21084.669922
62.151, 60, 21085.115234
62.151, 60, 21085.560547
62.151, 60, 21086.003906
62.151, 60, 21086.449219
62.151, 60, 21086.894531
62.151, 60, 21087.339844
62.151, 60, 21087.785156
62.151, 60, 21088.230469
62.151, 60, 21088.675781
62.151, 60, 21089.119141
62.151, 60, 21089.564453
62.151, 60, 21090.009766
62.151, 60, 21090.455078
62.151, 60, 21090.900391
62.151, 60, 21091.345703
62.151, 60, 21091.791016
62.151, 60, 21092.234375
62.151, 60, 21092.679688
62.151, 60, 21093.125000
62.151, 60, 21093.570312
62.151, 60, 21094.015625
62.151, 60, 21094.460938
62.151, 60, 21094.906250
62.151, 60, 21095.349609
62.151, 60, 21095.794922
62.151, 60, 21096.240234
62.151, 60, 21096.685547
62.151, 60, 21097.130859
62.151, 60, 21097.576172
62.151, 60, 21098.021484
62.151, 60, 21098.464844
62.151, 60, 21098.910156
62.151, 60, 21099.355469
62.151, 60, 21099.800781
62.151, 60, 21100.246094
62.151, 60, 21100.691406
62.151, 60, 21101.136719
62.151, 60, 21101.580078
62.151, 60, 21102.025391
62.151, 60, 21102.470703
62.151, 60, 21102.916016
62.151, 60, 21103.361328
62.151, 60, 21103.806641
62.151, 60, 21104.251953
62.151, 60, 21104.695312
62.151, 60, 21105.140625
62.247, 60, 21105.585938
62.247, 60, 21106.031250
62.247, 60, 21106.476562
62.247, 60, 21106.921875
62.247, 60, 21107.367188
62.247, 60, 21107.810547
62.247, 60, 21108.255859
62.247, 60, 21108.701172
62.247, 60, 21109.146484
62.247, 60, 21109.591797
62.247, 60, 21110.037109
62.247, 60, 21110.480469
62.247, 60, 21110.925781
62.247, 60, 21111.371094
62.247, 60, 21111.816406
62.247, 60, 21112.261719
62.247, 60, 21112.707031
62.247, 60, 21113.152344
62.247, 60, 21113.595703
62.247, 60, 21114.041016
62.247, 60, 21114.486328
62.247, 60, 21114.931641
62.247, 60, 21115.376953
62.247, 60, 21115.822266
62.247, 60, 21116.267578
62.247, 60, 21116.710938
62.247, 60, 21117.156250
62.247, 60, 21117.601562
62.247, 60, 21118.046875
62.247, 60, 21118.492188
62.247, 60, 21118.937500
62.247, 60, 21119.382812
62.247, 60, 21119.826172
62.247, 60, 21120.271484
62.247, 60, 21120.716797
62.247, 60, 21121.162109
62.247, 60, 21121.607422
62.247, 60, 21122.052734
62.247, 60, 21122.498047
62.247, 60, 21122.941406
62.247, 60, 21123.386719
62.247, 60, 21123.832031
62.247, 60, 21124.277344
62.247, 60, 21124.722656
62.247, 60, 21125.167969
62.247, 60, 21125.613281
62.247, 60, 21126.056641
62.247, 60, 21126.501953
62.247, 60, 21126.947266
62.247, 60, 21127.392578
62.247, 60, 21127.837891
62.247, 60, 21128.283203
62.247, 60, 21128.728516
62.247, 60, 21129.171875
62.247, 60, 21129.617188
62.247, 60, 21130.062500
62.247, 60, 21130.507812
62.247, 60, 21130.953125
62.247, 60, 21131.398438
62.247, 60, 21131.843750
62.247, 60, 21132.287109
62.247, 60, 21132.732422
62.247, 60, 21133.177734
62.247, 60, 21133.623047
62.247, 60, 21134.068359
62.247, 60, 21134.513672
62.247, 60, 21134.958984
62.247, 60, 21135.402344
62.247, 60, 21135.847656
62.247, 60, 21136.292969
62.247, 60, 21136.738281
62.247, 60, 21137.183594
62.247, 60, 21137.628906
62.247, 60, 21138.074219
62.247, 60, 21138.517578
62.247, 60, 21138.962891
62.247, 60, 21139.408203
62.247, 60, 21139.853516
62.247, 60, 21140.298828
62.247, 60, 21140.744141
62.247, 60, 21141.189453
62.247, 60, 21141.632812
62.247, 60, 21142.078125
62.247, 60, 21142.523438
62.247, 60, 21142.968750
62.247, 60, 21143.414062
62.247, 60, 21143.859375
62.247, 60, 21144.304688
62.247, 60, 21144.748047
62.247, 60, 21145.193359
62.247, 60, 21145.638672
62.247, 60, 21146.083984
62.247, 60, 21146.529297
62.247, 60, 21146.974609
62.247, 60, 21147.419922
62.247, 60, 21147.863281
62.247, 60, 21148.308594
62.247, 60, 21148.753906
62.247, 60, 21149.199219
62.247, 60, 21149.644531
62.247, 60, 21150.089844
62.247, 60, 21150.535156
62.247, 60, 21150.978516
62.247, 60, 21151.423828
62.342, 60, 21151.869141
62.342, 60, 21152.314453
62.342, 60, 21152.759766
62.342, 60, 21153.205078
62.342, 60, 21153.650391
62.342, 60, 21154.093750
62.342, 60, 21154.539062
62.342, 60, 21154.984375
62.342, 60, 21155.429688
62.342, 60, 21155.875000
62.342, 60, 21156.320312
62.342, 60, 21156.763672
62.342, 60, 21157.208984
62.342, 60, 21157.654297
62.342, 60, 21158.099609
62.342, 60, 21158.544922
62.342, 60, 21158.990234
62.342, 60, 21159.435547
62.342, 60, 21159.878906
62.342, 60, 21160.324219
62.342, 60, 21160.769531
62.342, 60, 21161.214844
62.342, 60, 21161.660156
62.342, 60, 21162.105469
62.342, 60, 21162.550781
62.342, 60, 21162.994141
62.342, 60, 21163.439453
62.342, 60, 21163.884766
62.342, 60, 21164.330078
62.342, 60, 21164.775391
62.342, 60, 21165.220703
62.342, 60, 21165.666016
62.342, 60, 21166.109375
62.342, 60, 21166.554688
62.342, 60, 21167.000000
62.247, 60, 21167.445312
62.247, 60, 21167.890625
62.247, 60, 21168.335938
62.247, 60, 21168.781250
62.247, 60, 21169.224609
62.247, 60, 21169.669922
62.247, 60, 21170.115234
62.247, 60, 21170.560547
62.247, 60, 21171.005859
62.247, 60, 21171.451172
62.247, 60, 21171.896484
62.247, 60, 21172.339844
62.247, 60, 21172.785156
62.247, 60, 21173.230469
62.247, 60, 21173.675781
62.247, 60, 21174.121094
62.247, 60, 21174.566406
62.247, 60, 21175.011719
62.247, 60, 21175.455078
62.247, 60, 21175.900391
62.247, 60, 21176.345703
62.247, 60, 21176.791016
62.247, 60, 21177.236328
62.247, 60, 21177.681641
62.247, 60, 21178.126953
62.247, 60, 21178.570312
62.247, 60, 21179.015625
62.247, 60, 21179.460938
62.247, 60, 21179.906250
62.247, 60, 21180.351562
62.247, 60, 21180.796875
62.247, 60, 21181.242188
62.247, 60, 21181.685547
62.247, 60, 21182.130859
62.247, 60, 21182.576172
62.247, 60, 21183.021484
62.247, 60, 21183.466797
62.247, 60, 21183.912109
62.247, 60, 21184.357422
62.247, 60, 21184.800781
62.247, 60, 21185.246094
62.247, 60, 21185.691406
62.247, 60, 21186.136719
62.247, 60, 21186.582031
62.247, 60, 21187.027344
62.247, 60, 21187.472656
62.247, 60, 21187.916016
62.247, 60, 21188.361328
62.247, 60, 21188.806641
62.247, 60, 21189.251953
62.247, 60, 21189.697266
62.247, 60, 21190.142578
62.247, 60, 21190.587891
62.247, 60, 21191.031250
62.247, 60, 21191.476562
62.247, 60, 21191.921875
62.247, 60, 21192.367188
62.247, 60, 21192.812500
62.247, 60, 21193.257812
62.247, 60, 21193.703125
62.247, 60, 21194.146484
62.247, 60, 21194.591797
62.247, 60, 21195.037109
62.247, 60, 21195.482422
62.247, 60, 21195.927734
62.247, 60, 21196.373047
62.247, 60, 21196.818359
62.247, 60, 21197.261719
62.247, 60, 21197.707031
62.247, 60, 21198.152344
62.342, 60, 21198.597656
62.342, 60, 21199.042969
62.342, 60, 21199.488281
62.342, 60, 21199.933594
62.342, 60, 21200.376953
62.342, 60, 21200.822266
62.342, 60, 21201.267578
62.342, 60, 21201.712891
62.342, 60, 21202.158203
62.342, 60, 21202.603516
62.342, 60, 21203.046875
62.342, 60, 21203.492188
62.342, 60, 21203.937500
62.342, 60, 21204.382812
62.342, 60, 21204.828125
62.342, 60, 21205.273438
62.342, 60, 21205.718750
62.342, 60, 21206.162109
62.342, 60, 21206.607422
62.342, 60, 21207.052734
62.342, 60, 21207.498047
62.342, 60, 21207.943359
62.342, 60, 21208.388672
62.342, 60, 21208.833984
62.342, 60, 21209.277344
62.342, 60, 21209.722656
62.342, 60, 21210.167969
62.342, 60, 21210.613281
62.342, 60, 21211.058594
62.342, 60, 21211.503906
62.342, 60, 21211.949219
62.342, 60, 21212.392578
62.342, 60, 21212.837891
62.342, 60, 21213.283203
62.342, 60, 21213.728516
62.342, 60, 21214.173828
62.342, 60, 21214.619141
62.342, 60, 21215.064453
62.342, 60, 21215.507812
62.342, 60, 21215.953125
62.342, 60, 21216.398438
62.342, 60, 21216.843750
62.342, 60, 21217.289062
62.342, 60, 21217.734375
62.342, 60, 21218.179688
62.342, 60, 21218.623047
62.342, 60, 21219.068359
62.342, 60, 21219.513672
62.342, 60, 21219.958984
62.342, 60, 21220.404297
62.342, 60, 21220.849609
62.342, 60, 21221.294922
62.342, 60, 21221.738281
62.342, 60, 21222.183594
62.342, 60, 21222.628906
62.342, 60, 21223.074219
62.342, 60, 21223.519531
62.342, 60, 21223.964844
62.342, 60, 21224.410156
62.342, 60, 21224.853516
62.342, 60, 21225.298828
62.342, 60, 21225.744141
62.342, 60, 21226.189453
62.342, 60, 21226.634766
62.342, 60, 21227.080078
62.342, 60, 21227.525391
62.342, 60, 21227.968750
62.342, 60, 21228.414062
62.342, 60, 21228.859375
62.342, 60, 21229.304688
62.342, 60, 21229.750000
62.342, 60, 21230.195312
62.342, 60, 21230.640625
62.342, 60, 21231.083984
62.342, 60, 21231.529297
62.342, 60, 21231.974609
62.342, 60, 21232.419922
62.342, 60, 21232.865234
62.342, 60, 21233.310547
62.342, 60, 21233.755859
62.342, 60, 21234.199219
62.342, 60, 21234.644531
62.342, 60, 21235.089844
62.342, 60, 21235.535156
62.342, 60, 21235.980469
62.342, 60, 21236.425781
62.342, 60, 21236.871094
62.342, 60, 21237.314453
62.342, 60, 21237.759766
62.342, 60, 21238.205078
62.342, 60, 21238.650391
62.342, 60, 21239.095703
62.342, 60, 21239.541016
62.342, 60, 21239.986328
62.342, 60, 21240.429688
62.342, 60, 21240.875000
62.342, 60, 21241.320312
62.342, 60, 21241.765625
62.342, 60, 21242.210938
62.342, 60, 21242.656250
62.342, 60, 21243.101562
62.342, 60, 21243.544922
62.342, 60, 21243.990234
62.342, 60, 21244.435547
62.342, 60, 21244.880859
62.342, 60, 21245.326172
62.342, 60, 21245.771484
62.342, 60, 21246.216797
62.342, 60, 21246.660156
62.342, 60, 21247.105469
62.342, 60, 21247.550781
62.342, 60, 21247.996094
62.342, 60, 21248.441406
62.342, 60, 21248.886719
62.342, 60, 21249.330078
62.342, 60, 21249.775391
62.342, 60, 21250.220703
62.342, 60, 21250.666016
62.342, 60, 21251.111328
62.342, 60, 21251.556641
62.342, 60, 21252.001953
62.342, 60, 21252.445312
62.342, 60, 21252.890625
62.342, 60, 21253.335938
62.342, 60, 21253.781250
62.342, 60, 21254.226562
62.342, 60, 21254.671875
62.342, 60, 21255.117188
62.342, 60, 21255.560547
62.342, 60, 21256.005859
62.342, 60, 21256.451172
62.342, 60, 21256.896484
62.342, 60, 21257.341797
62.342, 60, 21257.787109
62.342, 60, 21258.232422
62.342, 60, 21258.675781
62.342, 60, 21259.121094
62.342, 60, 21259.566406
62.342, 60, 21260.011719
62.342, 60, 21260.457031
62.342, 60, 21260.902344
62.342, 60, 21261.347656
62.342, 60, 21261.791016
62.342, 60, 21262.236328
62.342, 60, 21262.681641
62.342, 60, 21263.126953
62.342, 60, 21263.572266
62.342, 60, 21264.017578
62.342, 60, 21264.462891
62.342, 60, 21264.906250
62.342, 60, 21265.351562
62.342, 60, 21265.796875
62.342, 60, 21266.242188
62.342, 60, 21266.687500
62.342, 60, 21267.132812
62.342, 60, 21267.578125
62.342, 60, 21268.021484
62.342, 60, 21268.466797
62.342, 60, 21268.912109
62.342, 60, 21269.357422
62.342, 60, 21269.802734
62.342, 60, 21270.248047
62.342, 60, 21270.693359
62.342, 60, 21271.136719
62.342, 60, 21271.582031
62.342, 60, 21272.027344
62.342, 60, 21272.472656
62.342, 60, 21272.917969
62.342, 60, 21273.363281
62.342, 60, 21273.808594
62.342, 60, 21274.251953
62.342, 60, 21274.697266
62.531, 60, 21275.142578
62.531, 60, 21275.587891
62.531, 60, 21276.033203
62.531, 60, 21276.478516
62.531, 60, 21276.923828
62.531, 60, 21277.367188
62.531, 60, 21277.812500
62.531, 60, 21278.257812
62.531, 60, 21278.703125
62.531, 60, 21279.148438
62.531, 60, 21279.593750
62.531, 60, 21280.039062
62.531, 60, 21280.482422
62.531, 60, 21280.927734
62.531, 60, 21281.373047
62.531, 60, 21281.818359
62.531, 60, 21282.263672
62.531, 60, 21282.708984
62.531, 60, 21283.154297
62.531, 60, 21283.597656
62.531, 60, 21284.042969
62.531, 60, 21284.488281
62.531, 60, 21284.933594
62.531, 60, 21285.378906
62.531, 60, 21285.824219
62.531, 60, 21286.269531
62.531, 60, 21286.712891
62.531, 60, 21287.158203
62.531, 60, 21287.603516
62.531, 60, 21288.048828
62.531, 60, 21288.494141
62.531, 60, 21288.939453
62.531, 60, 21289.384766
62.531, 60, 21289.828125
62.531, 60, 21290.273438
62.531, 60, 21290.718750
62.531, 60, 21291.164062
62.531, 60, 21291.609375
62.531, 60, 21292.054688
62.531, 60, 21292.500000
62.531, 60, 21292.943359
62.531, 60, 21293.388672
62.531, 60, 21293.833984
62.531, 60, 21294.279297
62.531, 60, 21294.724609
62.531, 60, 21295.169922
62.531, 60, 21295.613281
62.531, 60, 21296.058594
62.531, 60, 21296.503906
62.531, 60, 21296.949219
62.531, 60, 21297.394531
62.531, 60, 21297.839844
62.531, 60, 21298.285156
62.531, 60, 21298.728516
62.531, 60, 21299.173828
62.531, 60, 21299.619141
62.531, 60, 21300.064453
62.531, 60, 21300.509766
62.531, 60, 21300.955078
62.531, 60, 21301.400391
62.531, 60, 21301.843750
62.531, 60, 21302.289062
62.531, 60, 21302.734375
62.531, 60, 21303.179688
62.531, 60, 21303.625000
62.531, 60, 21304.070312
62.531, 60, 21304.515625
62.531, 60, 21304.958984
62.247, 60, 21305.404297
62.247, 60, 21305.849609
62.247, 60, 21306.294922
62.247, 60, 21306.740234
62.247, 60, 21307.185547
62.247, 60, 21307.630859
62.247, 60, 21308.074219
62.247, 60, 21308.519531
62.247, 60, 21308.964844
62.247, 60, 21309.410156
62.247, 60, 21309.855469
62.247, 60, 21310.300781
62.247, 60, 21310.746094
62.247, 60, 21311.189453
62.247, 60, 21311.634766
62.247, 60, 21312.080078
62.247, 60, 21312.525391
62.247, 60, 21312.970703
62.247, 60, 21313.416016
62.247, 60, 21313.861328
62.247, 60, 21314.304688
62.247, 60, 21314.750000
62.247, 60, 21315.195312
62.247, 60, 21315.640625
62.247, 60, 21316.085938
62.247, 60, 21316.531250
62.247, 60, 21316.976562
62.247, 60, 21317.419922
62.247, 60, 21317.865234
62.247, 60, 21318.310547
62.247, 60, 21318.755859
62.247, 60, 21319.201172
62.247, 60, 21319.646484
62.247, 60, 21320.091797
62.247, 60, 21320.535156
62.151, 60, 21320.980469
62.151, 60, 21321.425781
62.151, 60, 21321.871094
62.151, 60, 21322.316406
62.151, 60, 21322.761719
62.151, 60, 21323.207031
62.151, 60, 21323.650391
62.151, 60, 21324.095703
62.151, 60, 21324.541016
62.151, 60, 21324.986328
62.151, 60, 21325.431641
62.151, 60, 21325.876953
62.151, 60, 21326.322266
62.151, 60, 21326.765625
62.151, 60, 21327.210938
62.151, 60, 21327.656250
62.151, 60, 21328.101562
62.151, 60, 21328.546875
62.151, 60, 21328.992188
62.151, 60, 21329.437500
62.151, 60, 21329.880859
62.151, 60, 21330.326172
62.151, 60, 21330.771484
62.151, 60, 21331.216797
62.151, 60, 21331.662109
62.151, 60, 21332.107422
62.151, 60, 21332.552734
62.151, 60, 21332.996094
62.151, 60, 21333.441406
62.151, 60, 21333.886719
62.151, 60, 21334.332031
62.151, 60, 21334.777344
62.151, 60, 21335.222656
62.151, 60, 21335.667969
62.151, 60, 21336.111328
62.056, 60, 21336.556641
62.056, 60, 21337.001953
62.056, 60, 21337.447266
62.056, 60, 21337.892578
62.056, 60, 21338.337891
62.056, 60, 21338.783203
62.056, 60, 21339.226562
62.056, 60, 21339.671875
62.056, 60, 21340.117188
62.056, 60, 21340.562500
62.056, 60, 21341.007812
62.056, 60, 21341.453125
62.056, 60, 21341.896484
62.056, 60, 21342.341797
62.056, 60, 21342.787109
62.056, 60, 21343.232422
62.056, 60, 21343.677734
62.056, 60, 21344.123047
62.056, 60, 21344.568359
62.056, 60, 21345.011719
62.056, 60, 21345.457031
62.056, 60, 21345.902344
62.056, 60, 21346.347656
62.056, 60, 21346.792969
62.056, 60, 21347.238281
62.056, 60, 21347.683594
62.056, 60, 21348.126953
62.056, 60, 21348.572266
62.056, 60, 21349.017578
62.056, 60, 21349.462891
62.056, 60, 21349.908203
62.056, 60, 21350.353516
62.056, 60, 21350.798828
62.056, 60, 21351.242188
61.961, 60, 21351.687500
61.961, 60, 21352.132812
61.961, 60, 21352.578125
61.961, 60, 21353.023438
61.961, 60, 21353.468750
61.961, 60, 21353.914062
61.961, 60, 21354.357422
61.961, 60, 21354.802734
61.961, 60, 21355.248047
61.961, 60, 21355.693359
61.961, 60, 21356.138672
61.961, 60, 21356.583984
61.961, 60, 21357.029297
61.961, 60, 21357.472656
61.961, 60, 21357.917969
61.961, 60, 21358.363281
61.961, 60, 21358.808594
61.961, 60, 21359.253906
61.961, 60, 21359.699219
61.961, 60, 21360.144531
61.961, 60, 21360.587891
61.961, 60, 21361.033203
61.961, 60, 21361.478516
61.961, 60, 21361.923828
61.961, 60, 21362.369141
61.961, 60, 21362.814453
61.961, 60, 21363.259766
61.961, 60, 21363.703125
61.961, 60, 21364.148438
61.961, 60, 21364.593750
61.961, 60, 21365.039062
61.961, 60, 21365.484375
61.961, 60, 21365.929688
61.961, 60, 21366.375000
61.961, 60, 21366.818359
61.961, 60, 21367.263672
61.961, 60, 21367.708984
61.961, 60, 21368.154297
61.961, 60, 21368.599609
61.961, 60, 21369.044922
61.961, 60, 21369.490234
61.961, 60, 21369.933594
61.961, 60, 21370.378906
61.961, 60, 21370.824219
61.961, 60, 21371.269531
61.961, 60, 21371.714844
61.961, 60, 21372.160156
61.961, 60, 21372.605469
61.961, 60, 21373.048828
61.961, 60, 21373.494141
61.961, 60, 21373.939453
61.961, 60, 21374.384766
61.961, 60, 21374.830078
61.961, 60, 21375.275391
61.961, 60, 21375.720703
61.961, 60, 21376.164062
61.961, 60, 21376.609375
61.961, 60, 21377.054688
61.961, 60, 21377.500000
61.961, 60, 21377.945312
61.961, 60, 21378.390625
61.961, 60, 21378.835938
61.961, 60, 21379.279297
61.961, 60, 21379.724609
61.961, 60, 21380.169922
61.961, 60, 21380.615234
61.961, 60, 21381.060547
61.961, 60, 21381.505859
61.961, 60, 21381.951172
61.961, 60, 21382.394531
61.961, 60, 21382.839844
61.961, 60, 21383.285156
61.961, 60, 21383.730469
61.961, 60, 21384.175781
61.961, 60, 21384.621094
61.961, 60, 21385.066406
61.961, 60, 21385.509766
61.961, 60, 21385.955078
61.961, 60, 21386.400391
61.961, 60, 21386.845703
61.961, 60, 21387.291016
61.961, 60, 21387.736328
61.961, 60, 21388.179688
61.961, 60, 21388.625000
61.961, 60, 21389.070312
61.961, 60, 21389.515625
61.961, 60, 21389.960938
61.961, 60, 21390.406250
61.961, 60, 21390.851562
61.961, 60, 21391.294922
61.961, 60, 21391.740234
61.961, 60, 21392.185547
61.961, 60, 21392.630859
61.961, 60, 21393.076172
61.961, 60, 21393.521484
61.961, 60, 21393.966797
61.961, 60, 21394.410156
61.961, 60, 21394.855469
61.961, 60, 21395.300781
61.961, 60, 21395.746094
61.961, 60, 21396.191406
61.961, 60, 21396.636719
61.961, 60, 21397.082031
61.961, 60, 21397.525391
61.961, 60, 21397.970703
61.961, 60, 21398.416016
61.961, 60, 21398.861328
61.961, 60, 21399.306641
61.961, 60, 21399.751953
61.961, 60, 21400.197266
61.961, 60, 21400.640625
61.961, 60, 21401.085938
61.961, 60, 21401.531250
61.961, 60, 21401.976562
61.961, 60, 21402.421875
61.961, 60, 21402.867188
61.961, 60, 21403.312500
61.961, 60, 21403.755859
61.961, 60, 21404.201172
61.961, 60, 21404.646484
61.961, 60, 21405.091797
61.961, 60, 21405.537109
61.961, 60, 21405.982422
61.961, 60, 21406.427734
61.961, 60, 21406.871094
61.961, 60, 21407.316406
61.961, 60, 21407.761719
61.961, 60, 21408.207031
61.961, 60, 21408.652344
61.961, 60, 21409.097656
61.961, 60, 21409.542969
61.961, 60, 21409.986328
61.961, 60, 21410.431641
61.961, 60, 21410.876953
61.961, 60, 21411.322266
61.961, 60, 21411.767578
61.961, 60, 21412.212891
61.961, 60, 21412.658203
61.961, 60, 21413.101562
61.961, 60, 21413.546875
61.961, 60, 21413.992188
61.961, 60, 21414.437500
61.961, 60, 21414.882812
61.961, 60, 21415.328125
61.961, 60, 21415.773438
61.961, 60, 21416.216797
61.961, 60, 21416.662109
61.961, 60, 21417.107422
61.961, 60, 21417.552734
61.961, 60, 21417.998047
61.961, 60, 21418.443359
61.961, 60, 21418.888672
61.961, 60, 21419.332031
61.961, 60, 21419.777344
61.961, 60, 21420.222656
61.961, 60, 21420.667969
61.961, 60, 21421.113281
61.961, 60, 21421.558594
61.961, 60, 21422.003906
61.961, 60, 21422.447266
61.961, 60, 21422.892578
61.961, 60, 21423.337891
61.961, 60, 21423.783203
61.961, 60, 21424.228516
61.961, 60, 21424.673828
61.961, 60, 21425.119141
61.961, 60, 21425.562500
61.961, 60, 21426.007812
61.961, 60, 21426.453125
61.961, 60, 21426.898438
61.961, 60, 21427.343750
61.961, 60, 21427.789062
61.961, 60, 21428.234375
61.961, 60, 21428.677734
61.961, 60, 21429.123047
61.961, 60, 21429.568359
61.961, 60, 21430.013672
61.961, 60, 21430.458984
61.961, 60, 21430.904297
61.961, 60, 21431.349609
61.961, 60, 21431.792969
61.961, 60, 21432.238281
61.961, 60, 21432.683594
61.961, 60, 21433.128906
61.961, 60, 21433.574219
61.961, 60, 21434.019531
61.961, 60, 21434.462891
61.961, 60, 21434.908203
61.961, 60, 21435.353516
61.961, 60, 21435.798828
61.961, 60, 21436.244141
61.961, 60, 21436.689453
61.961, 60, 21437.134766
61.961, 60, 21437.578125
61.961, 60, 21438.023438
61.961, 60, 21438.468750
61.961, 60, 21438.914062
61.961, 60, 21439.359375
61.961, 60, 21439.804688
61.961, 60, 21440.250000
61.961, 60, 21440.693359
61.961, 60, 21441.138672
61.961, 60, 21441.583984
61.961, 60, 21442.029297
61.961, 60, 21442.474609
62.151, 60, 21442.919922
62.151, 60, 21443.365234
62.151, 60, 21443.808594
62.151, 60, 21444.253906
62.151, 60, 21444.699219
62.151, 60, 21445.144531
62.151, 60, 21445.589844
62.151, 60, 21446.035156
62.151, 60, 21446.480469
62.151, 60, 21446.923828
62.151, 60, 21447.369141
62.151, 60, 21447.814453
62.151, 60, 21448.259766
62.151, 60, 21448.705078
62.151, 60, 21449.150391
62.151, 60, 21449.595703
62.151, 60, 21450.039062
62.151, 60, 21450.484375
62.151, 60, 21450.929688
62.151, 60, 21451.375000
62.151, 60, 21451.820312
62.151, 60, 21452.265625
62.151, 60, 21452.710938
62.151, 60, 21453.154297
62.151, 60, 21453.599609
62.151, 60, 21454.044922
62.151, 60, 21454.490234
62.151, 60, 21454.935547
62.151, 60, 21455.380859
62.151, 60, 21455.826172
62.151, 60, 21456.269531
62.151, 60, 21456.714844
62.151, 60, 21457.160156
62.151, 60, 21457.605469
62.151, 60, 21458.050781
62.151, 60, 21458.496094
62.151, 60, 21458.941406
62.151, 60, 21459.384766
62.151, 60, 21459.830078
62.151, 60, 21460.275391
62.151, 60, 21460.720703
62.151, 60, 21461.166016
62.151, 60, 21461.611328
62.151, 60, 21462.056641
62.151, 60, 21462.500000
62.151, 60, 21462.945312
62.151, 60, 21463.390625
62.151, 60, 21463.835938
62.151, 60, 21464.281250
62.151, 60, 21464.726562
62.151, 60, 21465.171875
62.151, 60, 21465.615234
62.151, 60, 21466.060547
62.151, 60, 21466.505859
62.151, 60, 21466.951172
62.151, 60, 21467.396484
62.151, 60, 21467.841797
62.151, 60, 21468.287109
62.151, 60, 21468.730469
62.151, 60, 21469.175781
62.151, 60, 21469.621094
62.151, 60, 21470.066406
62.151, 60, 21470.511719
62.151, 60, 21470.957031
62.151, 60, 21471.402344
62.151, 60, 21471.845703
62.151, 60, 21472.291016
62.151, 60, 21472.736328
62.151, 60, 21473.181641
62.151, 60, 21473.626953
62.151, 60, 21474.072266
62.151, 60, 21474.517578
62.151, 60, 21474.960938
62.151, 60, 21475.406250
62.151, 60, 21475.851562
62.151, 60, 21476.296875
62.151, 60, 21476.742188
62.151, 60, 21477.187500
62.151, 60, 21477.632812
62.151, 60, 21478.076172
62.151, 60, 21478.521484
62.151, 60, 21478.966797
62.151, 60, 21479.412109
62.151, 60, 21479.857422
62.151, 60, 21480.302734
62.151, 60, 21480.746094
62.151, 60, 21481.191406
62.151, 60, 21481.636719
62.151, 60, 21482.082031
62.151, 60, 21482.527344
62.151, 60, 21482.972656
62.151, 60, 21483.417969
62.151, 60, 21483.861328
62.151, 60, 21484.306641
62.151, 60, 21484.751953
62.151, 60, 21485.197266
62.151, 60, 21485.642578
62.151, 60, 21486.087891
62.151, 60, 21486.533203
62.151, 60, 21486.976562
62.151, 60, 21487.421875
62.151, 60, 21487.867188
62.151, 60, 21488.312500
62.151, 60, 21488.757812
62.056, 60, 21489.203125
62.056, 60, 21489.648438
62.056, 60, 21490.091797
62.056, 60, 21490.537109
62.056, 60, 21490.982422
62.056, 60, 21491.427734
62.056, 60, 21491.873047
62.056, 60, 21492.318359
62.056, 60, 21492.763672
62.056, 60, 21493.207031
62.056, 60, 21493.652344
62.056, 60, 21494.097656
62.056, 60, 21494.542969
62.056, 60, 21494.988281
62.056, 60, 21495.433594
62.056, 60, 21495.878906
62.056, 60, 21496.322266
62.056, 60, 21496.767578
62.056, 60, 21497.212891
62.056, 60, 21497.658203
62.056, 60, 21498.103516
62.056, 60, 21498.548828
62.056, 60, 21498.994141
62.056, 60, 21499.437500
62.056, 60, 21499.882812
62.056, 60, 21500.328125
62.056, 60, 21500.773438
62.056, 60, 21501.218750
62.056, 60, 21501.664062
62.056, 60, 21502.109375
62.056, 60, 21502.552734
62.056, 60, 21502.998047
62.056, 60, 21503.443359
62.056, 60, 21503.888672
62.056, 60, 21504.333984
62.151, 60, 21504.779297
62.151, 60, 21505.224609
62.151, 60, 21505.667969
62.151, 60, 21506.113281
62.151, 60, 21506.558594
62.151, 60, 21507.003906
62.151, 60, 21507.449219
62.151, 60, 21507.894531
62.151, 60, 21508.339844
62.151, 60, 21508.783203
62.151, 60, 21509.228516
62.151, 60, 21509.673828
62.151, 60, 21510.119141
62.151, 60, 21510.564453
62.151, 60, 21511.009766
62.151, 60, 21511.455078
62.151, 60, 21511.898438
62.151, 60, 21512.343750
62.151, 60, 21512.789062
62.151, 60, 21513.234375
62.151, 60, 21513.679688
62.151, 60, 21514.125000
62.151, 60, 21514.570312
62.151, 60, 21515.013672
62.151, 60, 21515.458984
62.151, 60, 21515.904297
62.151, 60, 21516.349609
62.151, 60, 21516.794922
62.151, 60, 21517.240234
62.151, 60, 21517.685547
62.151, 60, 21518.128906
62.151, 60, 21518.574219
62.151, 60, 21519.019531
62.151, 60, 21519.464844
62.151, 60, 21519.910156
62.151, 60, 21520.355469
62.151, 60, 21520.800781
62.151, 60, 21521.244141
62.151, 60, 21521.689453
62.151, 60, 21522.134766
62.151, 60, 21522.580078
62.151, 60, 21523.025391
62.151, 60, 21523.470703
62.151, 60, 21523.916016
62.151, 60, 21524.359375
62.151, 60, 21524.804688
62.151, 60, 21525.250000
62.151, 60, 21525.695312
62.151, 60, 21526.140625
62.151, 60, 21526.585938
62.151, 60, 21527.029297
62.151, 60, 21527.474609
62.151, 60, 21527.919922
62.151, 60, 21528.365234
62.151, 60, 21528.810547
62.151, 60, 21529.255859
62.151, 60, 21529.701172
62.151, 60, 21530.144531
62.151, 60, 21530.589844
62.151, 60, 21531.035156
62.151, 60, 21531.480469
62.151, 60, 21531.925781
62.151, 60, 21532.371094
62.151, 60, 21532.816406
62.151, 60, 21533.259766
62.151, 60, 21533.705078
62.151, 60, 21534.150391
62.151, 60, 21534.595703
62.151, 60, 21535.041016
62.151, 60, 21535.486328
62.151, 60, 21535.931641
62.151, 60, 21536.375000
62.151, 60, 21536.820312
62.151, 60, 21537.265625
62.151, 60, 21537.710938
62.151, 60, 21538.156250
62.151, 60, 21538.601562
62.151, 60, 21539.046875
62.151, 60, 21539.490234
62.151, 60, 21539.935547
62.151, 60, 21540.380859
62.151, 60, 21540.826172
62.151, 60, 21541.271484
62.151, 60, 21541.716797
62.151, 60, 21542.162109
62.151, 60, 21542.605469
62.151, 60, 21543.050781
62.151, 60, 21543.496094
62.151, 60, 21543.941406
62.151, 60, 21544.386719
62.151, 60, 21544.832031
62.151, 60, 21545.277344
62.151, 60, 21545.720703
62.151, 60, 21546.166016
62.151, 60, 21546.611328
62.151, 60, 21547.056641
62.151, 60, 21547.501953
62.151, 60, 21547.947266
62.151, 60, 21548.392578
62.151, 60, 21548.835938
62.151, 60, 21549.281250
62.151, 60, 21549.726562
62.151, 60, 21550.171875
62.151, 60, 21550.617188
62.151, 60, 21551.062500
62.151, 60, 21551.507812
62.151, 60, 21551.951172
62.151, 60, 21552.396484
62.151, 60, 21552.841797
62.151, 60, 21553.287109
62.151, 60, 21553.732422
62.151, 60, 21554.177734
62.151, 60, 21554.623047
62.151, 60, 21555.066406
62.151, 60, 21555.511719
62.151, 60, 21555.957031
62.151, 60, 21556.402344
62.151, 60, 21556.847656
62.151, 60, 21557.292969
62.151, 60, 21557.738281
62.151, 60, 21558.181641
62.151, 60, 21558.626953
62.151, 60, 21559.072266
62.151, 60, 21559.517578
62.151, 60, 21559.962891
62.151, 60, 21560.408203
62.151, 60, 21560.853516
62.151, 60, 21561.296875
62.151, 60, 21561.742188
62.151, 60, 21562.187500
62.151, 60, 21562.632812
62.151, 60, 21563.078125
62.151, 60, 21563.523438
62.151, 60, 21563.968750
62.151, 60, 21564.412109
62.151, 60, 21564.857422
62.151, 60, 21565.302734
62.151, 60, 21565.748047
62.151, 60, 21566.193359
62.151, 60, 21566.638672
62.151, 60, 21567.083984
62.151, 60, 21567.527344
62.151, 60, 21567.972656
62.151, 60, 21568.417969
62.151, 60, 21568.863281
62.151, 60, 21569.308594
62.151, 60, 21569.753906
62.151, 60, 21570.199219
62.151, 60, 21570.642578
62.151, 60, 21571.087891
62.151, 60, 21571.533203
62.151, 60, 21571.978516
62.151, 60, 21572.423828
62.151, 60, 21572.869141
62.151, 60, 21573.312500
62.151, 60, 21573.757812
62.151, 60, 21574.203125
62.151, 60, 21574.648438
62.151, 60, 21575.093750
62.151, 60, 21575.539062
62.151, 60, 21575.984375
62.151, 60, 21576.427734
62.151, 60, 21576.873047
62.151, 60, 21577.318359
62.151, 60, 21577.763672
62.151, 60, 21578.208984
62.151, 60, 21578.654297
62.151, 60, 21579.099609
62.151, 60, 21579.542969
62.151, 60, 21579.988281
62.151, 60, 21580.433594
62.151, 60, 21580.878906
62.151, 60, 21581.324219
62.151, 60, 21581.769531
62.247, 60, 21582.214844
62.247, 60, 21582.658203
62.247, 60, 21583.103516
62.247, 60, 21583.548828
62.247, 60, 21583.994141
62.247, 60, 21584.439453
62.247, 60, 21584.884766
62.247, 60, 21585.330078
62.247, 60, 21585.773438
62.247, 60, 21586.218750
62.247, 60, 21586.664062
62.247, 60, 21587.109375
62.247, 60, 21587.554688
62.247, 60, 21588.000000
62.247, 60, 21588.445312
62.247, 60, 21588.888672
62.247, 60, 21589.333984
62.247, 60, 21589.779297
62.247, 60, 21590.224609
62.247, 60, 21590.669922
62.247, 60, 21591.115234
62.247, 60, 21591.560547
62.247, 60, 21592.003906
62.247, 60, 21592.449219
62.247, 60, 21592.894531
62.247, 60, 21593.339844
62.247, 60, 21593.785156
62.247, 60, 21594.230469
62.247, 60, 21594.675781
62.247, 60, 21595.119141
62.247, 60, 21595.564453
62.247, 60, 21596.009766
62.247, 60, 21596.455078
62.247, 60, 21596.900391
62.247, 60, 21597.345703
62.247, 60, 21597.791016
62.247, 60, 21598.234375
62.247, 60, 21598.679688
62.247, 60, 21599.125000
62.247, 60, 21599.570312
62.247, 60, 21600.015625
62.247, 60, 21600.460938
62.247, 60, 21600.906250
62.247, 60, 21601.349609
62.247, 60, 21601.794922
62.247, 60, 21602.240234
62.247, 60, 21602.685547
62.247, 60, 21603.130859
62.247, 60, 21603.576172
62.247, 60, 21604.021484
62.247, 60, 21604.464844
62.247, 60, 21604.910156
62.247, 60, 21605.355469
62.247, 60, 21605.800781
62.247, 60, 21606.246094
62.247, 60, 21606.691406
62.247, 60, 21607.136719
62.247, 60, 21607.580078
62.247, 60, 21608.025391
62.247, 60, 21608.470703
62.247, 60, 21608.916016
62.247, 60, 21609.361328
62.247, 60, 21609.806641
62.247, 60, 21610.251953
62.247, 60, 21610.695312
62.247, 60, 21611.140625
62.247, 60, 21611.585938
62.247, 60, 21612.031250
62.247, 60, 21612.476562
62.247, 60, 21612.921875
62.247, 60, 21613.367188
62.247, 60, 21613.810547
62.247, 60, 21614.255859
62.247, 60, 21614.701172
62.247, 60, 21615.146484
62.247, 60, 21615.591797
62.247, 60, 21616.037109
62.247, 60, 21616.482422
62.247, 60, 21616.925781
62.247, 60, 21617.371094
62.247, 60, 21617.816406
62.247, 60, 21618.261719
62.247, 60, 21618.707031
62.247, 60, 21619.152344
62.247, 60, 21619.595703
62.247, 60, 21620.041016
62.247, 60, 21620.486328
62.247, 60, 21620.931641
62.247, 60, 21621.376953
62.247, 60, 21621.822266
62.247, 60, 21622.267578
62.247, 60, 21622.710938
62.247, 60, 21623.156250
62.247, 60, 21623.601562
62.247, 60, 21624.046875
62.247, 60, 21624.492188
62.247, 60, 21624.937500
62.247, 60, 21625.382812
62.247, 60, 21625.826172
62.247, 60, 21626.271484
62.247, 60, 21626.716797
62.247, 60, 21627.162109
62.342, 60, 21627.607422
62.342, 60, 21628.052734
62.342, 60, 21628.498047
62.342, 60, 21628.941406
62.342, 60, 21629.386719
62.342, 60, 21629.832031
62.342, 60, 21630.277344
62.342, 60, 21630.722656
62.342, 60, 21631.167969
62.342, 60, 21631.613281
62.342, 60, 21632.056641
62.342, 60, 21632.501953
62.342, 60, 21632.947266
62.342, 60, 21633.392578
62.342, 60, 21633.837891
62.342, 60, 21634.283203
62.342, 60, 21634.728516
62.342, 60, 21635.171875
62.342, 60, 21635.617188
62.342, 60, 21636.062500
62.342, 60, 21636.507812
62.342, 60, 21636.953125
62.342, 60, 21637.398438
62.342, 60, 21637.843750
62.342, 60, 21638.287109
62.342, 60, 21638.732422
62.342, 60, 21639.177734
62.342, 60, 21639.623047
62.342, 60, 21640.068359
62.342, 60, 21640.513672
62.342, 60, 21640.958984
62.342, 60, 21641.402344
62.342, 60, 21641.847656
62.342, 60, 21642.292969
62.342, 60, 21642.738281
62.247, 60, 21643.183594
62.247, 60, 21643.628906
62.247, 60, 21644.074219
62.247, 60, 21644.517578
62.247, 60, 21644.962891
62.247, 60, 21645.408203
62.247, 60, 21645.853516
62.247, 60, 21646.298828
62.247, 60, 21646.744141
62.247, 60, 21647.189453
62.247, 60, 21647.632812
62.247, 60, 21648.078125
62.247, 60, 21648.523438
62.247, 60, 21648.968750
62.247, 60, 21649.414062
62.247, 60, 21649.859375
62.247, 60, 21650.304688
62.247, 60, 21650.748047
62.247, 60, 21651.193359
62.247, 60, 21651.638672
62.247, 60, 21652.083984
62.247, 60, 21652.529297
62.247, 60, 21652.974609
62.247, 60, 21653.419922
62.247, 60, 21653.863281
62.247, 60, 21654.308594
62.247, 60, 21654.753906
62.247, 60, 21655.199219
62.247, 60, 21655.644531
62.247, 60, 21656.089844
62.247, 60, 21656.535156
62.247, 60, 21656.978516
62.247, 60, 21657.423828
62.247, 60, 21657.869141
62.247, 60, 21658.314453
62.151, 60, 21658.759766
62.151, 60, 21659.205078
62.151, 60, 21659.650391
62.151, 60, 21660.093750
62.151, 60, 21660.539062
62.151, 60, 21660.984375
62.151, 60, 21661.429688
62.151, 60, 21661.875000
62.151, 60, 21662.320312
62.151, 60, 21662.765625
62.151, 60, 21663.208984
62.151, 60, 21663.654297
62.151, 60, 21664.099609
62.151, 60, 21664.544922
62.151, 60, 21664.990234
62.151, 60, 21665.435547
62.151, 60, 21665.878906
62.151, 60, 21666.324219
62.151, 60, 21666.769531
62.151, 60, 21667.214844
62.151, 60, 21667.660156
62.151, 60, 21668.105469
62.151, 60, 21668.550781
62.151, 60, 21668.994141
62.151, 60, 21669.439453
62.151, 60, 21669.884766
62.151, 60, 21670.330078
62.151, 60, 21670.775391
62.151, 60, 21671.220703
62.151, 60, 21671.666016
62.151, 60, 21672.109375
62.151, 60, 21672.554688
62.151, 60, 21673.000000
62.151, 60, 21673.445312
62.151, 60, 21673.890625
62.151, 60, 21674.335938
62.151, 60, 21674.781250
62.151, 60, 21675.224609
62.151, 60, 21675.669922
62.151, 60, 21676.115234
62.151, 60, 21676.560547
62.151, 60, 21677.005859
62.151, 60, 21677.451172
62.151, 60, 21677.896484
62.151, 60, 21678.339844
62.151, 60, 21678.785156
62.151, 60, 21679.230469
62.151, 60, 21679.675781
62.151, 60, 21680.121094
62.151, 60, 21680.566406
62.151, 60, 21681.011719
62.151, 60, 21681.455078
62.151, 60, 21681.900391
62.151, 60, 21682.345703
62.151, 60, 21682.791016
62.151, 60, 21683.236328
62.151, 60, 21683.681641
62.151, 60, 21684.126953
62.151, 60, 21684.570312
62.151, 60, 21685.015625
62.151, 60, 21685.460938
62.151, 60, 21685.906250
62.151, 60, 21686.351562
62.151, 60, 21686.796875
62.151, 60, 21687.242188
62.151, 60, 21687.685547
62.151, 60, 21688.130859
62.151, 60, 21688.576172
62.151, 60, 21689.021484
62.151, 60, 21689.466797
62.151, 60, 21689.912109
62.151, 60, 21690.357422
62.151, 60, 21690.800781
62.151, 60, 21691.246094
62.151, 60, 21691.691406
62.151, 60, 21692.136719
62.151, 60, 21692.582031
62.151, 60, 21693.027344
62.151, 60, 21693.472656
62.151, 60, 21693.916016
62.151, 60, 21694.361328
62.151, 60, 21694.806641
62.151, 60, 21695.251953
62.151, 60, 21695.697266
62.151, 60, 21696.142578
62.151, 60, 21696.587891
62.151, 60, 21697.031250
62.151, 60, 21697.476562
62.151, 60, 21697.921875
62.151, 60, 21698.367188
62.151, 60, 21698.812500
62.151, 60, 21699.257812
62.151, 60, 21699.703125
62.151, 60, 21700.146484
62.151, 60, 21700.591797
62.151, 60, 21701.037109
62.151, 60, 21701.482422
62.151, 60, 21701.927734
62.151, 60, 21702.373047
62.151, 60, 21702.818359
62.151, 60, 21703.261719
62.151, 60, 21703.707031
62.151, 60, 21704.152344
62.151, 60, 21704.597656
62.151, 60, 21705.042969
62.247, 60, 21705.488281
62.247, 60, 21705.933594
62.247, 60, 21706.376953
62.247, 60, 21706.822266
62.247, 60, 21707.267578
62.247, 60, 21707.712891
62.247, 60, 21708.158203
62.247, 60, 21708.603516
62.247, 60, 21709.048828
62.247, 60, 21709.492188
62.247, 60, 21709.937500
62.247, 60, 21710.382812
62.247, 60, 21710.828125
62.247, 60, 21711.273438
62.247, 60, 21711.718750
62.247, 60, 21712.162109
62.247, 60, 21712.607422
62.247, 60, 21713.052734
62.247, 60, 21713.498047
62.247, 60, 21713.943359
62.247, 60, 21714.388672
62.247, 60, 21714.833984
62.247, 60, 21715.277344
62.247, 60, 21715.722656
62.247, 60, 21716.167969
62.247, 60, 21716.613281
62.247, 60, 21717.058594
62.247, 60, 21717.503906
62.247, 60, 21717.949219
62.247, 60, 21718.392578
62.247, 60, 21718.837891
62.247, 60, 21719.283203
62.247, 60, 21719.728516
62.247, 60, 21720.173828
62.247, 60, 21720.619141
62.151, 60, 21721.064453
62.151, 60, 21721.507812
62.151, 60, 21721.953125
62.151, 60, 21722.398438
62.151, 60, 21722.843750
62.151, 60, 21723.289062
62.151, 60, 21723.734375
62.151, 60, 21724.179688
62.151, 60, 21724.623047
62.151, 60, 21725.068359
62.151, 60, 21725.513672
62.151, 60, 21725.958984
62.151, 60, 21726.404297
62.151, 60, 21726.849609
62.151, 60, 21727.294922
62.151, 60, 21727.738281
62.151, 60, 21728.183594
62.151, 60, 21728.628906
62.151, 60, 21729.074219
62.151, 60, 21729.519531
62.151, 60, 21729.964844
62.151, 60, 21730.410156
62.151, 60, 21730.853516
62.151, 60, 21731.298828
62.151, 60, 21731.744141
62.151, 60, 21732.189453
62.151, 60, 21732.634766
62.151, 60, 21733.080078
62.151, 60, 21733.525391
62.151, 60, 21733.968750
62.151, 60, 21734.414062
62.151, 60, 21734.859375
62.151, 60, 21735.304688
62.151, 60, 21735.750000
62.151, 60, 21736.195312
62.247, 60, 21736.640625
62.247, 60, 21737.083984
62.247, 60, 21737.529297
62.247, 60, 21737.974609
62.247, 60, 21738.419922
62.247, 60, 21738.865234
62.247, 60, 21739.310547
62.247, 60, 21739.755859
62.247, 60, 21740.199219
62.247, 60, 21740.644531
62.247, 60, 21741.089844
62.247, 60, 21741.535156
62.247, 60, 21741.980469
62.247, 60, 21742.425781
62.247, 60, 21742.871094
62.247, 60, 21743.314453
62.247, 60, 21743.759766
62.247, 60, 21744.205078
62.247, 60, 21744.650391
62.247, 60, 21745.095703
62.247, 60, 21745.541016
62.247, 60, 21745.986328
62.247, 60, 21746.429688
62.247, 60, 21746.875000
62.247, 60, 21747.320312
62.247, 60, 21747.765625
62.247, 60, 21748.210938
62.247, 60, 21748.656250
62.247, 60, 21749.101562
62.247, 60, 21749.544922
62.247, 60, 21749.990234
62.247, 60, 21750.435547
62.247, 60, 21750.880859
62.247, 60, 21751.326172
62.247, 60, 21751.771484
62.247, 60, 21752.216797
62.247, 60, 21752.660156
62.247, 60, 21753.105469
62.247, 60, 21753.550781
62.247, 60, 21753.996094
62.247, 60, 21754.441406
62.247, 60, 21754.886719
62.247, 60, 21755.332031
62.247, 60, 21755.775391
62.247, 60, 21756.220703
62.247, 60, 21756.666016
62.247, 60, 21757.111328
62.247, 60, 21757.556641
62.247, 60, 21758.001953
62.247, 60, 21758.445312
62.247, 60, 21758.890625
62.247, 60, 21759.335938
62.247, 60, 21759.781250
62.247, 60, 21760.226562
62.247, 60, 21760.671875
62.247, 60, 21761.117188
62.247, 60, 21761.560547
62.247, 60, 21762.005859
62.247, 60, 21762.451172
62.247, 60, 21762.896484
62.247, 60, 21763.341797
62.247, 60, 21763.787109
62.247, 60, 21764.232422
62.247, 60, 21764.675781
62.247, 60, 21765.121094
62.247, 60, 21765.566406
62.247, 60, 21766.011719
62.247, 60, 21766.457031
62.247, 60, 21766.902344
62.247, 60, 21767.347656
62.247, 60, 21767.791016
62.247, 60, 21768.236328
62.247, 60, 21768.681641
62.247, 60, 21769.126953
62.247, 60, 21769.572266
62.247, 60, 21770.017578
62.247, 60, 21770.462891
62.247, 60, 21770.906250
62.247, 60, 21771.351562
62.247, 60, 21771.796875
62.247, 60, 21772.242188
62.247, 60, 21772.687500
62.247, 60, 21773.132812
62.247, 60, 21773.578125
62.247, 60, 21774.021484
62.247, 60, 21774.466797
62.247, 60, 21774.912109
62.247, 60, 21775.357422
62.247, 60, 21775.802734
62.247, 60, 21776.248047
62.247, 60, 21776.693359
62.247, 60, 21777.136719
62.247, 60, 21777.582031
62.247, 60, 21778.027344
62.247, 60, 21778.472656
62.247, 60, 21778.917969
62.247, 60, 21779.363281
62.247, 60, 21779.808594
62.247, 60, 21780.251953
62.247, 60, 21780.697266
62.247, 60, 21781.142578
62.247, 60, 21781.587891
62.247, 60, 21782.033203
62.247, 60, 21782.478516
62.247, 60, 21782.923828
62.247, 60, 21783.367188
62.247, 60, 21783.812500
62.247, 60, 21784.257812
62.247, 60, 21784.703125
62.247, 60, 21785.148438
62.247, 60, 21785.593750
62.247, 60, 21786.039062
62.247, 60, 21786.482422
62.247, 60, 21786.927734
62.247, 60, 21787.373047
62.247, 60, 21787.818359
62.247, 60, 21788.263672
62.247, 60, 21788.708984
62.247, 60, 21789.154297
62.247, 60, 21789.597656
62.247, 60, 21790.042969
62.247, 60, 21790.488281
62.247, 60, 21790.933594
62.247, 60, 21791.378906
62.247, 60, 21791.824219
62.247, 60, 21792.269531
62.247, 60, 21792.712891
62.247, 60, 21793.158203
62.247, 60, 21793.603516
62.247, 60, 21794.048828
62.247, 60, 21794.494141
62.247, 60, 21794.939453
62.247, 60, 21795.384766
62.247, 60, 21795.828125
62.247, 60, 21796.273438
62.247, 60, 21796.718750
62.247, 60, 21797.164062
62.247, 60, 21797.609375
62.247, 60, 21798.054688
62.342, 60, 21798.500000
62.342, 60, 21798.943359
62.342, 60, 21799.388672
62.342, 60, 21799.833984
62.342, 60, 21800.279297
62.342, 60, 21800.724609
62.342, 60, 21801.169922
62.342, 60, 21801.615234
62.342, 60, 21802.058594
62.342, 60, 21802.503906
62.342, 60, 21802.949219
62.342, 60, 21803.394531
62.342, 60, 21803.839844
62.342, 60, 21804.285156
62.342, 60, 21804.728516
62.342, 60, 21805.173828
62.342, 60, 21805.619141
62.342, 60, 21806.064453
62.342, 60, 21806.509766
62.342, 60, 21806.955078
62.342, 60, 21807.400391
62.342, 60, 21807.843750
62.342, 60, 21808.289062
62.342, 60, 21808.734375
62.342, 60, 21809.179688
62.342, 60, 21809.625000
62.342, 60, 21810.070312
62.342, 60, 21810.515625
62.342, 60, 21810.958984
62.342, 60, 21811.404297
62.342, 60, 21811.849609
62.342, 60, 21812.294922
62.342, 60, 21812.740234
62.342, 60, 21813.185547
62.342, 60, 21813.630859
62.247, 60, 21814.074219
62.247, 60, 21814.519531
62.247, 60, 21814.964844
62.247, 60, 21815.410156
62.247, 60, 21815.855469
62.247, 60, 21816.300781
62.247, 60, 21816.746094
62.247, 60, 21817.189453
62.247, 60, 21817.634766
62.247, 60, 21818.080078
62.247, 60, 21818.525391
62.247, 60, 21818.970703
62.247, 60, 21819.416016
62.247, 60, 21819.861328
62.247, 60, 21820.304688
62.247, 60, 21820.750000
62.247, 60, 21821.195312
62.247, 60, 21821.640625
62.247, 60, 21822.085938
62.247, 60, 21822.531250
62.247, 60, 21822.976562
62.247, 60, 21823.419922
62.247, 60, 21823.865234
62.247, 60, 21824.310547
62.247, 60, 21824.755859
62.247, 60, 21825.201172
62.247, 60, 21825.646484
62.247, 60, 21826.091797
62.247, 60, 21826.535156
62.247, 60, 21826.980469
62.247, 60, 21827.425781
62.247, 60, 21827.871094
62.247, 60, 21828.316406
62.247, 60, 21828.761719
62.247, 60, 21829.207031
62.247, 60, 21829.650391
62.247, 60, 21830.095703
62.247, 60, 21830.541016
62.247, 60, 21830.986328
62.247, 60, 21831.431641
62.247, 60, 21831.876953
62.247, 60, 21832.322266
62.247, 60, 21832.765625
62.247, 60, 21833.210938
62.247, 60, 21833.656250
62.247, 60, 21834.101562
62.247, 60, 21834.546875
62.247, 60, 21834.992188
62.247, 60, 21835.437500
62.247, 60, 21835.880859
62.247, 60, 21836.326172
62.247, 60, 21836.771484
62.247, 60, 21837.216797
62.247, 60, 21837.662109
62.247, 60, 21838.107422
62.247, 60, 21838.552734
62.247, 60, 21838.996094
62.247, 60, 21839.441406
62.247, 60, 21839.886719
62.247, 60, 21840.332031
62.247, 60, 21840.777344
62.247, 60, 21841.222656
62.247, 60, 21841.667969
62.247, 60, 21842.111328
62.247, 60, 21842.556641
62.247, 60, 21843.001953
62.247, 60, 21843.447266
62.342, 60, 21843.892578
62.342, 60, 21844.337891
62.342, 60, 21844.783203
62.342, 60, 21845.226562
62.342, 60, 21845.671875
62.342, 60, 21846.117188
62.342, 60, 21846.562500
62.342, 60, 21847.007812
62.342, 60, 21847.453125
62.342, 60, 21847.898438
62.342, 60, 21848.341797
62.342, 60, 21848.787109
62.342, 60, 21849.232422
62.342, 60, 21849.677734
62.342, 60, 21850.123047
62.342, 60, 21850.568359
62.342, 60, 21851.011719
62.342, 60, 21851.457031
62.342, 60, 21851.902344
62.342, 60, 21852.347656
62.342, 60, 21852.792969
62.342, 60, 21853.238281
62.342, 60, 21853.683594
62.342, 60, 21854.126953
62.342, 60, 21854.572266
62.342, 60, 21855.017578
62.342, 60, 21855.462891
62.342, 60, 21855.908203
62.342, 60, 21856.353516
62.342, 60, 21856.798828
62.342, 60, 21857.242188
62.342, 60, 21857.687500
62.342, 60, 21858.132812
62.342, 60, 21858.578125
62.342, 60, 21859.023438
62.342, 60, 21859.468750
62.342, 60, 21859.914062
62.342, 60, 21860.357422
62.342, 60, 21860.802734
62.342, 60, 21861.248047
62.342, 60, 21861.693359
62.342, 60, 21862.138672
62.342, 60, 21862.583984
62.342, 60, 21863.029297
62.342, 60, 21863.472656
62.342, 60, 21863.917969
62.342, 60, 21864.363281
62.342, 60, 21864.808594
62.342, 60, 21865.253906
62.342, 60, 21865.699219
62.342, 60, 21866.144531
62.342, 60, 21866.587891
62.342, 60, 21867.033203
62.342, 60, 21867.478516
62.342, 60, 21867.923828
62.342, 60, 21868.369141
62.342, 60, 21868.814453
62.342, 60, 21869.259766
62.342, 60, 21869.703125
62.342, 60, 21870.148438
62.342, 60, 21870.593750
62.342, 60, 21871.039062
62.342, 60, 21871.484375
62.342, 60, 21871.929688
62.342, 60, 21872.375000
62.342, 60, 21872.818359
62.342, 60, 21873.263672
62.342, 60, 21873.708984
62.342, 60, 21874.154297
62.342, 60, 21874.599609
62.342, 60, 21875.044922
62.342, 60, 21875.490234
62.342, 60, 21875.933594
62.342, 60, 21876.378906
62.342, 60, 21876.824219
62.342, 60, 21877.269531
62.342, 60, 21877.714844
62.342, 60, 21878.160156
62.342, 60, 21878.605469
62.342, 60, 21879.048828
62.342, 60, 21879.494141
62.342, 60, 21879.939453
62.342, 60, 21880.384766
62.342, 60, 21880.830078
62.342, 60, 21881.275391
62.342, 60, 21881.720703
62.342, 60, 21882.164062
62.342, 60, 21882.609375
62.342, 60, 21883.054688
62.342, 60, 21883.500000
62.342, 60, 21883.945312
62.342, 60, 21884.390625
62.342, 60, 21884.835938
62.342, 60, 21885.279297
62.342, 60, 21885.724609
62.342, 60, 21886.169922
62.342, 60, 21886.615234
62.342, 60, 21887.060547
62.342, 60, 21887.505859
62.342, 60, 21887.951172
62.342, 60, 21888.394531
62.342, 60, 21888.839844
62.342, 60, 21889.285156
62.342, 60, 21889.730469
62.342, 60, 21890.175781
62.342, 60, 21890.621094
62.342, 60, 21891.066406
62.342, 60, 21891.509766
62.342, 60, 21891.955078
62.342, 60, 21892.400391
62.342, 60, 21892.845703
62.342, 60, 21893.291016
62.342, 60, 21893.736328
62.342, 60, 21894.181641
62.342, 60, 21894.625000
62.342, 60, 21895.070312
62.342, 60, 21895.515625
62.342, 60, 21895.960938
62.342, 60, 21896.406250
62.342, 60, 21896.851562
62.342, 60, 21897.296875
62.342, 60, 21897.740234
62.342, 60, 21898.185547
62.342, 60, 21898.630859
62.342, 60, 21899.076172
62.342, 60, 21899.521484
62.342, 60, 21899.966797
62.342, 60, 21900.410156
62.342, 60, 21900.855469
62.342, 60, 21901.300781
62.342, 60, 21901.746094
62.342, 60, 21902.191406
62.342, 60, 21902.636719
62.342, 60, 21903.082031
62.342, 60, 21903.525391
62.342, 60, 21903.970703
62.342, 60, 21904.416016
62.342, 60, 21904.861328
62.342, 60, 21905.306641
62.342, 60, 21905.751953
62.342, 60, 21906.197266
62.342, 60, 21906.640625
62.342, 60, 21907.085938
62.342, 60, 21907.531250
62.342, 60, 21907.976562
62.342, 60, 21908.421875
62.342, 60, 21908.867188
62.342, 60, 21909.312500
62.342, 60, 21909.755859
62.342, 60, 21910.201172
62.342, 60, 21910.646484
62.342, 60, 21911.091797
62.342, 60, 21911.537109
62.342, 60, 21911.982422
62.342, 60, 21912.427734
62.342, 60, 21912.871094
62.342, 60, 21913.316406
62.342, 60, 21913.761719
62.342, 60, 21914.207031
62.342, 60, 21914.652344
62.342, 60, 21915.097656
62.342, 60, 21915.542969
62.342, 60, 21915.986328
62.342, 60, 21916.431641
62.342, 60, 21916.876953
62.342, 60, 21917.322266
62.342, 60, 21917.767578
62.342, 60, 21918.212891
62.342, 60, 21918.658203
62.342, 60, 21919.101562
62.342, 60, 21919.546875
62.342, 60, 21919.992188
62.342, 60, 21920.437500
62.342, 60, 21920.882812
62.437, 60, 21921.328125
62.437, 60, 21921.773438
62.437, 60, 21922.216797
62.437, 60, 21922.662109
62.437, 60, 21923.107422
62.437, 60, 21923.552734
62.437, 60, 21923.998047
62.437, 60, 21924.443359
62.437, 60, 21924.888672
62.437, 60, 21925.332031
62.437, 60, 21925.777344
62.437, 60, 21926.222656
62.437, 60, 21926.667969
62.437, 60, 21927.113281
62.437, 60, 21927.558594
62.437, 60, 21928.003906
62.437, 60, 21928.447266
62.437, 60, 21928.892578
62.437, 60, 21929.337891
62.437, 60, 21929.783203
62.437, 60, 21930.228516
62.437, 60, 21930.673828
62.437, 60, 21931.119141
62.437, 60, 21931.562500
62.437, 60, 21932.007812
62.437, 60, 21932.453125
62.437, 60, 21932.898438
62.437, 60, 21933.343750
62.437, 60, 21933.789062
62.437, 60, 21934.234375
62.437, 60, 21934.677734
62.437, 60, 21935.123047
62.437, 60, 21935.568359
62.437, 60, 21936.013672
62.437, 60, 21936.458984
62.531, 60, 21936.904297
62.531, 60, 21937.349609
62.531, 60, 21937.792969
62.531, 60, 21938.238281
62.531, 60, 21938.683594
62.531, 60, 21939.128906
62.531, 60, 21939.574219
62.531, 60, 21940.019531
62.531, 60, 21940.464844
62.531, 60, 21940.908203
62.531, 60, 21941.353516
62.531, 60, 21941.798828
62.531, 60, 21942.244141
62.531, 60, 21942.689453
62.531, 60, 21943.134766
62.531, 60, 21943.580078
62.531, 60, 21944.023438
62.531, 60, 21944.468750
62.531, 60, 21944.914062
62.531, 60, 21945.359375
62.531, 60, 21945.804688
62.531, 60, 21946.250000
62.531, 60, 21946.693359
62.531, 60, 21947.138672
62.531, 60, 21947.583984
62.531, 60, 21948.029297
62.531, 60, 21948.474609
62.531, 60, 21948.919922
62.531, 60, 21949.365234
62.531, 60, 21949.808594
62.531, 60, 21950.253906
62.531, 60, 21950.699219
62.531, 60, 21951.144531
62.531, 60, 21951.589844
62.531, 60, 21952.035156
62.247, 60, 21952.480469
62.247, 60, 21952.923828
62.247, 60, 21953.369141
62.247, 60, 21953.814453
62.247, 60, 21954.259766
62.247, 60, 21954.705078
62.247, 60, 21955.150391
62.247, 60, 21955.595703
62.247, 60, 21956.039062
62.247, 60, 21956.484375
62.247, 60, 21956.929688
62.247, 60, 21957.375000
62.247, 60, 21957.820312
62.247, 60, 21958.265625
62.247, 60, 21958.710938
62.247, 60, 21959.154297
62.247, 60, 21959.599609
62.247, 60, 21960.044922
62.247, 60, 21960.490234
62.247, 60, 21960.935547
62.247, 60, 21961.380859
62.247, 60, 21961.826172
62.247, 60, 21962.269531
62.247, 60, 21962.714844
62.247, 60, 21963.160156
62.247, 60, 21963.605469
62.247, 60, 21964.050781
62.247, 60, 21964.496094
62.247, 60, 21964.941406
62.247, 60, 21965.384766
62.247, 60, 21965.830078
62.247, 60, 21966.275391
62.247, 60, 21966.720703
62.247, 60, 21967.166016
62.247, 60, 21967.611328
62.151, 60, 21968.056641
62.151, 60, 21968.500000
62.151, 60, 21968.945312
62.151, 60, 21969.390625
62.151, 60, 21969.835938
62.151, 60, 21970.281250
62.151, 60, 21970.726562
62.151, 60, 21971.171875
62.151, 60, 21971.615234
62.151, 60, 21972.060547
62.151, 60, 21972.505859
62.151, 60, 21972.951172
62.151, 60, 21973.396484
62.151, 60, 21973.841797
62.151, 60, 21974.287109
62.151, 60, 21974.730469
62.151, 60, 21975.175781
62.151, 60, 21975.621094
62.151, 60, 21976.066406
62.151, 60, 21976.511719
62.151, 60, 21976.957031
62.151, 60, 21977.402344
62.151, 60, 21977.845703
62.151, 60, 21978.291016
62.151, 60, 21978.736328
62.151, 60, 21979.181641
62.151, 60, 21979.626953
62.151, 60, 21980.072266
62.151, 60, 21980.517578
62.151, 60, 21980.960938
62.151, 60, 21981.406250
62.151, 60, 21981.851562
62.151, 60, 21982.296875
62.151, 60, 21982.742188
62.151, 60, 21983.187500
61.961, 60, 21983.632812
61.961, 60, 21984.076172
61.961, 60, 21984.521484
61.961, 60, 21984.966797
61.961, 60, 21985.412109
61.961, 60, 21985.857422
61.961, 60, 21986.302734
61.961, 60, 21986.748047
61.961, 60, 21987.191406
61.961, 60, 21987.636719
61.961, 60, 21988.082031
61.961, 60, 21988.527344
61.961, 60, 21988.972656
61.961, 60, 21989.417969
61.961, 60, 21989.863281
61.961, 60, 21990.306641
61.961, 60, 21990.751953
61.961, 60, 21991.197266
61.961, 60, 21991.642578
61.961, 60, 21992.087891
61.961, 60, 21992.533203
61.961, 60, 21992.976562
61.961, 60, 21993.421875
61.961, 60, 21993.867188
61.961, 60, 21994.312500
61.961, 60, 21994.757812
61.961, 60, 21995.203125
61.961, 60, 21995.648438
61.961, 60, 21996.091797
61.961, 60, 21996.537109
61.961, 60, 21996.982422
61.961, 60, 21997.427734
61.961, 60, 21997.873047
61.961, 60, 21998.318359
61.961, 60, 21998.763672
61.961, 60, 21999.207031
61.961, 60, 21999.652344
61.961, 60, 22000.097656
61.961, 60, 22000.542969
61.961, 60, 22000.988281
61.961, 60, 22001.433594
61.961, 60, 22001.878906
61.961, 60, 22002.322266
61.961, 60, 22002.767578
61.961, 60, 22003.212891
61.961, 60, 22003.658203
61.961, 60, 22004.103516
61.961, 60, 22004.548828
61.961, 60, 22004.994141
61.961, 60, 22005.437500
61.961, 60, 22005.882812
61.961, 60, 22006.328125
61.961, 60, 22006.773438
61.961, 60, 22007.218750
61.961, 60, 22007.664062
61.961, 60, 22008.109375
61.961, 60, 22008.552734
61.961, 60, 22008.998047
61.961, 60, 22009.443359
61.961, 60, 22009.888672
61.961, 60, 22010.333984
61.961, 60, 22010.779297
61.961, 60, 22011.224609
61.961, 60, 22011.667969
61.961, 60, 22012.113281
61.961, 60, 22012.558594
61.961, 60, 22013.003906
61.961, 60, 22013.449219
61.961, 60, 22013.894531
61.961, 60, 22014.339844
61.961, 60, 22014.783203
61.961, 60, 22015.228516
61.961, 60, 22015.673828
61.961, 60, 22016.119141
61.961, 60, 22016.564453
61.961, 60, 22017.009766
61.961, 60, 22017.455078
61.961, 60, 22017.898438
61.961, 60, 22018.343750
61.961, 60, 22018.789062
61.961, 60, 22019.234375
61.961, 60, 22019.679688
61.961, 60, 22020.125000
61.961, 60, 22020.570312
61.961, 60, 22021.013672
61.961, 60, 22021.458984
61.961, 60, 22021.904297
61.961, 60, 22022.349609
61.961, 60, 22022.794922
61.961, 60, 22023.240234
61.961, 60, 22023.685547
61.961, 60, 22024.128906
61.961, 60, 22024.574219
61.961, 60, 22025.019531
61.961, 60, 22025.464844
61.961, 60, 22025.910156
61.961, 60, 22026.355469
61.961, 60, 22026.800781
61.961, 60, 22027.244141
61.961, 60, 22027.689453
61.961, 60, 22028.134766
61.961, 60, 22028.580078
61.961, 60, 22029.025391
61.961, 60, 22029.470703
61.961, 60, 22029.916016
61.961, 60, 22030.359375
61.961, 60, 22030.804688
61.961, 60, 22031.250000
61.961, 60, 22031.695312
61.961, 60, 22032.140625
61.961, 60, 22032.585938
61.961, 60, 22033.031250
61.961, 60, 22033.474609
61.961, 60, 22033.919922
61.961, 60, 22034.365234
61.961, 60, 22034.810547
61.961, 60, 22035.255859
61.961, 60, 22035.701172
61.961, 60, 22036.146484
61.961, 60, 22036.589844
61.961, 60, 22037.035156
61.961, 60, 22037.480469
61.961, 60, 22037.925781
61.961, 60, 22038.371094
61.961, 60, 22038.816406
61.961, 60, 22039.259766
61.961, 60, 22039.705078
61.961, 60, 22040.150391
61.961, 60, 22040.595703
61.961, 60, 22041.041016
61.961, 60, 22041.486328
61.961, 60, 22041.931641
61.961, 60, 22042.375000
61.961, 60, 22042.820312
61.961, 60, 22043.265625
61.961, 60, 22043.710938
61.961, 60, 22044.156250
61.961, 60, 22044.601562
61.961, 60, 22045.046875
61.961, 60, 22045.490234
61.961, 60, 22045.935547
61.961, 60, 22046.380859
61.961, 60, 22046.826172
61.961, 60, 22047.271484
61.961, 60, 22047.716797
61.961, 60, 22048.162109
61.961, 60, 22048.605469
61.961, 60, 22049.050781
61.961, 60, 22049.496094
61.961, 60, 22049.941406
61.961, 60, 22050.386719
61.961, 60, 22050.832031
61.961, 60, 22051.277344
61.961, 60, 22051.720703
61.961, 60, 22052.166016
61.961, 60, 22052.611328
61.961, 60, 22053.056641
61.961, 60, 22053.501953
61.961, 60, 22053.947266
61.961, 60, 22054.392578
61.961, 60, 22054.835938
61.961, 60, 22055.281250
61.961, 60, 22055.726562
61.961, 60, 22056.171875
61.961, 60, 22056.617188
61.961, 60, 22057.062500
61.961, 60, 22057.507812
61.961, 60, 22057.951172
61.961, 60, 22058.396484
61.961, 60, 22058.841797
61.961, 60, 22059.287109
61.961, 60, 22059.732422
61.961, 60, 22060.177734
61.961, 60, 22060.623047
61.961, 60, 22061.066406
61.961, 60, 22061.511719
61.961, 60, 22061.957031
61.961, 60, 22062.402344
61.961, 60, 22062.847656
61.961, 60, 22063.292969
61.961, 60, 22063.738281
61.961, 60, 22064.181641
61.961, 60, 22064.626953
61.961, 60, 22065.072266
61.961, 60, 22065.517578
61.961, 60, 22065.962891
61.961, 60, 22066.408203
61.961, 60, 22066.853516
61.961, 60, 22067.296875
61.961, 60, 22067.742188
61.961, 60, 22068.187500
61.961, 60, 22068.632812
61.961, 60, 22069.078125
61.961, 60, 22069.523438
61.961, 60, 22069.968750
61.961, 60, 22070.412109
61.961, 60, 22070.857422
61.961, 60, 22071.302734
61.961, 60, 22071.748047
61.961, 60, 22072.193359
61.961, 60, 22072.638672
61.961, 60, 22073.083984
61.961, 60, 22073.527344
61.961, 60, 22073.972656
61.961, 60, 22074.417969
61.961, 60, 22074.863281
61.961, 60, 22075.308594
61.961, 60, 22075.753906
61.961, 60, 22076.199219
61.961, 60, 22076.642578
61.961, 60, 22077.087891
61.961, 60, 22077.533203
61.961, 60, 22077.978516
61.961, 60, 22078.423828
61.961, 60, 22078.869141
61.961, 60, 22079.314453
61.961, 60, 22079.757812
61.961, 60, 22080.203125
61.961, 60, 22080.648438
61.961, 60, 22081.093750
61.961, 60, 22081.539062
61.961, 60, 22081.984375
61.961, 60, 22082.429688
61.961, 60, 22082.873047
61.961, 60, 22083.318359
61.961, 60, 22083.763672
61.961, 60, 22084.208984
61.961, 60, 22084.654297
61.961, 60, 22085.099609
61.961, 60, 22085.542969
61.961, 60, 22085.988281
61.961, 60, 22086.433594
61.961, 60, 22086.878906
61.961, 60, 22087.324219
61.961, 60, 22087.769531
61.961, 60, 22088.214844
61.961, 60, 22088.658203
61.961, 60, 22089.103516
61.961, 60, 22089.548828
61.961, 60, 22089.994141
62.151, 60, 22090.439453
62.151, 60, 22090.884766
62.151, 60, 22091.330078
62.151, 60, 22091.773438
62.151, 60, 22092.218750
62.151, 60, 22092.664062
62.151, 60, 22093.109375
62.151, 60, 22093.554688
62.151, 60, 22094.000000
62.151, 60, 22094.445312
62.151, 60, 22094.888672
62.151, 60, 22095.333984
62.151, 60, 22095.779297
62.151, 60, 22096.224609
62.151, 60, 22096.669922
62.151, 60, 22097.115234
62.151, 60, 22097.560547
62.151, 60, 22098.003906
62.151, 60, 22098.449219
62.151, 60, 22098.894531
62.151, 60, 22099.339844
62.151, 60, 22099.785156
62.151, 60, 22100.230469
62.151, 60, 22100.675781
62.151, 60, 22101.119141
62.151, 60, 22101.564453
62.151, 60, 22102.009766
62.151, 60, 22102.455078
62.151, 60, 22102.900391
62.151, 60, 22103.345703
62.151, 60, 22103.791016
62.151, 60, 22104.234375
62.151, 60, 22104.679688
62.151, 60, 22105.125000
62.151, 60, 22105.570312
62.151, 60, 22106.015625
62.151, 60, 22106.460938
62.151, 60, 22106.906250
62.151, 60, 22107.349609
62.151, 60, 22107.794922
62.151, 60, 22108.240234
62.151, 60, 22108.685547
62.151, 60, 22109.130859
62.151, 60, 22109.576172
62.151, 60, 22110.021484
62.151, 60, 22110.464844
62.151, 60, 22110.910156
62.151, 60, 22111.355469
62.151, 60, 22111.800781
62.151, 60, 22112.246094
62.151, 60, 22112.691406
62.151, 60, 22113.136719
62.151, 60, 22113.580078
62.151, 60, 22114.025391
62.151, 60, 22114.470703
62.151, 60, 22114.916016
62.151, 60, 22115.361328
62.151, 60, 22115.806641
62.151, 60, 22116.251953
62.151, 60, 22116.695312
62.151, 60, 22117.140625
62.151, 60, 22117.585938
62.151, 60, 22118.031250
62.151, 60, 22118.476562
62.151, 60, 22118.921875
62.151, 60, 22119.367188
62.151, 60, 22119.810547
62.151, 60, 22120.255859
62.151, 60, 22120.701172
62.151, 60, 22121.146484
62.151, 60, 22121.591797
62.151, 60, 22122.037109
62.151, 60, 22122.482422
62.151, 60, 22122.925781
62.151, 60, 22123.371094
62.151, 60, 22123.816406
62.151, 60, 22124.261719
62.151, 60, 22124.707031
62.151, 60, 22125.152344
62.151, 60, 22125.597656
62.151, 60, 22126.041016
62.151, 60, 22126.486328
62.151, 60, 22126.931641
62.151, 60, 22127.376953
62.151, 60, 22127.822266
62.151, 60, 22128.267578
62.151, 60, 22128.712891
62.151, 60, 22129.156250
62.151, 60, 22129.601562
62.151, 60, 22130.046875
62.151, 60, 22130.492188
62.151, 60, 22130.937500
62.151, 60, 22131.382812
62.151, 60, 22131.826172
62.151, 60, 22132.271484
62.151, 60, 22132.716797
62.151, 60, 22133.162109
62.151, 60, 22133.607422
62.151, 60, 22134.052734
62.151, 60, 22134.498047
62.151, 60, 22134.941406
62.151, 60, 22135.386719
62.151, 60, 22135.832031
62.151, 60, 22136.277344
61.961, 60, 22136.722656
61.961, 60, 22137.167969
61.961, 60, 22137.613281
61.961, 60, 22138.056641
61.961, 60, 22138.501953
61.961, 60, 22138.947266
61.961, 60, 22139.392578
61.961, 60, 22139.837891
61.961, 60, 22140.283203
61.961, 60, 22140.728516
61.961, 60, 22141.171875
61.961, 60, 22141.617188
61.961, 60, 22142.062500
61.961, 60, 22142.507812
61.961, 60, 22142.953125
61.961, 60, 22143.398438
61.961, 60, 22143.843750
61.961, 60, 22144.287109
61.961, 60, 22144.732422
61.961, 60, 22145.177734
61.961, 60, 22145.623047
61.961, 60, 22146.068359
61.961, 60, 22146.513672
61.961, 60, 22146.958984
61.961, 60, 22147.402344
61.961, 60, 22147.847656
61.961, 60, 22148.292969
61.961, 60, 22148.738281
61.961, 60, 22149.183594
61.961, 60, 22149.628906
61.961, 60, 22150.074219
61.961, 60, 22150.517578
61.961, 60, 22150.962891
61.961, 60, 22151.408203
61.961, 60, 22151.853516
62.056, 60, 22152.298828
62.056, 60, 22152.744141
62.056, 60, 22153.189453
62.056, 60, 22153.632812
62.056, 60, 22154.078125
62.056, 60, 22154.523438
62.056, 60, 22154.968750
62.056, 60, 22155.414062
62.056, 60, 22155.859375
62.056, 60, 22156.304688
62.056, 60, 22156.748047
62.056, 60, 22157.193359
62.056, 60, 22157.638672
62.056, 60, 22158.083984
62.056, 60, 22158.529297
62.056, 60, 22158.974609
62.056, 60, 22159.419922
62.056, 60, 22159.863281
62.056, 60, 22160.308594
62.056, 60, 22160.753906
62.056, 60, 22161.199219
62.056, 60, 22161.644531
62.056, 60, 22162.089844
62.056, 60, 22162.535156
62.056, 60, 22162.978516
62.056, 60, 22163.423828
62.056, 60, 22163.869141
62.056, 60, 22164.314453
62.056, 60, 22164.759766
62.056, 60, 22165.205078
62.056, 60, 22165.650391
62.056, 60, 22166.093750
62.056, 60, 22166.539062
62.056, 60, 22166.984375
62.056, 60, 22167.429688
62.151, 60, 22167.875000
62.151, 60, 22168.320312
62.151, 60, 22168.765625
62.151, 60, 22169.208984
62.151, 60, 22169.654297
62.151, 60, 22170.099609
62.151, 60, 22170.544922
62.151, 60, 22170.990234
62.151, 60, 22171.435547
62.151, 60, 22171.880859
62.151, 60, 22172.324219
62.151, 60, 22172.769531
62.151, 60, 22173.214844
62.151, 60, 22173.660156
62.151, 60, 22174.105469
62.151, 60, 22174.550781
62.151, 60, 22174.996094
62.151, 60, 22175.439453
62.151, 60, 22175.884766
62.151, 60, 22176.330078
62.151, 60, 22176.775391
62.151, 60, 22177.220703
62.151, 60, 22177.666016
62.151, 60, 22178.109375
62.151, 60, 22178.554688
62.151, 60, 22179.000000
62.151, 60, 22179.445312
62.151, 60, 22179.890625
62.151, 60, 22180.335938
62.151, 60, 22180.781250
62.151, 60, 22181.224609
62.151, 60, 22181.669922
62.151, 60, 22182.115234
62.151, 60, 22182.560547
62.151, 60, 22183.005859
62.151, 60, 22183.451172
62.151, 60, 22183.896484
62.151, 60, 22184.339844
62.151, 60, 22184.785156
62.151, 60, 22185.230469
62.151, 60, 22185.675781
62.151, 60, 22186.121094
62.151, 60, 22186.566406
62.151, 60, 22187.011719
62.151, 60, 22187.455078
62.151, 60, 22187.900391
62.151, 60, 22188.345703
62.151, 60, 22188.791016
62.151, 60, 22189.236328
62.151, 60, 22189.681641
62.151, 60, 22190.126953
62.151, 60, 22190.570312
62.151, 60, 22191.015625
62.151, 60, 22191.460938
62.151, 60, 22191.906250
62.151, 60, 22192.351562
62.151, 60, 22192.796875
62.151, 60, 22193.242188
62.151, 60, 22193.685547
62.151, 60, 22194.130859
62.151, 60, 22194.576172
62.151, 60, 22195.021484
62.151, 60, 22195.466797
62.151, 60, 22195.912109
62.151, 60, 22196.357422
62.151, 60, 22196.800781
62.151, 60, 22197.246094
62.151, 60, 22197.691406
62.151, 60, 22198.136719
62.151, 60, 22198.582031
62.151, 60, 22199.027344
62.151, 60, 22199.472656
62.151, 60, 22199.916016
62.151, 60, 22200.361328
62.151, 60, 22200.806641
62.151, 60, 22201.251953
62.151, 60, 22201.697266
62.151, 60, 22202.142578
62.151, 60, 22202.587891
62.151, 60, 22203.031250
62.151, 60, 22203.476562
62.151, 60, 22203.921875
62.151, 60, 22204.367188
62.151, 60, 22204.812500
62.151, 60, 22205.257812
62.151, 60, 22205.703125
62.151, 60, 22206.146484
62.151, 60, 22206.591797
62.151, 60, 22207.037109
62.151, 60, 22207.482422
62.151, 60, 22207.927734
62.151, 60, 22208.373047
62.151, 60, 22208.818359
62.151, 60, 22209.261719
62.151, 60, 22209.707031
62.151, 60, 22210.152344
62.151, 60, 22210.597656
62.151, 60, 22211.042969
62.151, 60, 22211.488281
62.151, 60, 22211.933594
62.151, 60, 22212.376953
62.151, 60, 22212.822266
62.151, 60, 22213.267578
62.151, 60, 22213.712891
62.151, 60, 22214.158203
62.151, 60, 22214.603516
62.151, 60, 22215.048828
62.151, 60, 22215.492188
62.151, 60, 22215.937500
62.151, 60, 22216.382812
62.151, 60, 22216.828125
62.151, 60, 22217.273438
62.151, 60, 22217.718750
62.151, 60, 22218.164062
62.151, 60, 22218.607422
62.151, 60, 22219.052734
62.151, 60, 22219.498047
62.151, 60, 22219.943359
62.151, 60, 22220.388672
62.151, 60, 22220.833984
62.151, 60, 22221.279297
62.151, 60, 22221.722656
62.151, 60, 22222.167969
62.151, 60, 22222.613281
62.151, 60, 22223.058594
62.151, 60, 22223.503906
62.151, 60, 22223.949219
62.151, 60, 22224.392578
62.151, 60, 22224.837891
62.151, 60, 22225.283203
62.151, 60, 22225.728516
62.151, 60, 22226.173828
62.151, 60, 22226.619141
62.151, 60, 22227.064453
62.151, 60, 22227.507812
62.151, 60, 22227.953125
62.151, 60, 22228.398438
62.151, 60, 22228.843750
62.151, 60, 22229.289062
62.247, 60, 22229.734375
62.247, 60, 22230.179688
62.247, 60, 22230.623047
62.247, 60, 22231.068359
62.247, 60, 22231.513672
62.247, 60, 22231.958984
62.247, 60, 22232.404297
62.247, 60, 22232.849609
62.247, 60, 22233.294922
62.247, 60, 22233.738281
62.247, 60, 22234.183594
62.247, 60, 22234.628906
62.247, 60, 22235.074219
62.247, 60, 22235.519531
62.247, 60, 22235.964844
62.247, 60, 22236.410156
62.247, 60, 22236.853516
62.247, 60, 22237.298828
62.247, 60, 22237.744141
62.247, 60, 22238.189453
62.247, 60, 22238.634766
62.247, 60, 22239.080078
62.247, 60, 22239.525391
62.247, 60, 22239.968750
62.247, 60, 22240.414062
62.247, 60, 22240.859375
62.247, 60, 22241.304688
62.247, 60, 22241.750000
62.247, 60, 22242.195312
62.247, 60, 22242.640625
62.247, 60, 22243.083984
62.247, 60, 22243.529297
62.247, 60, 22243.974609
62.247, 60, 22244.419922
62.247, 60, 22244.865234
62.247, 60, 22245.310547
62.247, 60, 22245.755859
62.247, 60, 22246.199219
62.247, 60, 22246.644531
62.247, 60, 22247.089844
62.247, 60, 22247.535156
62.247, 60, 22247.980469
62.247, 60, 22248.425781
62.247, 60, 22248.871094
62.247, 60, 22249.314453
62.247, 60, 22249.759766
62.247, 60, 22250.205078
62.247, 60, 22250.650391
62.247, 60, 22251.095703
62.247, 60, 22251.541016
62.247, 60, 22251.986328
62.247, 60, 22252.429688
62.247, 60, 22252.875000
62.247, 60, 22253.320312
62.247, 60, 22253.765625
62.247, 60, 22254.210938
62.247, 60, 22254.656250
62.247, 60, 22255.101562
62.247, 60, 22255.544922
62.247, 60, 22255.990234
62.247, 60, 22256.435547
62.247, 60, 22256.880859
62.247, 60, 22257.326172
62.247, 60, 22257.771484
62.247, 60, 22258.216797
62.247, 60, 22258.660156
62.247, 60, 22259.105469
62.247, 60, 22259.550781
62.247, 60, 22259.996094
62.247, 60, 22260.441406
62.247, 60, 22260.886719
62.247, 60, 22261.332031
62.247, 60, 22261.775391
62.247, 60, 22262.220703
62.247, 60, 22262.666016
62.247, 60, 22263.111328
62.247, 60, 22263.556641
62.247, 60, 22264.001953
62.247, 60, 22264.447266
62.247, 60, 22264.890625
62.247, 60, 22265.335938
62.247, 60, 22265.781250
62.247, 60, 22266.226562
62.247, 60, 22266.671875
62.247, 60, 22267.117188
62.247, 60, 22267.562500
62.247, 60, 22268.005859
62.247, 60, 22268.451172
62.247, 60, 22268.896484
62.247, 60, 22269.341797
62.247, 60, 22269.787109
62.247, 60, 22270.232422
62.247, 60, 22270.675781
62.247, 60, 22271.121094
62.247, 60, 22271.566406
62.247, 60, 22272.011719
62.247, 60, 22272.457031
62.247, 60, 22272.902344
62.247, 60, 22273.347656
62.247, 60, 22273.791016
62.247, 60, 22274.236328
62.247, 60, 22274.681641
62.247, 60, 22275.126953
62.342, 60, 22275.572266
62.342, 60, 22276.017578
62.342, 60, 22276.462891
62.342, 60, 22276.906250
62.342, 60, 22277.351562
62.342, 60, 22277.796875
62.342, 60, 22278.242188
62.342, 60, 22278.687500
62.342, 60, 22279.132812
62.342, 60, 22279.578125
62.342, 60, 22280.021484
62.342, 60, 22280.466797
62.342, 60, 22280.912109
62.342, 60, 22281.357422
62.342, 60, 22281.802734
62.342, 60, 22282.248047
62.342, 60, 22282.693359
62.342, 60, 22283.136719
62.342, 60, 22283.582031
62.342, 60, 22284.027344
62.342, 60, 22284.472656
62.342, 60, 22284.917969
62.342, 60, 22285.363281
62.342, 60, 22285.808594
62.342, 60, 22286.251953
62.342, 60, 22286.697266
62.342, 60, 22287.142578
62.342, 60, 22287.587891
62.342, 60, 22288.033203
62.342, 60, 22288.478516
62.342, 60, 22288.923828
62.342, 60, 22289.367188
62.342, 60, 22289.812500
62.342, 60, 22290.257812
62.247, 60, 22290.703125
62.247, 60, 22291.148438
62.247, 60, 22291.593750
62.247, 60, 22292.039062
62.247, 60, 22292.482422
62.247, 60, 22292.927734
62.247, 60, 22293.373047
62.247, 60, 22293.818359
62.247, 60, 22294.263672
62.247, 60, 22294.708984
62.247, 60, 22295.154297
62.247, 60, 22295.597656
62.247, 60, 22296.042969
62.247, 60, 22296.488281
62.247, 60, 22296.933594
62.247, 60, 22297.378906
62.247, 60, 22297.824219
62.247, 60, 22298.269531
62.247, 60, 22298.712891
62.247, 60, 22299.158203
62.247, 60, 22299.603516
62.247, 60, 22300.048828
62.247, 60, 22300.494141
62.247, 60, 22300.939453
62.247, 60, 22301.384766
62.247, 60, 22301.828125
62.247, 60, 22302.273438
62.247, 60, 22302.718750
62.247, 60, 22303.164062
62.247, 60, 22303.609375
62.247, 60, 22304.054688
62.247, 60, 22304.500000
62.247, 60, 22304.943359
62.247, 60, 22305.388672
62.247, 60, 22305.833984
62.151, 60, 22306.279297
62.151, 60, 22306.724609
62.151, 60, 22307.169922
62.151, 60, 22307.615234
62.151, 60, 22308.058594
62.151, 60, 22308.503906
62.151, 60, 22308.949219
62.151, 60, 22309.394531
62.151, 60, 22309.839844
62.151, 60, 22310.285156
62.151, 60, 22310.730469
62.151, 60, 22311.173828
62.151, 60, 22311.619141
62.151, 60, 22312.064453
62.151, 60, 22312.509766
62.151, 60, 22312.955078
62.151, 60, 22313.400391
62.151, 60, 22313.845703
62.151, 60, 22314.289062
62.151, 60, 22314.734375
62.151, 60, 22315.179688
62.151, 60, 22315.625000
62.151, 60, 22316.070312
62.151, 60, 22316.515625
62.151, 60, 22316.958984
62.151, 60, 22317.404297
62.151, 60, 22317.849609
62.151, 60, 22318.294922
62.151, 60, 22318.740234
62.151, 60, 22319.185547
62.151, 60, 22319.630859
62.151, 60, 22320.074219
62.151, 60, 22320.519531
62.151, 60, 22320.964844
62.151, 60, 22321.410156
62.151, 60, 22321.855469
62.151, 60, 22322.300781
62.151, 60, 22322.746094
62.151, 60, 22323.189453
62.151, 60, 22323.634766
62.151, 60, 22324.080078
62.151, 60, 22324.525391
62.151, 60, 22324.970703
62.151, 60, 22325.416016
62.151, 60, 22325.861328
62.151, 60, 22326.304688
62.151, 60, 22326.750000
62.151, 60, 22327.195312
62.151, 60, 22327.640625
62.151, 60, 22328.085938
62.151, 60, 22328.531250
62.151, 60, 22328.976562
62.151, 60, 22329.419922
62.151, 60, 22329.865234
62.151, 60, 22330.310547
62.151, 60, 22330.755859
62.151, 60, 22331.201172
62.151, 60, 22331.646484
62.151, 60, 22332.091797
62.151, 60, 22332.535156
62.151, 60, 22332.980469
62.151, 60, 22333.425781
62.151, 60, 22333.871094
62.151, 60, 22334.316406
62.151, 60, 22334.761719
62.151, 60, 22335.207031
62.151, 60, 22335.650391
62.151, 60, 22336.095703
62.151, 60, 22336.541016
62.151, 60, 22336.986328
62.151, 60, 22337.431641
62.151, 60, 22337.876953
62.151, 60, 22338.322266
62.151, 60, 22338.765625
62.151, 60, 22339.210938
62.151, 60, 22339.656250
62.151, 60, 22340.101562
62.151, 60, 22340.546875
62.151, 60, 22340.992188
62.151, 60, 22341.437500
62.151, 60, 22341.880859
62.151, 60, 22342.326172
62.151, 60, 22342.771484
62.151, 60, 22343.216797
62.151, 60, 22343.662109
62.151, 60, 22344.107422
62.151, 60, 22344.552734
62.151, 60, 22344.996094
62.151, 60, 22345.441406
62.151, 60, 22345.886719
62.151, 60, 22346.332031
62.151, 60, 22346.777344
62.151, 60, 22347.222656
62.151, 60, 22347.667969
62.151, 60, 22348.111328
62.151, 60, 22348.556641
62.151, 60, 22349.001953
62.151, 60, 22349.447266
62.151, 60, 22349.892578
62.151, 60, 22350.337891
62.151, 60, 22350.783203
62.151, 60, 22351.226562
62.151, 60, 22351.671875
62.151, 60, 22352.117188
62.151, 60, 22352.562500
62.247, 60, 22353.007812
62.247, 60, 22353.453125
62.247, 60, 22353.898438
62.247, 60, 22354.341797
62.247, 60, 22354.787109
62.247, 60, 22355.232422
62.247, 60, 22355.677734
62.247, 60, 22356.123047
62.247, 60, 22356.568359
62.247, 60, 22357.013672
62.247, 60, 22357.457031
62.247, 60, 22357.902344
62.247, 60, 22358.347656
62.247, 60, 22358.792969
62.247, 60, 22359.238281
62.247, 60, 22359.683594
62.247, 60, 22360.128906
62.247, 60, 22360.572266
62.247, 60, 22361.017578
62.247, 60, 22361.462891
62.247, 60, 22361.908203
62.247, 60, 22362.353516
62.247, 60, 22362.798828
62.247, 60, 22363.242188
62.247, 60, 22363.687500
62.247, 60, 22364.132812
62.247, 60, 22364.578125
62.247, 60, 22365.023438
62.247, 60, 22365.468750
62.247, 60, 22365.914062
62.247, 60, 22366.357422
62.247, 60, 22366.802734
62.247, 60, 22367.248047
62.247, 60, 22367.693359
62.247, 60, 22368.138672
62.247, 60, 22368.583984
62.247, 60, 22369.029297
62.247, 60, 22369.472656
62.247, 60, 22369.917969
62.247, 60, 22370.363281
62.247, 60, 22370.808594
62.247, 60, 22371.253906
62.247, 60, 22371.699219
62.247, 60, 22372.144531
62.247, 60, 22372.587891
62.247, 60, 22373.033203
62.247, 60, 22373.478516
62.247, 60, 22373.923828
62.247, 60, 22374.369141
62.247, 60, 22374.814453
62.247, 60, 22375.259766
62.247, 60, 22375.703125
62.247, 60, 22376.148438
62.247, 60, 22376.593750
62.247, 60, 22377.039062
62.247, 60, 22377.484375
62.247, 60, 22377.929688
62.247, 60, 22378.375000
62.247, 60, 22378.818359
62.247, 60, 22379.263672
62.247, 60, 22379.708984
62.247, 60, 22380.154297
62.247, 60, 22380.599609
62.247, 60, 22381.044922
62.247, 60, 22381.490234
62.247, 60, 22381.933594
62.247, 60, 22382.378906
62.247, 60, 22382.824219
62.247, 60, 22383.269531
62.247, 60, 22383.714844
62.247, 60, 22384.160156
62.247, 60, 22384.605469
62.247, 60, 22385.048828
62.247, 60, 22385.494141
62.247, 60, 22385.939453
62.247, 60, 22386.384766
62.247, 60, 22386.830078
62.247, 60, 22387.275391
62.247, 60, 22387.720703
62.247, 60, 22388.164062
62.247, 60, 22388.609375
62.247, 60, 22389.054688
62.247, 60, 22389.500000
62.247, 60, 22389.945312
62.247, 60, 22390.390625
62.247, 60, 22390.835938
62.247, 60, 22391.279297
62.247, 60, 22391.724609
62.247, 60, 22392.169922
62.247, 60, 22392.615234
62.247, 60, 22393.060547
62.247, 60, 22393.505859
62.247, 60, 22393.951172
62.247, 60, 22394.394531
62.247, 60, 22394.839844
62.247, 60, 22395.285156
62.247, 60, 22395.730469
62.247, 60, 22396.175781
62.247, 60, 22396.621094
62.247, 60, 22397.066406
62.247, 60, 22397.509766
62.247, 60, 22397.955078
62.247, 60, 22398.400391
62.247, 60, 22398.845703
62.247, 60, 22399.291016
62.247, 60, 22399.736328
62.247, 60, 22400.181641
62.247, 60, 22400.625000
62.247, 60, 22401.070312
62.247, 60, 22401.515625
62.247, 60, 22401.960938
62.247, 60, 22402.406250
62.247, 60, 22402.851562
62.247, 60, 22403.296875
62.247, 60, 22403.740234
62.247, 60, 22404.185547
62.247, 60, 22404.630859
62.247, 60, 22405.076172
62.247, 60, 22405.521484
62.247, 60, 22405.966797
62.247, 60, 22406.412109
62.247, 60, 22406.855469
62.247, 60, 22407.300781
62.247, 60, 22407.746094
62.247, 60, 22408.191406
62.247, 60, 22408.636719
62.247, 60, 22409.082031
62.247, 60, 22409.525391
62.247, 60, 22409.970703
62.247, 60, 22410.416016
62.247, 60, 22410.861328
62.247, 60, 22411.306641
62.247, 60, 22411.751953
62.247, 60, 22412.197266
62.247, 60, 22412.640625
62.247, 60, 22413.085938
62.247, 60, 22413.531250
62.247, 60, 22413.976562
62.247, 60, 22414.421875
62.247, 60, 22414.867188
62.247, 60, 22415.312500
62.247, 60, 22415.755859
62.247, 60, 22416.201172
62.247, 60, 22416.646484
62.247, 60, 22417.091797
62.247, 60, 22417.537109
62.247, 60, 22417.982422
62.247, 60, 22418.427734
62.247, 60, 22418.871094
62.247, 60, 22419.316406
62.247, 60, 22419.761719
62.247, 60, 22420.207031
62.247, 60, 22420.652344
62.247, 60, 22421.097656
62.247, 60, 22421.542969
62.247, 60, 22421.986328
62.247, 60, 22422.431641
62.247, 60, 22422.876953
62.247, 60, 22423.322266
62.247, 60, 22423.767578
62.247, 60, 22424.212891
62.247, 60, 22424.658203
62.247, 60, 22425.101562
62.247, 60, 22425.546875
62.247, 60, 22425.992188
62.247, 60, 22426.437500
62.247, 60, 22426.882812
62.247, 60, 22427.328125
62.247, 60, 22427.773438
62.247, 60, 22428.216797
62.247, 60, 22428.662109
62.247, 60, 22429.107422
62.247, 60, 22429.552734
62.247, 60, 22429.998047
62.247, 60, 22430.443359
62.247, 60, 22430.888672
62.247, 60, 22431.332031
62.247, 60, 22431.777344
62.247, 60, 22432.222656
62.247, 60, 22432.667969
62.247, 60, 22433.113281
62.247, 60, 22433.558594
62.247, 60, 22434.003906
62.247, 60, 22434.447266
62.247, 60, 22434.892578
62.247, 60, 22435.337891
62.247, 60, 22435.783203
62.247, 60, 22436.228516
62.247, 60, 22436.673828
62.247, 60, 22437.119141
62.247, 60, 22437.562500
62.247, 60, 22438.007812
62.247, 60, 22438.453125
62.247, 60, 22438.898438
62.247, 60, 22439.343750
62.247, 60, 22439.789062
62.247, 60, 22440.234375
62.247, 60, 22440.677734
62.247, 60, 22441.123047
62.247, 60, 22441.568359
62.247, 60, 22442.013672
62.247, 60, 22442.458984
62.247, 60, 22442.904297
62.247, 60, 22443.349609
62.247, 60, 22443.792969
62.247, 60, 22444.238281
62.247, 60, 22444.683594
62.342, 60, 22445.128906
62.342, 60, 22445.574219
62.342, 60, 22446.019531
62.342, 60, 22446.464844
62.342, 60, 22446.908203
62.342, 60, 22447.353516
62.342, 60, 22447.798828
62.342, 60, 22448.244141
62.342, 60, 22448.689453
62.342, 60, 22449.134766
62.342, 60, 22449.580078
62.342, 60, 22450.023438
62.342, 60, 22450.468750
62.342, 60, 22450.914062
62.342, 60, 22451.359375
62.342, 60, 22451.804688
62.342, 60, 22452.250000
62.342, 60, 22452.695312
62.342, 60, 22453.138672
62.342, 60, 22453.583984
62.342, 60, 22454.029297
62.342, 60, 22454.474609
62.342, 60, 22454.919922
62.342, 60, 22455.365234
62.342, 60, 22455.808594
62.342, 60, 22456.253906
62.342, 60, 22456.699219
62.342, 60, 22457.144531
62.342, 60, 22457.589844
62.342, 60, 22458.035156
62.342, 60, 22458.480469
62.342, 60, 22458.923828
62.342, 60, 22459.369141
62.342, 60, 22459.814453
62.342, 60, 22460.259766
62.247, 60, 22460.705078
62.247, 60, 22461.150391
62.247, 60, 22461.595703
62.247, 60, 22462.039062
62.247, 60, 22462.484375
62.247, 60, 22462.929688
62.247, 60, 22463.375000
62.247, 60, 22463.820312
62.247, 60, 22464.265625
62.247, 60, 22464.710938
62.247, 60, 22465.154297
62.247, 60, 22465.599609
62.247, 60, 22466.044922
62.247, 60, 22466.490234
62.247, 60, 22466.935547
62.247, 60, 22467.380859
62.247, 60, 22467.826172
62.247, 60, 22468.269531
62.247, 60, 22468.714844
62.247, 60, 22469.160156
62.247, 60, 22469.605469
62.247, 60, 22470.050781
62.247, 60, 22470.496094
62.247, 60, 22470.941406
62.247, 60, 22471.384766
62.247, 60, 22471.830078
62.247, 60, 22472.275391
62.247, 60, 22472.720703
62.247, 60, 22473.166016
62.247, 60, 22473.611328
62.247, 60, 22474.056641
62.247, 60, 22474.500000
62.247, 60, 22474.945312
62.247, 60, 22475.390625
62.247, 60, 22475.835938
62.247, 60, 22476.281250
62.247, 60, 22476.726562
62.247, 60, 22477.171875
62.247, 60, 22477.615234
62.247, 60, 22478.060547
62.247, 60, 22478.505859
62.247, 60, 22478.951172
62.247, 60, 22479.396484
62.247, 60, 22479.841797
62.247, 60, 22480.287109
62.247, 60, 22480.730469
62.247, 60, 22481.175781
62.247, 60, 22481.621094
62.247, 60, 22482.066406
62.247, 60, 22482.511719
62.247, 60, 22482.957031
62.247, 60, 22483.402344
62.247, 60, 22483.845703
62.247, 60, 22484.291016
62.247, 60, 22484.736328
62.247, 60, 22485.181641
62.247, 60, 22485.626953
62.247, 60, 22486.072266
62.247, 60, 22486.517578
62.247, 60, 22486.960938
62.247, 60, 22487.406250
62.247, 60, 22487.851562
62.247, 60, 22488.296875
62.247, 60, 22488.742188
62.247, 60, 22489.187500
62.247, 60, 22489.632812
62.247, 60, 22490.076172
62.247, 60, 22490.521484
62.247, 60, 22490.966797
62.247, 60, 22491.412109
62.342, 60, 22491.857422
62.342, 60, 22492.302734
62.342, 60, 22492.748047
62.342, 60, 22493.191406
62.342, 60, 22493.636719
62.342, 60, 22494.082031
62.342, 60, 22494.527344
62.342, 60, 22494.972656
62.342, 60, 22495.417969
62.342, 60, 22495.863281
62.342, 60, 22496.306641
62.342, 60, 22496.751953
62.342, 60, 22497.197266
62.342, 60, 22497.642578
62.342, 60, 22498.087891
62.342, 60, 22498.533203
62.342, 60, 22498.978516
62.342, 60, 22499.421875
62.342, 60, 22499.867188
62.342, 60, 22500.312500
62.342, 60, 22500.757812
62.342, 60, 22501.203125
62.342, 60, 22501.648438
62.342, 60, 22502.091797
62.342, 60, 22502.537109
62.342, 60, 22502.982422
62.342, 60, 22503.427734
62.342, 60, 22503.873047
62.342, 60, 22504.318359
62.342, 60, 22504.763672
62.342, 60, 22505.207031
62.342, 60, 22505.652344
62.342, 60, 22506.097656
62.342, 60, 22506.542969
62.342, 60, 22506.988281
62.342, 60, 22507.433594
62.342, 60, 22507.878906
62.342, 60, 22508.322266
62.342, 60, 22508.767578
62.342, 60, 22509.212891
62.342, 60, 22509.658203
62.342, 60, 22510.103516
62.342, 60, 22510.548828
62.342, 60, 22510.994141
62.342, 60, 22511.437500
62.342, 60, 22511.882812
62.342, 60, 22512.328125
62.342, 60, 22512.773438
62.342, 60, 22513.218750
62.342, 60, 22513.664062
62.342, 60, 22514.109375
62.342, 60, 22514.552734
62.342, 60, 22514.998047
62.342, 60, 22515.443359
62.342, 60, 22515.888672
62.342, 60, 22516.333984
62.342, 60, 22516.779297
62.342, 60, 22517.224609
62.342, 60, 22517.667969
62.342, 60, 22518.113281
62.342, 60, 22518.558594
62.342, 60, 22519.003906
62.342, 60, 22519.449219
62.342, 60, 22519.894531
62.342, 60, 22520.339844
62.342, 60, 22520.783203
62.342, 60, 22521.228516
62.342, 60, 22521.673828
62.342, 60, 22522.119141
62.342, 60, 22522.564453
62.342, 60, 22523.009766
62.342, 60, 22523.455078
62.342, 60, 22523.898438
62.342, 60, 22524.343750
62.342, 60, 22524.789062
62.342, 60, 22525.234375
62.342, 60, 22525.679688
62.342, 60, 22526.125000
62.342, 60, 22526.570312
62.342, 60, 22527.013672
62.342, 60, 22527.458984
62.342, 60, 22527.904297
62.342, 60, 22528.349609
62.342, 60, 22528.794922
62.342, 60, 22529.240234
62.342, 60, 22529.685547
62.342, 60, 22530.128906
62.342, 60, 22530.574219
62.342, 60, 22531.019531
62.342, 60, 22531.464844
62.342, 60, 22531.910156
62.342, 60, 22532.355469
62.342, 60, 22532.800781
62.342, 60, 22533.244141
62.342, 60, 22533.689453
62.342, 60, 22534.134766
62.342, 60, 22534.580078
62.342, 60, 22535.025391
62.342, 60, 22535.470703
62.342, 60, 22535.916016
62.342, 60, 22536.359375
62.342, 60, 22536.804688
62.342, 60, 22537.250000
62.342, 60, 22537.695312
62.342, 60, 22538.140625
62.342, 60, 22538.585938
62.342, 60, 22539.031250
62.342, 60, 22539.474609
62.342, 60, 22539.919922
62.342, 60, 22540.365234
62.342, 60, 22540.810547
62.342, 60, 22541.255859
62.342, 60, 22541.701172
62.342, 60, 22542.146484
62.342, 60, 22542.589844
62.342, 60, 22543.035156
62.342, 60, 22543.480469
62.342, 60, 22543.925781
62.342, 60, 22544.371094
62.342, 60, 22544.816406
62.342, 60, 22545.261719
62.342, 60, 22545.705078
62.342, 60, 22546.150391
62.342, 60, 22546.595703
62.342, 60, 22547.041016
62.342, 60, 22547.486328
62.342, 60, 22547.931641
62.342, 60, 22548.375000
62.342, 60, 22548.820312
62.342, 60, 22549.265625
62.342, 60, 22549.710938
62.342, 60, 22550.156250
62.342, 60, 22550.601562
62.342, 60, 22551.046875
62.342, 60, 22551.490234
62.342, 60, 22551.935547
62.342, 60, 22552.380859
62.342, 60, 22552.826172
62.342, 60, 22553.271484
62.437, 60, 22553.716797
62.437, 60, 22554.162109
62.437, 60, 22554.605469
62.437, 60, 22555.050781
62.437, 60, 22555.496094
62.437, 60, 22555.941406
62.437, 60, 22556.386719
62.437, 60, 22556.832031
62.437, 60, 22557.277344
62.437, 60, 22557.720703
62.437, 60, 22558.166016
62.437, 60, 22558.611328
62.437, 60, 22559.056641
62.437, 60, 22559.501953
62.437, 60, 22559.947266
62.437, 60, 22560.392578
62.437, 60, 22560.835938
62.437, 60, 22561.281250
62.437, 60, 22561.726562
62.437, 60, 22562.171875
62.437, 60, 22562.617188
62.437, 60, 22563.062500
62.437, 60, 22563.507812
62.437, 60, 22563.951172
62.437, 60, 22564.396484
62.437, 60, 22564.841797
62.437, 60, 22565.287109
62.437, 60, 22565.732422
62.437, 60, 22566.177734
62.437, 60, 22566.623047
62.437, 60, 22567.066406
62.437, 60, 22567.511719
62.437, 60, 22567.957031
62.437, 60, 22568.402344
62.437, 60, 22568.847656
62.437, 60, 22569.292969
62.437, 60, 22569.738281
62.437, 60, 22570.181641
62.437, 60, 22570.626953
62.437, 60, 22571.072266
62.437, 60, 22571.517578
62.437, 60, 22571.962891
62.437, 60, 22572.408203
62.437, 60, 22572.853516
62.437, 60, 22573.296875
62.437, 60, 22573.742188
62.437, 60, 22574.187500
62.437, 60, 22574.632812
62.437, 60, 22575.078125
62.437, 60, 22575.523438
62.437, 60, 22575.968750
62.437, 60, 22576.412109
62.437, 60, 22576.857422
62.437, 60, 22577.302734
62.437, 60, 22577.748047
62.437, 60, 22578.193359
62.437, 60, 22578.638672
62.437, 60, 22579.083984
62.437, 60, 22579.527344
62.437, 60, 22579.972656
62.437, 60, 22580.417969
62.437, 60, 22580.863281
62.437, 60, 22581.308594
62.437, 60, 22581.753906
62.437, 60, 22582.199219
62.437, 60, 22582.642578
62.437, 60, 22583.087891
62.437, 60, 22583.533203
62.437, 60, 22583.978516
62.437, 60, 22584.423828
62.531, 60, 22584.869141
62.531, 60, 22585.314453
62.531, 60, 22585.757812
62.531, 60, 22586.203125
62.531, 60, 22586.648438
62.531, 60, 22587.093750
62.531, 60, 22587.539062
62.531, 60, 22587.984375
62.531, 60, 22588.429688
62.531, 60, 22588.873047
62.531, 60, 22589.318359
62.531, 60, 22589.763672
62.531, 60, 22590.208984
62.531, 60, 22590.654297
62.531, 60, 22591.099609
62.531, 60, 22591.544922
62.531, 60, 22591.988281
62.531, 60, 22592.433594
62.531, 60, 22592.878906
62.531, 60, 22593.324219
62.531, 60, 22593.769531
62.531, 60, 22594.214844
62.531, 60, 22594.658203
62.531, 60, 22595.103516
62.531, 60, 22595.548828
62.531, 60, 22595.994141
62.531, 60, 22596.439453
62.531, 60, 22596.884766
62.531, 60, 22597.330078
62.531, 60, 22597.773438
62.531, 60, 22598.218750
62.531, 60, 22598.664062
62.531, 60, 22599.109375
62.531, 60, 22599.554688
62.247, 60, 22600.000000
62.247, 60, 22600.445312
62.247, 60, 22600.888672
62.247, 60, 22601.333984
62.247, 60, 22601.779297
62.247, 60, 22602.224609
62.247, 60, 22602.669922
62.247, 60, 22603.115234
62.247, 60, 22603.560547
62.247, 60, 22604.003906
62.247, 60, 22604.449219
62.247, 60, 22604.894531
62.247, 60, 22605.339844
62.247, 60, 22605.785156
62.247, 60, 22606.230469
62.247, 60, 22606.675781
62.247, 60, 22607.119141
62.247, 60, 22607.564453
62.247, 60, 22608.009766
62.247, 60, 22608.455078
62.247, 60, 22608.900391
62.247, 60, 22609.345703
62.247, 60, 22609.791016
62.247, 60, 22610.234375
62.247, 60, 22610.679688
62.247, 60, 22611.125000
62.247, 60, 22611.570312
62.247, 60, 22612.015625
62.247, 60, 22612.460938
62.247, 60, 22612.906250
62.247, 60, 22613.349609
62.247, 60, 22613.794922
62.247, 60, 22614.240234
62.247, 60, 22614.685547
62.151, 60, 22615.130859
62.151, 60, 22615.576172
62.151, 60, 22616.021484
62.151, 60, 22616.464844
62.151, 60, 22616.910156
62.151, 60, 22617.355469
62.151, 60, 22617.800781
62.151, 60, 22618.246094
62.151, 60, 22618.691406
62.151, 60, 22619.136719
62.151, 60, 22619.580078
62.151, 60, 22620.025391
62.151, 60, 22620.470703
62.151, 60, 22620.916016
62.151, 60, 22621.361328
62.151, 60, 22621.806641
62.151, 60, 22622.251953
62.151, 60, 22622.695312
62.151, 60, 22623.140625
62.151, 60, 22623.585938
62.151, 60, 22624.031250
62.151, 60, 22624.476562
62.151, 60, 22624.921875
62.151, 60, 22625.367188
62.151, 60, 22625.810547
62.151, 60, 22626.255859
62.151, 60, 22626.701172
62.151, 60, 22627.146484
62.151, 60, 22627.591797
62.151, 60, 22628.037109
62.151, 60, 22628.482422
62.151, 60, 22628.925781
62.151, 60, 22629.371094
62.151, 60, 22629.816406
62.056, 60, 22630.261719
62.056, 60, 22630.707031
62.056, 60, 22631.152344
62.056, 60, 22631.597656
62.056, 60, 22632.041016
62.056, 60, 22632.486328
62.056, 60, 22632.931641
62.056, 60, 22633.376953
62.056, 60, 22633.822266
62.056, 60, 22634.267578
62.056, 60, 22634.712891
62.056, 60, 22635.156250
62.056, 60, 22635.601562
62.056, 60, 22636.046875
62.056, 60, 22636.492188
62.056, 60, 22636.937500
62.056, 60, 22637.382812
62.056, 60, 22637.828125
62.056, 60, 22638.271484
62.056, 60, 22638.716797
62.056, 60, 22639.162109
62.056, 60, 22639.607422
62.056, 60, 22640.052734
62.056, 60, 22640.498047
62.056, 60, 22640.941406
62.056, 60, 22641.386719
62.056, 60, 22641.832031
62.056, 60, 22642.277344
62.056, 60, 22642.722656
62.056, 60, 22643.167969
62.056, 60, 22643.613281
62.056, 60, 22644.056641
62.056, 60, 22644.501953
62.056, 60, 22644.947266
62.056, 60, 22645.392578
61.961, 60, 22645.837891
61.961, 60, 22646.283203
61.961, 60, 22646.728516
61.961, 60, 22647.171875
61.961, 60, 22647.617188
61.961, 60, 22648.062500
61.961, 60, 22648.507812
61.961, 60, 22648.953125
61.961, 60, 22649.398438
61.961, 60, 22649.843750
61.961, 60, 22650.287109
61.961, 60, 22650.732422
61.961, 60, 22651.177734
61.961, 60, 22651.623047
61.961, 60, 22652.068359
61.961, 60, 22652.513672
61.961, 60, 22652.958984
61.961, 60, 22653.402344
61.961, 60, 22653.847656
61.961, 60, 22654.292969
61.961, 60, 22654.738281
61.961, 60, 22655.183594
61.961, 60, 22655.628906
61.961, 60, 22656.074219
61.961, 60, 22656.517578
61.961, 60, 22656.962891
61.961, 60, 22657.408203
61.961, 60, 22657.853516
61.961, 60, 22658.298828
61.961, 60, 22658.744141
61.961, 60, 22659.189453
61.961, 60, 22659.632812
61.961, 60, 22660.078125
61.961, 60, 22660.523438
61.961, 60, 22660.968750
62.056, 60, 22661.414062
62.056, 60, 22661.859375
62.056, 60, 22662.304688
62.056, 60, 22662.748047
62.056, 60, 22663.193359
62.056, 60, 22663.638672
62.056, 60, 22664.083984
62.056, 60, 22664.529297
62.056, 60, 22664.974609
62.056, 60, 22665.419922
62.056, 60, 22665.863281
62.056, 60, 22666.308594
62.056, 60, 22666.753906
62.056, 60, 22667.199219
62.056, 60, 22667.644531
62.056, 60, 22668.089844
62.056, 60, 22668.535156
62.056, 60, 22668.978516
62.056, 60, 22669.423828
62.056, 60, 22669.869141
62.056, 60, 22670.314453
62.056, 60, 22670.759766
62.056, 60, 22671.205078
62.056, 60, 22671.650391
62.056, 60, 22672.093750
62.056, 60, 22672.539062
62.056, 60, 22672.984375
62.056, 60, 22673.429688
62.056, 60, 22673.875000
62.056, 60, 22674.320312
62.056, 60, 22674.765625
62.056, 60, 22675.208984
62.056, 60, 22675.654297
62.056, 60, 22676.099609
62.056, 60, 22676.544922
61.961, 60, 22676.990234
61.961, 60, 22677.435547
61.961, 60, 22677.880859
61.961, 60, 22678.324219
61.961, 60, 22678.769531
61.961, 60, 22679.214844
61.961, 60, 22679.660156
61.961, 60, 22680.105469
61.961, 60, 22680.550781
61.961, 60, 22680.996094
61.961, 60, 22681.439453
61.961, 60, 22681.884766
61.961, 60, 22682.330078
61.961, 60, 22682.775391
61.961, 60, 22683.220703
61.961, 60, 22683.666016
61.961, 60, 22684.111328
61.961, 60, 22684.554688
61.961, 60, 22685.000000
61.961, 60, 22685.445312
61.961, 60, 22685.890625
61.961, 60, 22686.335938
61.961, 60, 22686.781250
61.961, 60, 22687.224609
61.961, 60, 22687.669922
61.961, 60, 22688.115234
61.961, 60, 22688.560547
61.961, 60, 22689.005859
61.961, 60, 22689.451172
61.961, 60, 22689.896484
61.961, 60, 22690.339844
61.961, 60, 22690.785156
61.961, 60, 22691.230469
61.961, 60, 22691.675781
61.961, 60, 22692.121094
61.961, 60, 22692.566406
61.961, 60, 22693.011719
61.961, 60, 22693.455078
61.961, 60, 22693.900391
61.961, 60, 22694.345703
61.961, 60, 22694.791016
61.961, 60, 22695.236328
61.961, 60, 22695.681641
61.961, 60, 22696.126953
61.961, 60, 22696.570312
61.961, 60, 22697.015625
61.961, 60, 22697.460938
61.961, 60, 22697.906250
61.961, 60, 22698.351562
61.961, 60, 22698.796875
61.961, 60, 22699.242188
61.961, 60, 22699.685547
61.961, 60, 22700.130859
61.961, 60, 22700.576172
61.961, 60, 22701.021484
61.961, 60, 22701.466797
61.961, 60, 22701.912109
61.961, 60, 22702.357422
61.961, 60, 22702.800781
61.961, 60, 22703.246094
61.961, 60, 22703.691406
61.961, 60, 22704.136719
61.961, 60, 22704.582031
61.961, 60, 22705.027344
61.961, 60, 22705.472656
61.961, 60, 22705.916016
61.961, 60, 22706.361328
61.961, 60, 22706.806641
61.961, 60, 22707.251953
61.961, 60, 22707.697266
61.961, 60, 22708.142578
61.961, 60, 22708.587891
61.961, 60, 22709.031250
61.961, 60, 22709.476562
61.961, 60, 22709.921875
61.961, 60, 22710.367188
61.961, 60, 22710.812500
61.961, 60, 22711.257812
61.961, 60, 22711.703125
61.961, 60, 22712.146484
61.961, 60, 22712.591797
61.961, 60, 22713.037109
61.961, 60, 22713.482422
61.961, 60, 22713.927734
61.961, 60, 22714.373047
61.961, 60, 22714.818359
61.961, 60, 22715.261719
61.961, 60, 22715.707031
61.961, 60, 22716.152344
61.961, 60, 22716.597656
61.961, 60, 22717.042969
61.961, 60, 22717.488281
61.961, 60, 22717.933594
61.961, 60, 22718.376953
61.961, 60, 22718.822266
61.961, 60, 22719.267578
61.961, 60, 22719.712891
61.961, 60, 22720.158203
61.961, 60, 22720.603516
61.961, 60, 22721.048828
61.961, 60, 22721.492188
61.961, 60, 22721.937500
61.961, 60, 22722.382812
61.961, 60, 22722.828125
61.961, 60, 22723.273438
62.056, 60, 22723.718750
62.056, 60, 22724.164062
62.056, 60, 22724.607422
62.056, 60, 22725.052734
62.056, 60, 22725.498047
62.056, 60, 22725.943359
62.056, 60, 22726.388672
62.056, 60, 22726.833984
62.056, 60, 22727.279297
62.056, 60, 22727.722656
62.056, 60, 22728.167969
62.056, 60, 22728.613281
62.056, 60, 22729.058594
62.056, 60, 22729.503906
62.056, 60, 22729.949219
62.056, 60, 22730.394531
62.056, 60, 22730.837891
62.056, 60, 22731.283203
62.056, 60, 22731.728516
62.056, 60, 22732.173828
62.056, 60, 22732.619141
62.056, 60, 22733.064453
62.056, 60, 22733.507812
62.056, 60, 22733.953125
62.056, 60, 22734.398438
62.056, 60, 22734.843750
62.056, 60, 22735.289062
62.056, 60, 22735.734375
62.056, 60, 22736.179688
62.056, 60, 22736.623047
62.056, 60, 22737.068359
62.056, 60, 22737.513672
62.056, 60, 22737.958984
62.056, 60, 22738.404297
62.151, 60, 22738.849609
62.151, 60, 22739.294922
62.151, 60, 22739.738281
62.151, 60, 22740.183594
62.151, 60, 22740.628906
62.151, 60, 22741.074219
62.151, 60, 22741.519531
62.151, 60, 22741.964844
62.151, 60, 22742.410156
62.151, 60, 22742.853516
62.151, 60, 22743.298828
62.151, 60, 22743.744141
62.151, 60, 22744.189453
62.151, 60, 22744.634766
62.151, 60, 22745.080078
62.151, 60, 22745.525391
62.151, 60, 22745.968750
62.151, 60, 22746.414062
62.151, 60, 22746.859375
62.151, 60, 22747.304688
62.151, 60, 22747.750000
62.151, 60, 22748.195312
62.151, 60, 22748.640625
62.151, 60, 22749.083984
62.151, 60, 22749.529297
62.151, 60, 22749.974609
62.151, 60, 22750.419922
62.151, 60, 22750.865234
62.151, 60, 22751.310547
62.151, 60, 22751.755859
62.151, 60, 22752.199219
62.151, 60, 22752.644531
62.151, 60, 22753.089844
62.151, 60, 22753.535156
62.151, 60, 22753.980469
62.151, 60, 22754.425781
62.151, 60, 22754.871094
62.151, 60, 22755.314453
62.151, 60, 22755.759766
62.151, 60, 22756.205078
62.151, 60, 22756.650391
62.151, 60, 22757.095703
62.151, 60, 22757.541016
62.151, 60, 22757.986328
62.151, 60, 22758.429688
62.151, 60, 22758.875000
62.151, 60, 22759.320312
62.151, 60, 22759.765625
62.151, 60, 22760.210938
62.151, 60, 22760.656250
62.151, 60, 22761.101562
62.151, 60, 22761.544922
62.151, 60, 22761.990234
62.151, 60, 22762.435547
62.151, 60, 22762.880859
62.151, 60, 22763.326172
62.151, 60, 22763.771484
62.151, 60, 22764.216797
62.151, 60, 22764.660156
62.151, 60, 22765.105469
62.151, 60, 22765.550781
62.151, 60, 22765.996094
62.151, 60, 22766.441406
62.151, 60, 22766.886719
62.151, 60, 22767.332031
62.151, 60, 22767.775391
62.151, 60, 22768.220703
62.151, 60, 22768.666016
62.151, 60, 22769.111328
62.056, 60, 22769.556641
62.056, 60, 22770.001953
62.056, 60, 22770.447266
62.056, 60, 22770.890625
62.056, 60, 22771.335938
62.056, 60, 22771.781250
62.056, 60, 22772.226562
62.056, 60, 22772.671875
62.056, 60, 22773.117188
62.056, 60, 22773.562500
62.056, 60, 22774.005859
62.056, 60, 22774.451172
62.056, 60, 22774.896484
62.056, 60, 22775.341797
62.056, 60, 22775.787109
62.056, 60, 22776.232422
62.056, 60, 22776.677734
62.056, 60, 22777.121094
62.056, 60, 22777.566406
62.056, 60, 22778.011719
62.056, 60, 22778.457031
62.056, 60, 22778.902344
62.056, 60, 22779.347656
62.056, 60, 22779.791016
62.056, 60, 22780.236328
62.056, 60, 22780.681641
62.056, 60, 22781.126953
62.056, 60, 22781.572266
62.056, 60, 22782.017578
62.056, 60, 22782.462891
62.056, 60, 22782.906250
62.056, 60, 22783.351562
62.056, 60, 22783.796875
62.056, 60, 22784.242188
62.056, 60, 22784.687500
62.056, 60, 22785.132812
62.056, 60, 22785.578125
62.056, 60, 22786.021484
62.056, 60, 22786.466797
62.056, 60, 22786.912109
62.056, 60, 22787.357422
62.056, 60, 22787.802734
62.056, 60, 22788.248047
62.056, 60, 22788.693359
62.056, 60, 22789.136719
62.056, 60, 22789.582031
62.056, 60, 22790.027344
62.056, 60, 22790.472656
62.056, 60, 22790.917969
62.056, 60, 22791.363281
62.056, 60, 22791.808594
62.056, 60, 22792.251953
62.056, 60, 22792.697266
62.056, 60, 22793.142578
62.056, 60, 22793.587891
62.056, 60, 22794.033203
62.056, 60, 22794.478516
62.056, 60, 22794.923828
62.056, 60, 22795.367188
62.056, 60, 22795.812500
62.056, 60, 22796.257812
62.056, 60, 22796.703125
62.056, 60, 22797.148438
62.056, 60, 22797.593750
62.056, 60, 22798.039062
62.056, 60, 22798.482422
62.056, 60, 22798.927734
62.056, 60, 22799.373047
62.056, 60, 22799.818359
62.056, 60, 22800.263672
62.056, 60, 22800.708984
62.056, 60, 22801.154297
62.056, 60, 22801.597656
62.056, 60, 22802.042969
62.056, 60, 22802.488281
62.056, 60, 22802.933594
62.056, 60, 22803.378906
62.056, 60, 22803.824219
62.056, 60, 22804.269531
62.056, 60, 22804.712891
62.056, 60, 22805.158203
62.056, 60, 22805.603516
62.056, 60, 22806.048828
62.056, 60, 22806.494141
62.056, 60, 22806.939453
62.056, 60, 22807.384766
62.056, 60, 22807.828125
62.056, 60, 22808.273438
62.056, 60, 22808.718750
62.056, 60, 22809.164062
62.056, 60, 22809.609375
62.056, 60, 22810.054688
62.056, 60, 22810.500000
62.056, 60, 22810.943359
62.056, 60, 22811.388672
62.056, 60, 22811.833984
62.056, 60, 22812.279297
62.056, 60, 22812.724609
62.056, 60, 22813.169922
62.056, 60, 22813.615234
62.056, 60, 22814.058594
62.056, 60, 22814.503906
62.056, 60, 22814.949219
62.056, 60, 22815.394531
62.151, 60, 22815.839844
62.151, 60, 22816.285156
62.151, 60, 22816.730469
62.151, 60, 22817.173828
62.151, 60, 22817.619141
62.151, 60, 22818.064453
62.151, 60, 22818.509766
62.151, 60, 22818.955078
62.151, 60, 22819.400391
62.151, 60, 22819.845703
62.151, 60, 22820.289062
62.151, 60, 22820.734375
62.151, 60, 22821.179688
62.151, 60, 22821.625000
62.151, 60, 22822.070312
62.151, 60, 22822.515625
62.151, 60, 22822.960938
62.151, 60, 22823.404297
62.151, 60, 22823.849609
62.151, 60, 22824.294922
62.151, 60, 22824.740234
62.151, 60, 22825.185547
62.151, 60, 22825.630859
62.151, 60, 22826.076172
62.151, 60, 22826.519531
62.151, 60, 22826.964844
62.151, 60, 22827.410156
62.151, 60, 22827.855469
62.151, 60, 22828.300781
62.151, 60, 22828.746094
62.151, 60, 22829.189453
62.151, 60, 22829.634766
62.151, 60, 22830.080078
62.151, 60, 22830.525391
62.151, 60, 22830.970703
62.151, 60, 22831.416016
62.151, 60, 22831.861328
62.151, 60, 22832.304688
62.151, 60, 22832.750000
62.151, 60, 22833.195312
62.151, 60, 22833.640625
62.151, 60, 22834.085938
62.151, 60, 22834.531250
62.151, 60, 22834.976562
62.151, 60, 22835.419922
62.151, 60, 22835.865234
62.151, 60, 22836.310547
62.151, 60, 22836.755859
62.151, 60, 22837.201172
62.151, 60, 22837.646484
62.151, 60, 22838.091797
62.151, 60, 22838.535156
62.151, 60, 22838.980469
62.151, 60, 22839.425781
62.151, 60, 22839.871094
62.151, 60, 22840.316406
62.151, 60, 22840.761719
62.151, 60, 22841.207031
62.151, 60, 22841.650391
62.151, 60, 22842.095703
62.151, 60, 22842.541016
62.151, 60, 22842.986328
62.151, 60, 22843.431641
62.151, 60, 22843.876953
62.151, 60, 22844.322266
62.151, 60, 22844.765625
62.151, 60, 22845.210938
62.151, 60, 22845.656250
62.151, 60, 22846.101562
62.151, 60, 22846.546875
62.151, 60, 22846.992188
62.151, 60, 22847.437500
62.151, 60, 22847.880859
62.151, 60, 22848.326172
62.151, 60, 22848.771484
62.151, 60, 22849.216797
62.151, 60, 22849.662109
62.151, 60, 22850.107422
62.151, 60, 22850.552734
62.151, 60, 22850.996094
62.151, 60, 22851.441406
62.151, 60, 22851.886719
62.151, 60, 22852.332031
62.151, 60, 22852.777344
62.151, 60, 22853.222656
62.151, 60, 22853.667969
62.151, 60, 22854.111328
62.151, 60, 22854.556641
62.151, 60, 22855.001953
62.151, 60, 22855.447266
62.151, 60, 22855.892578
62.151, 60, 22856.337891
62.151, 60, 22856.783203
62.151, 60, 22857.226562
62.151, 60, 22857.671875
62.151, 60, 22858.117188
62.151, 60, 22858.562500
62.151, 60, 22859.007812
62.151, 60, 22859.453125
62.151, 60, 22859.898438
62.151, 60, 22860.341797
62.151, 60, 22860.787109
62.151, 60, 22861.232422
62.151, 60, 22861.677734
62.151, 60, 22862.123047
62.151, 60, 22862.568359
62.151, 60, 22863.013672
62.151, 60, 22863.457031
62.151, 60, 22863.902344
62.151, 60, 22864.347656
62.151, 60, 22864.792969
62.151, 60, 22865.238281
62.151, 60, 22865.683594
62.151, 60, 22866.128906
62.151, 60, 22866.572266
62.151, 60, 22867.017578
62.151, 60, 22867.462891
62.151, 60, 22867.908203
62.151, 60, 22868.353516
62.151, 60, 22868.798828
62.151, 60, 22869.244141
62.151, 60, 22869.687500
62.151, 60, 22870.132812
62.151, 60, 22870.578125
62.151, 60, 22871.023438
62.151, 60, 22871.468750
62.151, 60, 22871.914062
62.151, 60, 22872.359375
62.151, 60, 22872.802734
62.151, 60, 22873.248047
62.151, 60, 22873.693359
62.151, 60, 22874.138672
62.151, 60, 22874.583984
62.151, 60, 22875.029297
62.151, 60, 22875.472656
62.151, 60, 22875.917969
62.151, 60, 22876.363281
62.151, 60, 22876.808594
62.151, 60, 22877.253906
62.151, 60, 22877.699219
62.151, 60, 22878.144531
62.151, 60, 22878.587891
62.151, 60, 22879.033203
62.151, 60, 22879.478516
62.151, 60, 22879.923828
62.151, 60, 22880.369141
62.151, 60, 22880.814453
62.151, 60, 22881.259766
62.151, 60, 22881.703125
62.151, 60, 22882.148438
62.151, 60, 22882.593750
62.151, 60, 22883.039062
62.151, 60, 22883.484375
62.151, 60, 22883.929688
62.151, 60, 22884.375000
62.151, 60, 22884.818359
62.151, 60, 22885.263672
62.151, 60, 22885.708984
62.151, 60, 22886.154297
62.151, 60, 22886.599609
62.151, 60, 22887.044922
62.151, 60, 22887.490234
62.151, 60, 22887.933594
62.151, 60, 22888.378906
62.151, 60, 22888.824219
62.151, 60, 22889.269531
62.151, 60, 22889.714844
62.151, 60, 22890.160156
62.151, 60, 22890.605469
62.151, 60, 22891.048828
62.151, 60, 22891.494141
62.151, 60, 22891.939453
62.247, 60, 22892.384766
62.247, 60, 22892.830078
62.247, 60, 22893.275391
62.247, 60, 22893.720703
62.247, 60, 22894.164062
62.247, 60, 22894.609375
62.247, 60, 22895.054688
62.247, 60, 22895.500000
62.247, 60, 22895.945312
62.247, 60, 22896.390625
62.247, 60, 22896.835938
62.247, 60, 22897.279297
62.247, 60, 22897.724609
62.247, 60, 22898.169922
62.247, 60, 22898.615234
62.247, 60, 22899.060547
62.247, 60, 22899.505859
62.247, 60, 22899.951172
62.247, 60, 22900.394531
62.247, 60, 22900.839844
62.247, 60, 22901.285156
62.247, 60, 22901.730469
62.247, 60, 22902.175781
62.247, 60, 22902.621094
62.247, 60, 22903.066406
62.247, 60, 22903.509766
62.247, 60, 22903.955078
62.247, 60, 22904.400391
62.247, 60, 22904.845703
62.247, 60, 22905.291016
62.247, 60, 22905.736328
62.247, 60, 22906.181641
62.247, 60, 22906.625000
62.247, 60, 22907.070312
62.247, 60, 22907.515625
62.247, 60, 22907.960938
62.247, 60, 22908.406250
62.247, 60, 22908.851562
62.247, 60, 22909.296875
62.247, 60, 22909.740234
62.247, 60, 22910.185547
62.247, 60, 22910.630859
62.247, 60, 22911.076172
62.247, 60, 22911.521484
62.247, 60, 22911.966797
62.247, 60, 22912.412109
62.247, 60, 22912.855469
62.247, 60, 22913.300781
62.247, 60, 22913.746094
62.247, 60, 22914.191406
62.247, 60, 22914.636719
62.247, 60, 22915.082031
62.247, 60, 22915.527344
62.247, 60, 22915.970703
62.247, 60, 22916.416016
62.247, 60, 22916.861328
62.247, 60, 22917.306641
62.247, 60, 22917.751953
62.247, 60, 22918.197266
62.247, 60, 22918.642578
62.247, 60, 22919.085938
62.247, 60, 22919.531250
62.247, 60, 22919.976562
62.247, 60, 22920.421875
62.247, 60, 22920.867188
62.247, 60, 22921.312500
62.247, 60, 22921.755859
62.247, 60, 22922.201172
62.247, 60, 22922.646484
62.247, 60, 22923.091797
62.342, 60, 22923.537109
62.342, 60, 22923.982422
62.342, 60, 22924.427734
62.342, 60, 22924.871094
62.342, 60, 22925.316406
62.342, 60, 22925.761719
62.342, 60, 22926.207031
62.342, 60, 22926.652344
62.342, 60, 22927.097656
62.342, 60, 22927.542969
62.342, 60, 22927.986328
62.342, 60, 22928.431641
62.342, 60, 22928.876953
62.342, 60, 22929.322266
62.342, 60, 22929.767578
62.342, 60, 22930.212891
62.342, 60, 22930.658203
62.342, 60, 22931.101562
62.342, 60, 22931.546875
62.342, 60, 22931.992188
62.342, 60, 22932.437500
62.342, 60, 22932.882812
62.342, 60, 22933.328125
62.342, 60, 22933.773438
62.342, 60, 22934.216797
62.342, 60, 22934.662109
62.342, 60, 22935.107422
62.342, 60, 22935.552734
62.342, 60, 22935.998047
62.342, 60, 22936.443359
62.342, 60, 22936.888672
62.342, 60, 22937.332031
62.342, 60, 22937.777344
62.342, 60, 22938.222656
62.342, 60, 22938.667969
62.247, 60, 22939.113281
62.247, 60, 22939.558594
62.247, 60, 22940.003906
62.247, 60, 22940.447266
62.247, 60, 22940.892578
62.247, 60, 22941.337891
62.247, 60, 22941.783203
62.247, 60, 22942.228516
62.247, 60, 22942.673828
62.247, 60, 22943.119141
62.247, 60, 22943.562500
62.247, 60, 22944.007812
62.247, 60, 22944.453125
62.247, 60, 22944.898438
62.247, 60, 22945.343750
62.247, 60, 22945.789062
62.247, 60, 22946.234375
62.247, 60, 22946.677734
62.247, 60, 22947.123047
62.247, 60, 22947.568359
62.247, 60, 22948.013672
62.247, 60, 22948.458984
62.247, 60, 22948.904297
62.247, 60, 22949.349609
62.247, 60, 22949.792969
62.247, 60, 22950.238281
62.247, 60, 22950.683594
62.247, 60, 22951.128906
62.247, 60, 22951.574219
62.247, 60, 22952.019531
62.247, 60, 22952.464844
62.247, 60, 22952.908203
62.247, 60, 22953.353516
62.247, 60, 22953.798828
62.247, 60, 22954.244141
62.151, 60, 22954.689453
62.151, 60, 22955.134766
62.151, 60, 22955.580078
62.151, 60, 22956.023438
62.151, 60, 22956.468750
62.151, 60, 22956.914062
62.151, 60, 22957.359375
62.151, 60, 22957.804688
62.151, 60, 22958.250000
62.151, 60, 22958.695312
62.151, 60, 22959.138672
62.151, 60, 22959.583984
62.151, 60, 22960.029297
62.151, 60, 22960.474609
62.151, 60, 22960.919922
62.151, 60, 22961.365234
62.151, 60, 22961.810547
62.151, 60, 22962.253906
62.151, 60, 22962.699219
62.151, 60, 22963.144531
62.151, 60, 22963.589844
62.151, 60, 22964.035156
62.151, 60, 22964.480469
62.151, 60, 22964.925781
62.151, 60, 22965.369141
62.151, 60, 22965.814453
62.151, 60, 22966.259766
62.151, 60, 22966.705078
62.151, 60, 22967.150391
62.151, 60, 22967.595703
62.151, 60, 22968.039062
62.151, 60, 22968.484375
62.151, 60, 22968.929688
62.151, 60, 22969.375000
62.151, 60, 22969.820312
62.151, 60, 22970.265625
62.151, 60, 22970.710938
62.151, 60, 22971.154297
62.151, 60, 22971.599609
62.151, 60, 22972.044922
62.151, 60, 22972.490234
62.151, 60, 22972.935547
62.151, 60, 22973.380859
62.151, 60, 22973.826172
62.151, 60, 22974.269531
62.151, 60, 22974.714844
62.151, 60, 22975.160156
62.151, 60, 22975.605469
62.151, 60, 22976.050781
62.151, 60, 22976.496094
62.151, 60, 22976.941406
62.151, 60, 22977.384766
62.151, 60, 22977.830078
62.151, 60, 22978.275391
62.151, 60, 22978.720703
62.151, 60, 22979.166016
62.151, 60, 22979.611328
62.151, 60, 22980.056641
62.151, 60, 22980.500000
62.151, 60, 22980.945312
62.151, 60, 22981.390625
62.151, 60, 22981.835938
62.151, 60, 22982.281250
62.151, 60, 22982.726562
62.151, 60, 22983.171875
62.151, 60, 22983.615234
62.151, 60, 22984.060547
62.151, 60, 22984.505859
62.151, 60, 22984.951172
62.151, 60, 22985.396484
62.151, 60, 22985.841797
62.151, 60, 22986.287109
62.151, 60, 22986.730469
62.151, 60, 22987.175781
62.151, 60, 22987.621094
62.151, 60, 22988.066406
62.151, 60, 22988.511719
62.151, 60, 22988.957031
62.151, 60, 22989.402344
62.151, 60, 22989.845703
62.151, 60, 22990.291016
62.151, 60, 22990.736328
62.151, 60, 22991.181641
62.151, 60, 22991.626953
62.151, 60, 22992.072266
62.151, 60, 22992.517578
62.151, 60, 22992.960938
62.151, 60, 22993.406250
62.151, 60, 22993.851562
62.151, 60, 22994.296875
62.151, 60, 22994.742188
62.151, 60, 22995.187500
62.151, 60, 22995.632812
62.151, 60, 22996.076172
62.151, 60, 22996.521484
62.151, 60, 22996.966797
62.151, 60, 22997.412109
62.151, 60, 22997.857422
62.151, 60, 22998.302734
62.151, 60, 22998.748047
62.151, 60, 22999.191406
62.151, 60, 22999.636719
62.151, 60, 23000.082031
62.151, 60, 23000.527344
62.151, 60, 23000.972656
62.247, 60, 23001.417969
62.247, 60, 23001.863281
62.247, 60, 23002.306641
62.247, 60, 23002.751953
62.247, 60, 23003.197266
62.247, 60, 23003.642578
62.247, 60, 23004.087891
62.247, 60, 23004.533203
62.247, 60, 23004.978516
62.247, 60, 23005.421875
62.247, 60, 23005.867188
62.247, 60, 23006.312500
62.247, 60, 23006.757812
62.247, 60, 23007.203125
62.247, 60, 23007.648438
62.247, 60, 23008.093750
62.247, 60, 23008.537109
62.247, 60, 23008.982422
62.247, 60, 23009.427734
62.247, 60, 23009.873047
62.247, 60, 23010.318359
62.247, 60, 23010.763672
62.247, 60, 23011.208984
62.247, 60, 23011.652344
62.247, 60, 23012.097656
62.247, 60, 23012.542969
62.247, 60, 23012.988281
62.247, 60, 23013.433594
62.247, 60, 23013.878906
62.247, 60, 23014.322266
62.247, 60, 23014.767578
62.247, 60, 23015.212891
62.247, 60, 23015.658203
62.247, 60, 23016.103516
62.247, 60, 23016.548828
62.247, 60, 23016.994141
62.247, 60, 23017.437500
62.247, 60, 23017.882812
62.247, 60, 23018.328125
62.247, 60, 23018.773438
62.247, 60, 23019.218750
62.247, 60, 23019.664062
62.247, 60, 23020.109375
62.247, 60, 23020.552734
62.247, 60, 23020.998047
62.247, 60, 23021.443359
62.247, 60, 23021.888672
62.247, 60, 23022.333984
62.247, 60, 23022.779297
62.247, 60, 23023.224609
62.247, 60, 23023.667969
62.247, 60, 23024.113281
62.247, 60, 23024.558594
62.247, 60, 23025.003906
62.247, 60, 23025.449219
62.247, 60, 23025.894531
62.247, 60, 23026.339844
62.247, 60, 23026.783203
62.247, 60, 23027.228516
62.247, 60, 23027.673828
62.247, 60, 23028.119141
62.247, 60, 23028.564453
62.247, 60, 23029.009766
62.247, 60, 23029.455078
62.247, 60, 23029.898438
62.247, 60, 23030.343750
62.247, 60, 23030.789062
62.247, 60, 23031.234375
62.247, 60, 23031.679688
62.247, 60, 23032.125000
62.247, 60, 23032.570312
62.247, 60, 23033.013672
62.247, 60, 23033.458984
62.247, 60, 23033.904297
62.247, 60, 23034.349609
62.247, 60, 23034.794922
62.247, 60, 23035.240234
62.247, 60, 23035.685547
62.247, 60, 23036.128906
62.247, 60, 23036.574219
62.247, 60, 23037.019531
62.247, 60, 23037.464844
62.247, 60, 23037.910156
62.247, 60, 23038.355469
62.247, 60, 23038.800781
62.247, 60, 23039.244141
62.247, 60, 23039.689453
62.247, 60, 23040.134766
62.247, 60, 23040.580078
62.247, 60, 23041.025391
62.247, 60, 23041.470703
62.247, 60, 23041.916016
62.247, 60, 23042.359375
62.247, 60, 23042.804688
62.247, 60, 23043.250000
62.247, 60, 23043.695312
62.247, 60, 23044.140625
62.247, 60, 23044.585938
62.247, 60, 23045.031250
62.247, 60, 23045.474609
62.247, 60, 23045.919922
62.247, 60, 23046.365234
62.247, 60, 23046.810547
62.247, 60, 23047.255859
62.247, 60, 23047.701172
62.247, 60, 23048.146484
62.247, 60, 23048.589844
62.247, 60, 23049.035156
62.247, 60, 23049.480469
62.247, 60, 23049.925781
62.247, 60, 23050.371094
62.247, 60, 23050.816406
62.247, 60, 23051.261719
62.247, 60, 23051.705078
62.247, 60, 23052.150391
62.247, 60, 23052.595703
62.247, 60, 23053.041016
62.247, 60, 23053.486328
62.247, 60, 23053.931641
62.247, 60, 23054.376953
62.247, 60, 23054.820312
62.247, 60, 23055.265625
62.247, 60, 23055.710938
62.247, 60, 23056.156250
62.247, 60, 23056.601562
62.247, 60, 23057.046875
62.247, 60, 23057.492188
62.247, 60, 23057.935547
62.247, 60, 23058.380859
62.247, 60, 23058.826172
62.247, 60, 23059.271484
62.247, 60, 23059.716797
62.247, 60, 23060.162109
62.247, 60, 23060.605469
62.247, 60, 23061.050781
62.247, 60, 23061.496094
62.247, 60, 23061.941406
62.247, 60, 23062.386719
62.247, 60, 23062.832031
62.247, 60, 23063.277344
62.247, 60, 23063.720703
62.247, 60, 23064.166016
62.247, 60, 23064.611328
62.247, 60, 23065.056641
62.247, 60, 23065.501953
62.247, 60, 23065.947266
62.247, 60, 23066.392578
62.247, 60, 23066.835938
62.247, 60, 23067.281250
62.247, 60, 23067.726562
62.247, 60, 23068.171875
62.247, 60, 23068.617188
62.247, 60, 23069.062500
62.247, 60, 23069.507812
62.247, 60, 23069.951172
62.247, 60, 23070.396484
62.247, 60, 23070.841797
62.247, 60, 23071.287109
62.247, 60, 23071.732422
62.247, 60, 23072.177734
62.247, 60, 23072.623047
62.247, 60, 23073.066406
62.247, 60, 23073.511719
62.247, 60, 23073.957031
62.247, 60, 23074.402344
62.247, 60, 23074.847656
62.247, 60, 23075.292969
62.247, 60, 23075.738281
62.247, 60, 23076.181641
62.247, 60, 23076.626953
62.247, 60, 23077.072266
62.247, 60, 23077.517578
62.247, 60, 23077.962891
62.247, 60, 23078.408203
62.247, 60, 23078.853516
62.247, 60, 23079.296875
62.247, 60, 23079.742188
62.247, 60, 23080.187500
62.247, 60, 23080.632812
62.247, 60, 23081.078125
62.247, 60, 23081.523438
62.247, 60, 23081.968750
62.247, 60, 23082.412109
62.247, 60, 23082.857422
62.247, 60, 23083.302734
62.247, 60, 23083.748047
62.247, 60, 23084.193359
62.247, 60, 23084.638672
62.247, 60, 23085.083984
62.247, 60, 23085.527344
62.247, 60, 23085.972656
62.247, 60, 23086.417969
62.247, 60, 23086.863281
62.247, 60, 23087.308594
62.247, 60, 23087.753906
62.247, 60, 23088.199219
62.247, 60, 23088.642578
62.247, 60, 23089.087891
62.247, 60, 23089.533203
62.247, 60, 23089.978516
62.247, 60, 23090.423828
62.247, 60, 23090.869141
62.247, 60, 23091.314453
62.247, 60, 23091.757812
62.247, 60, 23092.203125
62.247, 60, 23092.648438
62.247, 60, 23093.093750
62.247, 60, 23093.539062
62.342, 60, 23093.984375
62.342, 60, 23094.429688
62.342, 60, 23094.873047
62.342, 60, 23095.318359
62.342, 60, 23095.763672
62.342, 60, 23096.208984
62.342, 60, 23096.654297
62.342, 60, 23097.099609
62.342, 60, 23097.544922
62.342, 60, 23097.988281
62.342, 60, 23098.433594
62.342, 60, 23098.878906
62.342, 60, 23099.324219
62.342, 60, 23099.769531
62.342, 60, 23100.214844
62.342, 60, 23100.660156
62.342, 60, 23101.103516
62.342, 60, 23101.548828
62.342, 60, 23101.994141
62.342, 60, 23102.439453
62.342, 60, 23102.884766
62.342, 60, 23103.330078
62.342, 60, 23103.775391
62.342, 60, 23104.218750
62.342, 60, 23104.664062
62.342, 60, 23105.109375
62.342, 60, 23105.554688
62.342, 60, 23106.000000
62.342, 60, 23106.445312
62.342, 60, 23106.888672
62.342, 60, 23107.333984
62.342, 60, 23107.779297
62.342, 60, 23108.224609
62.342, 60, 23108.669922
62.247, 60, 23109.115234
62.247, 60, 23109.560547
62.247, 60, 23110.003906
62.247, 60, 23110.449219
62.247, 60, 23110.894531
62.247, 60, 23111.339844
62.247, 60, 23111.785156
62.247, 60, 23112.230469
62.247, 60, 23112.675781
62.247, 60, 23113.119141
62.247, 60, 23113.564453
62.247, 60, 23114.009766
62.247, 60, 23114.455078
62.247, 60, 23114.900391
62.247, 60, 23115.345703
62.247, 60, 23115.791016
62.247, 60, 23116.234375
62.247, 60, 23116.679688
62.247, 60, 23117.125000
62.247, 60, 23117.570312
62.247, 60, 23118.015625
62.247, 60, 23118.460938
62.247, 60, 23118.906250
62.247, 60, 23119.349609
62.247, 60, 23119.794922
62.247, 60, 23120.240234
62.247, 60, 23120.685547
62.247, 60, 23121.130859
62.247, 60, 23121.576172
62.247, 60, 23122.021484
62.247, 60, 23122.464844
62.247, 60, 23122.910156
62.247, 60, 23123.355469
62.247, 60, 23123.800781
62.247, 60, 23124.246094
62.247, 60, 23124.691406
62.247, 60, 23125.136719
62.247, 60, 23125.580078
62.247, 60, 23126.025391
62.247, 60, 23126.470703
62.247, 60, 23126.916016
62.247, 60, 23127.361328
62.247, 60, 23127.806641
62.247, 60, 23128.251953
62.247, 60, 23128.695312
62.247, 60, 23129.140625
62.247, 60, 23129.585938
62.247, 60, 23130.031250
62.247, 60, 23130.476562
62.247, 60, 23130.921875
62.247, 60, 23131.367188
62.247, 60, 23131.810547
62.247, 60, 23132.255859
62.247, 60, 23132.701172
62.247, 60, 23133.146484
62.247, 60, 23133.591797
62.247, 60, 23134.037109
62.247, 60, 23134.482422
62.247, 60, 23134.925781
62.247, 60, 23135.371094
62.247, 60, 23135.816406
62.247, 60, 23136.261719
62.247, 60, 23136.707031
62.247, 60, 23137.152344
62.247, 60, 23137.597656
62.247, 60, 23138.041016
62.247, 60, 23138.486328
62.247, 60, 23138.931641
62.247, 60, 23139.376953
62.342, 60, 23139.822266
62.342, 60, 23140.267578
62.342, 60, 23140.712891
62.342, 60, 23141.156250
62.342, 60, 23141.601562
62.342, 60, 23142.046875
62.342, 60, 23142.492188
62.342, 60, 23142.937500
62.342, 60, 23143.382812
62.342, 60, 23143.828125
62.342, 60, 23144.271484
62.342, 60, 23144.716797
62.342, 60, 23145.162109
62.342, 60, 23145.607422
62.342, 60, 23146.052734
62.342, 60, 23146.498047
62.342, 60, 23146.943359
62.342, 60, 23147.386719
62.342, 60, 23147.832031
62.342, 60, 23148.277344
62.342, 60, 23148.722656
62.342, 60, 23149.167969
62.342, 60, 23149.613281
62.342, 60, 23150.058594
62.342, 60, 23150.501953
62.342, 60, 23150.947266
62.342, 60, 23151.392578
62.342, 60, 23151.837891
62.342, 60, 23152.283203
62.342, 60, 23152.728516
62.342, 60, 23153.171875
62.342, 60, 23153.617188
62.342, 60, 23154.062500
62.342, 60, 23154.507812
62.342, 60, 23154.953125
62.342, 60, 23155.398438
62.342, 60, 23155.843750
62.342, 60, 23156.287109
62.342, 60, 23156.732422
62.342, 60, 23157.177734
62.342, 60, 23157.623047
62.342, 60, 23158.068359
62.342, 60, 23158.513672
62.342, 60, 23158.958984
62.342, 60, 23159.402344
62.342, 60, 23159.847656
62.342, 60, 23160.292969
62.342, 60, 23160.738281
62.342, 60, 23161.183594
62.342, 60, 23161.628906
62.342, 60, 23162.074219
62.342, 60, 23162.517578
62.342, 60, 23162.962891
62.342, 60, 23163.408203
62.342, 60, 23163.853516
62.342, 60, 23164.298828
62.342, 60, 23164.744141
62.342, 60, 23165.189453
62.342, 60, 23165.632812
62.342, 60, 23166.078125
62.342, 60, 23166.523438
62.342, 60, 23166.968750
62.342, 60, 23167.414062
62.342, 60, 23167.859375
62.342, 60, 23168.304688
62.342, 60, 23168.748047
62.342, 60, 23169.193359
62.342, 60, 23169.638672
62.342, 60, 23170.083984
62.342, 60, 23170.529297
62.342, 60, 23170.974609
62.342, 60, 23171.419922
62.342, 60, 23171.863281
62.342, 60, 23172.308594
62.342, 60, 23172.753906
62.342, 60, 23173.199219
62.342, 60, 23173.644531
62.342, 60, 23174.089844
62.342, 60, 23174.535156
62.342, 60, 23174.978516
62.342, 60, 23175.423828
62.342, 60, 23175.869141
62.342, 60, 23176.314453
62.342, 60, 23176.759766
62.342, 60, 23177.205078
62.342, 60, 23177.650391
62.342, 60, 23178.093750
62.342, 60, 23178.539062
62.342, 60, 23178.984375
62.342, 60, 23179.429688
62.342, 60, 23179.875000
62.342, 60, 23180.320312
62.342, 60, 23180.765625
62.342, 60, 23181.208984
62.342, 60, 23181.654297
62.342, 60, 23182.099609
62.342, 60, 23182.544922
62.342, 60, 23182.990234
62.342, 60, 23183.435547
62.342, 60, 23183.880859
62.342, 60, 23184.324219
62.342, 60, 23184.769531
62.342, 60, 23185.214844
62.342, 60, 23185.660156
62.342, 60, 23186.105469
62.342, 60, 23186.550781
62.342, 60, 23186.996094
62.342, 60, 23187.439453
62.342, 60, 23187.884766
62.342, 60, 23188.330078
62.342, 60, 23188.775391
62.342, 60, 23189.220703
62.342, 60, 23189.666016
62.342, 60, 23190.111328
62.342, 60, 23190.554688
62.342, 60, 23191.000000
62.342, 60, 23191.445312
62.342, 60, 23191.890625
62.342, 60, 23192.335938
62.342, 60, 23192.781250
62.342, 60, 23193.226562
62.342, 60, 23193.669922
62.342, 60, 23194.115234
62.342, 60, 23194.560547
62.342, 60, 23195.005859
62.342, 60, 23195.451172
62.342, 60, 23195.896484
62.342, 60, 23196.341797
62.342, 60, 23196.785156
62.342, 60, 23197.230469
62.342, 60, 23197.675781
62.342, 60, 23198.121094
62.342, 60, 23198.566406
62.342, 60, 23199.011719
62.342, 60, 23199.455078
62.342, 60, 23199.900391
62.342, 60, 23200.345703
62.436, 60, 23200.791016
62.436, 60, 23201.236328
62.436, 60, 23201.681641
62.436, 60, 23202.126953
62.436, 60, 23202.570312
62.436, 60, 23203.015625
62.436, 60, 23203.460938
62.436, 60, 23203.906250
62.436, 60, 23204.351562
62.436, 60, 23204.796875
62.436, 60, 23205.242188
62.436, 60, 23205.685547
62.436, 60, 23206.130859
62.436, 60, 23206.576172
62.436, 60, 23207.021484
62.436, 60, 23207.466797
62.436, 60, 23207.912109
62.436, 60, 23208.357422
62.436, 60, 23208.800781
62.436, 60, 23209.246094
62.436, 60, 23209.691406
62.436, 60, 23210.136719
62.436, 60, 23210.582031
62.436, 60, 23211.027344
62.436, 60, 23211.472656
62.436, 60, 23211.916016
62.436, 60, 23212.361328
62.436, 60, 23212.806641
62.436, 60, 23213.251953
62.436, 60, 23213.697266
62.436, 60, 23214.142578
62.436, 60, 23214.587891
62.436, 60, 23215.031250
62.436, 60, 23215.476562
62.531, 60, 23215.921875
62.531, 60, 23216.367188
62.531, 60, 23216.812500
62.531, 60, 23217.257812
62.531, 60, 23217.703125
62.531, 60, 23218.146484
62.531, 60, 23218.591797
62.531, 60, 23219.037109
62.531, 60, 23219.482422
62.531, 60, 23219.927734
62.531, 60, 23220.373047
62.531, 60, 23220.818359
62.531, 60, 23221.261719
62.531, 60, 23221.707031
62.531, 60, 23222.152344
62.531, 60, 23222.597656
62.531, 60, 23223.042969
62.531, 60, 23223.488281
62.531, 60, 23223.933594
62.531, 60, 23224.376953
62.531, 60, 23224.822266
62.531, 60, 23225.267578
62.531, 60, 23225.712891
62.531, 60, 23226.158203
62.531, 60, 23226.603516
62.531, 60, 23227.048828
62.531, 60, 23227.492188
62.531, 60, 23227.937500
62.531, 60, 23228.382812
62.531, 60, 23228.828125
62.531, 60, 23229.273438
62.531, 60, 23229.718750
62.531, 60, 23230.164062
62.531, 60, 23230.607422
62.531, 60, 23231.052734
62.531, 60, 23231.498047
62.531, 60, 23231.943359
62.531, 60, 23232.388672
62.531, 60, 23232.833984
62.531, 60, 23233.279297
62.531, 60, 23233.722656
62.531, 60, 23234.167969
62.531, 60, 23234.613281
62.531, 60, 23235.058594
62.531, 60, 23235.503906
62.531, 60, 23235.949219
62.531, 60, 23236.394531
62.531, 60, 23236.837891
62.531, 60, 23237.283203
62.531, 60, 23237.728516
62.531, 60, 23238.173828
62.531, 60, 23238.619141
62.531, 60, 23239.064453
62.531, 60, 23239.509766
62.531, 60, 23239.953125
62.531, 60, 23240.398438
62.531, 60, 23240.843750
62.531, 60, 23241.289062
62.531, 60, 23241.734375
62.531, 60, 23242.179688
62.531, 60, 23242.625000
62.531, 60, 23243.068359
62.531, 60, 23243.513672
62.531, 60, 23243.958984
62.531, 60, 23244.404297
62.531, 60, 23244.849609
62.531, 60, 23245.294922
62.531, 60, 23245.738281
62.531, 60, 23246.183594
62.247, 60, 23246.628906
62.247, 60, 23247.074219
62.247, 60, 23247.519531
62.247, 60, 23247.964844
62.247, 60, 23248.410156
62.247, 60, 23248.853516
62.247, 60, 23249.298828
62.247, 60, 23249.744141
62.247, 60, 23250.189453
62.247, 60, 23250.634766
62.247, 60, 23251.080078
62.247, 60, 23251.525391
62.247, 60, 23251.968750
62.247, 60, 23252.414062
62.247, 60, 23252.859375
62.247, 60, 23253.304688
62.247, 60, 23253.750000
62.247, 60, 23254.195312
62.247, 60, 23254.640625
62.247, 60, 23255.083984
62.247, 60, 23255.529297
62.247, 60, 23255.974609
62.247, 60, 23256.419922
62.247, 60, 23256.865234
62.247, 60, 23257.310547
62.247, 60, 23257.755859
62.247, 60, 23258.199219
62.247, 60, 23258.644531
62.247, 60, 23259.089844
62.247, 60, 23259.535156
62.247, 60, 23259.980469
62.247, 60, 23260.425781
62.247, 60, 23260.871094
62.247, 60, 23261.314453
62.247, 60, 23261.759766
62.151, 60, 23262.205078
62.151, 60, 23262.650391
62.151, 60, 23263.095703
62.151, 60, 23263.541016
62.151, 60, 23263.986328
62.151, 60, 23264.429688
62.151, 60, 23264.875000
62.151, 60, 23265.320312
62.151, 60, 23265.765625
62.151, 60, 23266.210938
62.151, 60, 23266.656250
62.151, 60, 23267.101562
62.151, 60, 23267.544922
62.151, 60, 23267.990234
62.151, 60, 23268.435547
62.151, 60, 23268.880859
62.151, 60, 23269.326172
62.151, 60, 23269.771484
62.151, 60, 23270.216797
62.151, 60, 23270.660156
62.151, 60, 23271.105469
62.151, 60, 23271.550781
62.151, 60, 23271.996094
62.151, 60, 23272.441406
62.151, 60, 23272.886719
62.151, 60, 23273.332031
62.151, 60, 23273.775391
62.151, 60, 23274.220703
62.151, 60, 23274.666016
62.151, 60, 23275.111328
62.151, 60, 23275.556641
62.151, 60, 23276.001953
62.151, 60, 23276.447266
62.151, 60, 23276.890625
62.151, 60, 23277.335938
62.056, 60, 23277.781250
62.056, 60, 23278.226562
62.056, 60, 23278.671875
62.056, 60, 23279.117188
62.056, 60, 23279.562500
62.056, 60, 23280.005859
62.056, 60, 23280.451172
62.056, 60, 23280.896484
62.056, 60, 23281.341797
62.056, 60, 23281.787109
62.056, 60, 23282.232422
62.056, 60, 23282.677734
62.056, 60, 23283.121094
62.056, 60, 23283.566406
62.056, 60, 23284.011719
62.056, 60, 23284.457031
62.056, 60, 23284.902344
62.056, 60, 23285.347656
62.056, 60, 23285.792969
62.056, 60, 23286.236328
62.056, 60, 23286.681641
62.056, 60, 23287.126953
62.056, 60, 23287.572266
62.056, 60, 23288.017578
62.056, 60, 23288.462891
62.056, 60, 23288.908203
62.056, 60, 23289.351562
62.056, 60, 23289.796875
62.056, 60, 23290.242188
62.056, 60, 23290.687500
62.056, 60, 23291.132812
62.056, 60, 23291.578125
62.056, 60, 23292.021484
62.056, 60, 23292.466797
62.056, 60, 23292.912109
61.961, 60, 23293.357422
61.961, 60, 23293.802734
61.961, 60, 23294.248047
61.961, 60, 23294.693359
61.961, 60, 23295.136719
61.961, 60, 23295.582031
61.961, 60, 23296.027344
61.961, 60, 23296.472656
61.961, 60, 23296.917969
61.961, 60, 23297.363281
61.961, 60, 23297.808594
61.961, 60, 23298.251953
61.961, 60, 23298.697266
61.961, 60, 23299.142578
61.961, 60, 23299.587891
61.961, 60, 23300.033203
61.961, 60, 23300.478516
61.961, 60, 23300.923828
61.961, 60, 23301.367188
61.961, 60, 23301.812500
61.961, 60, 23302.257812
61.961, 60, 23302.703125
61.961, 60, 23303.148438
61.961, 60, 23303.593750
61.961, 60, 23304.039062
61.961, 60, 23304.482422
61.961, 60, 23304.927734
61.961, 60, 23305.373047
61.961, 60, 23305.818359
61.961, 60, 23306.263672
61.961, 60, 23306.708984
61.961, 60, 23307.154297
61.961, 60, 23307.597656
61.961, 60, 23308.042969
61.979, 60, 23308.488281
61.979, 60, 23308.933594
61.979, 60, 23309.378906
61.979, 60, 23309.824219
61.979, 60, 23310.269531
61.979, 60, 23310.712891
61.979, 60, 23311.158203
61.979, 60, 23311.603516
61.979, 60, 23312.048828
61.979, 60, 23312.494141
61.979, 60, 23312.939453
61.979, 60, 23313.384766
61.979, 60, 23313.828125
61.979, 60, 23314.273438
61.979, 60, 23314.718750
61.979, 60, 23315.164062
61.979, 60, 23315.609375
61.979, 60, 23316.054688
61.979, 60, 23316.500000
61.979, 60, 23316.943359
61.979, 60, 23317.388672
61.979, 60, 23317.833984
61.979, 60, 23318.279297
61.979, 60, 23318.724609
61.979, 60, 23319.169922
61.979, 60, 23319.615234
61.979, 60, 23320.058594
61.979, 60, 23320.503906
61.979, 60, 23320.949219
61.979, 60, 23321.394531
61.979, 60, 23321.839844
61.979, 60, 23322.285156
61.979, 60, 23322.730469
61.979, 60, 23323.173828
61.979, 60, 23323.619141
61.979, 60, 23324.064453
61.979, 60, 23324.509766
61.979, 60, 23324.955078
61.979, 60, 23325.400391
61.979, 60, 23325.845703
61.979, 60, 23326.289062
61.979, 60, 23326.734375
61.979, 60, 23327.179688
61.979, 60, 23327.625000
61.979, 60, 23328.070312
61.979, 60, 23328.515625
61.979, 60, 23328.960938
61.979, 60, 23329.404297
61.979, 60, 23329.849609
61.979, 60, 23330.294922
61.979, 60, 23330.740234
61.979, 60, 23331.185547
61.979, 60, 23331.630859
61.979, 60, 23332.076172
61.979, 60, 23332.519531
61.979, 60, 23332.964844
61.979, 60, 23333.410156
61.979, 60, 23333.855469
61.979, 60, 23334.300781
61.979, 60, 23334.746094
61.979, 60, 23335.191406
61.979, 60, 23335.634766
61.979, 60, 23336.080078
61.979, 60, 23336.525391
61.979, 60, 23336.970703
61.979, 60, 23337.416016
61.979, 60, 23337.861328
61.979, 60, 23338.304688
61.979, 60, 23338.750000
61.979, 60, 23339.195312
61.979, 60, 23339.640625
61.979, 60, 23340.085938
61.979, 60, 23340.531250
61.979, 60, 23340.976562
61.979, 60, 23341.419922
61.979, 60, 23341.865234
61.979, 60, 23342.310547
61.979, 60, 23342.755859
61.979, 60, 23343.201172
61.979, 60, 23343.646484
61.979, 60, 23344.091797
61.979, 60, 23344.535156
61.979, 60, 23344.980469
61.979, 60, 23345.425781
61.979, 60, 23345.871094
61.979, 60, 23346.316406
61.979, 60, 23346.761719
61.979, 60, 23347.207031
61.979, 60, 23347.650391
61.979, 60, 23348.095703
61.979, 60, 23348.541016
61.979, 60, 23348.986328
61.979, 60, 23349.431641
61.979, 60, 23349.876953
61.979, 60, 23350.322266
61.979, 60, 23350.765625
61.979, 60, 23351.210938
61.979, 60, 23351.656250
61.979, 60, 23352.101562
61.979, 60, 23352.546875
61.979, 60, 23352.992188
61.979, 60, 23353.437500
61.979, 60, 23353.880859
61.979, 60, 23354.326172
61.979, 60, 23354.771484
62.056, 60, 23355.216797
62.056, 60, 23355.662109
62.056, 60, 23356.107422
62.056, 60, 23356.552734
62.056, 60, 23356.996094
62.056, 60, 23357.441406
62.056, 60, 23357.886719
62.056, 60, 23358.332031
62.056, 60, 23358.777344
62.056, 60, 23359.222656
62.056, 60, 23359.667969
62.056, 60, 23360.111328
62.056, 60, 23360.556641
62.056, 60, 23361.001953
62.056, 60, 23361.447266
62.056, 60, 23361.892578
62.056, 60, 23362.337891
62.056, 60, 23362.783203
62.056, 60, 23363.226562
62.056, 60, 23363.671875
62.056, 60, 23364.117188
62.056, 60, 23364.562500
62.056, 60, 23365.007812
62.056, 60, 23365.453125
62.056, 60, 23365.898438
62.056, 60, 23366.341797
62.056, 60, 23366.787109
62.056, 60, 23367.232422
62.056, 60, 23367.677734
62.056, 60, 23368.123047
62.056, 60, 23368.568359
62.056, 60, 23369.013672
62.056, 60, 23369.457031
62.056, 60, 23369.902344
62.056, 60, 23370.347656
62.056, 60, 23370.792969
62.056, 60, 23371.238281
62.056, 60, 23371.683594
62.056, 60, 23372.128906
62.056, 60, 23372.572266
62.056, 60, 23373.017578
62.056, 60, 23373.462891
62.056, 60, 23373.908203
62.056, 60, 23374.353516
62.056, 60, 23374.798828
62.056, 60, 23375.244141
62.056, 60, 23375.687500
62.056, 60, 23376.132812
62.056, 60, 23376.578125
62.056, 60, 23377.023438
62.056, 60, 23377.468750
62.056, 60, 23377.914062
62.056, 60, 23378.359375
62.056, 60, 23378.802734
62.056, 60, 23379.248047
62.056, 60, 23379.693359
62.056, 60, 23380.138672
62.056, 60, 23380.583984
62.056, 60, 23381.029297
62.056, 60, 23381.474609
62.056, 60, 23381.917969
62.056, 60, 23382.363281
62.056, 60, 23382.808594
62.056, 60, 23383.253906
62.056, 60, 23383.699219
62.056, 60, 23384.144531
62.056, 60, 23384.587891
62.056, 60, 23385.033203
62.151, 60, 23385.478516
62.151, 60, 23385.923828
62.151, 60, 23386.369141
62.151, 60, 23386.814453
62.151, 60, 23387.259766
62.151, 60, 23387.703125
62.151, 60, 23388.148438
62.151, 60, 23388.593750
62.151, 60, 23389.039062
62.151, 60, 23389.484375
62.151, 60, 23389.929688
62.151, 60, 23390.375000
62.151, 60, 23390.818359
62.151, 60, 23391.263672
62.151, 60, 23391.708984
62.151, 60, 23392.154297
62.151, 60, 23392.599609
62.151, 60, 23393.044922
62.151, 60, 23393.490234
62.151, 60, 23393.933594
62.151, 60, 23394.378906
62.151, 60, 23394.824219
62.151, 60, 23395.269531
62.151, 60, 23395.714844
62.151, 60, 23396.160156
62.151, 60, 23396.605469
62.151, 60, 23397.048828
62.151, 60, 23397.494141
62.151, 60, 23397.939453
62.151, 60, 23398.384766
62.151, 60, 23398.830078
62.151, 60, 23399.275391
62.151, 60, 23399.720703
62.151, 60, 23400.164062
62.151, 60, 23400.609375
62.151, 60, 23401.054688
62.151, 60, 23401.500000
62.151, 60, 23401.945312
62.151, 60, 23402.390625
62.151, 60, 23402.835938
62.151, 60, 23403.279297
62.151, 60, 23403.724609
62.151, 60, 23404.169922
62.151, 60, 23404.615234
62.151, 60, 23405.060547
62.151, 60, 23405.505859
62.151, 60, 23405.951172
62.151, 60, 23406.394531
62.151, 60, 23406.839844
62.151, 60, 23407.285156
62.151, 60, 23407.730469
62.151, 60, 23408.175781
62.151, 60, 23408.621094
62.151, 60, 23409.066406
62.151, 60, 23409.509766
62.151, 60, 23409.955078
62.151, 60, 23410.400391
62.151, 60, 23410.845703
62.151, 60, 23411.291016
62.151, 60, 23411.736328
62.151, 60, 23412.181641
62.151, 60, 23412.625000
62.151, 60, 23413.070312
62.151, 60, 23413.515625
62.151, 60, 23413.960938
62.151, 60, 23414.406250
62.151, 60, 23414.851562
62.151, 60, 23415.296875
62.151, 60, 23415.740234
62.151, 60, 23416.185547
62.151, 60, 23416.630859
62.151, 60, 23417.076172
62.151, 60, 23417.521484
62.151, 60, 23417.966797
62.151, 60, 23418.412109
62.151, 60, 23418.855469
62.151, 60, 23419.300781
62.151, 60, 23419.746094
62.151, 60, 23420.191406
62.151, 60, 23420.636719
62.151, 60, 23421.082031
62.151, 60, 23421.527344
62.151, 60, 23421.970703
62.151, 60, 23422.416016
62.151, 60, 23422.861328
62.151, 60, 23423.306641
62.151, 60, 23423.751953
62.151, 60, 23424.197266
62.151, 60, 23424.642578
62.151, 60, 23425.085938
62.151, 60, 23425.531250
62.151, 60, 23425.976562
62.151, 60, 23426.421875
62.151, 60, 23426.867188
62.151, 60, 23427.312500
62.151, 60, 23427.757812
62.151, 60, 23428.201172
62.151, 60, 23428.646484
62.151, 60, 23429.091797
62.151, 60, 23429.537109
62.151, 60, 23429.982422
61.961, 60, 23430.427734
61.961, 60, 23430.871094
61.961, 60, 23431.316406
61.961, 60, 23431.761719
61.961, 60, 23432.207031
61.961, 60, 23432.652344
61.961, 60, 23433.097656
61.961, 60, 23433.542969
61.961, 60, 23433.986328
61.961, 60, 23434.431641
61.961, 60, 23434.876953
61.961, 60, 23435.322266
61.961, 60, 23435.767578
61.961, 60, 23436.212891
61.961, 60, 23436.658203
61.961, 60, 23437.101562
61.961, 60, 23437.546875
61.961, 60, 23437.992188
61.961, 60, 23438.437500
61.961, 60, 23438.882812
61.961, 60, 23439.328125
61.961, 60, 23439.773438
61.961, 60, 23440.216797
61.961, 60, 23440.662109
61.961, 60, 23441.107422
61.961, 60, 23441.552734
61.961, 60, 23441.998047
61.961, 60, 23442.443359
61.961, 60, 23442.888672
61.961, 60, 23443.332031
61.961, 60, 23443.777344
61.961, 60, 23444.222656
61.961, 60, 23444.667969
61.961, 60, 23445.113281
61.961, 60, 23445.558594
61.961, 60, 23446.003906
61.961, 60, 23446.447266
61.961, 60, 23446.892578
61.961, 60, 23447.337891
61.961, 60, 23447.783203
61.961, 60, 23448.228516
61.961, 60, 23448.673828
61.961, 60, 23449.119141
61.961, 60, 23449.562500
61.961, 60, 23450.007812
61.961, 60, 23450.453125
61.961, 60, 23450.898438
61.961, 60, 23451.343750
61.961, 60, 23451.789062
61.961, 60, 23452.234375
61.961, 60, 23452.677734
61.961, 60, 23453.123047
61.961, 60, 23453.568359
61.961, 60, 23454.013672
61.961, 60, 23454.458984
61.961, 60, 23454.904297
61.961, 60, 23455.349609
61.961, 60, 23455.792969
61.961, 60, 23456.238281
61.961, 60, 23456.683594
61.961, 60, 23457.128906
61.961, 60, 23457.574219
61.961, 60, 23458.019531
61.961, 60, 23458.464844
61.961, 60, 23458.908203
61.961, 60, 23459.353516
61.961, 60, 23459.798828
61.961, 60, 23460.244141
61.961, 60, 23460.689453
62.151, 60, 23461.134766
62.151, 60, 23461.580078
62.151, 60, 23462.023438
62.151, 60, 23462.468750
62.151, 60, 23462.914062
62.151, 60, 23463.359375
62.151, 60, 23463.804688
62.151, 60, 23464.250000
62.151, 60, 23464.695312
62.151, 60, 23465.138672
62.151, 60, 23465.583984
62.151, 60, 23466.029297
62.151, 60, 23466.474609
62.151, 60, 23466.919922
62.151, 60, 23467.365234
62.151, 60, 23467.810547
62.151, 60, 23468.253906
62.151, 60, 23468.699219
62.151, 60, 23469.144531
62.151, 60, 23469.589844
62.151, 60, 23470.035156
62.151, 60, 23470.480469
62.151, 60, 23470.925781
62.151, 60, 23471.369141
62.151, 60, 23471.814453
62.151, 60, 23472.259766
62.151, 60, 23472.705078
62.151, 60, 23473.150391
62.151, 60, 23473.595703
62.151, 60, 23474.041016
62.151, 60, 23474.484375
62.151, 60, 23474.929688
62.151, 60, 23475.375000
62.151, 60, 23475.820312
62.151, 60, 23476.265625
62.151, 60, 23476.710938
62.151, 60, 23477.154297
62.151, 60, 23477.599609
62.151, 60, 23478.044922
62.151, 60, 23478.490234
62.151, 60, 23478.935547
62.151, 60, 23479.380859
62.151, 60, 23479.826172
62.151, 60, 23480.269531
62.151, 60, 23480.714844
62.151, 60, 23481.160156
62.151, 60, 23481.605469
62.151, 60, 23482.050781
62.151, 60, 23482.496094
62.151, 60, 23482.941406
62.151, 60, 23483.384766
62.151, 60, 23483.830078
62.151, 60, 23484.275391
62.151, 60, 23484.720703
62.151, 60, 23485.166016
62.151, 60, 23485.611328
62.151, 60, 23486.056641
62.151, 60, 23486.500000
62.151, 60, 23486.945312
62.151, 60, 23487.390625
62.151, 60, 23487.835938
62.151, 60, 23488.281250
62.151, 60, 23488.726562
62.151, 60, 23489.171875
62.151, 60, 23489.615234
62.151, 60, 23490.060547
62.151, 60, 23490.505859
62.151, 60, 23490.951172
62.151, 60, 23491.396484
62.151, 60, 23491.841797
62.151, 60, 23492.287109
62.151, 60, 23492.730469
62.151, 60, 23493.175781
62.151, 60, 23493.621094
62.151, 60, 23494.066406
62.151, 60, 23494.511719
62.151, 60, 23494.957031
62.151, 60, 23495.402344
62.151, 60, 23495.845703
62.151, 60, 23496.291016
62.151, 60, 23496.736328
62.151, 60, 23497.181641
62.151, 60, 23497.626953
62.151, 60, 23498.072266
62.151, 60, 23498.517578
62.151, 60, 23498.960938
62.151, 60, 23499.406250
62.151, 60, 23499.851562
62.151, 60, 23500.296875
62.151, 60, 23500.742188
62.151, 60, 23501.187500
62.151, 60, 23501.632812
62.151, 60, 23502.076172
62.151, 60, 23502.521484
62.151, 60, 23502.966797
62.151, 60, 23503.412109
62.151, 60, 23503.857422
62.151, 60, 23504.302734
62.151, 60, 23504.748047
62.151, 60, 23505.191406
62.151, 60, 23505.636719
62.151, 60, 23506.082031
62.151, 60, 23506.527344
62.151, 60, 23506.972656
62.151, 60, 23507.417969
62.151, 60, 23507.863281
62.151, 60, 23508.306641
62.151, 60, 23508.751953
62.151, 60, 23509.197266
62.151, 60, 23509.642578
62.151, 60, 23510.087891
62.151, 60, 23510.533203
62.151, 60, 23510.978516
62.151, 60, 23511.421875
62.151, 60, 23511.867188
62.151, 60, 23512.312500
62.151, 60, 23512.757812
62.151, 60, 23513.203125
62.151, 60, 23513.648438
62.151, 60, 23514.093750
62.151, 60, 23514.537109
62.151, 60, 23514.982422
62.151, 60, 23515.427734
62.151, 60, 23515.873047
62.151, 60, 23516.318359
62.151, 60, 23516.763672
62.151, 60, 23517.208984
62.151, 60, 23517.652344
62.151, 60, 23518.097656
62.151, 60, 23518.542969
62.151, 60, 23518.988281
62.151, 60, 23519.433594
62.151, 60, 23519.878906
62.151, 60, 23520.324219
62.151, 60, 23520.767578
62.151, 60, 23521.212891
62.151, 60, 23521.658203
62.151, 60, 23522.103516
62.247, 60, 23522.548828
62.247, 60, 23522.994141
62.247, 60, 23523.437500
62.247, 60, 23523.882812
62.247, 60, 23524.328125
62.247, 60, 23524.773438
62.247, 60, 23525.218750
62.247, 60, 23525.664062
62.247, 60, 23526.109375
62.247, 60, 23526.552734
62.247, 60, 23526.998047
62.247, 60, 23527.443359
62.247, 60, 23527.888672
62.247, 60, 23528.333984
62.247, 60, 23528.779297
62.247, 60, 23529.224609
62.247, 60, 23529.667969
62.247, 60, 23530.113281
62.247, 60, 23530.558594
62.247, 60, 23531.003906
62.247, 60, 23531.449219
62.247, 60, 23531.894531
62.247, 60, 23532.339844
62.247, 60, 23532.783203
62.247, 60, 23533.228516
62.247, 60, 23533.673828
62.247, 60, 23534.119141
62.247, 60, 23534.564453
62.247, 60, 23535.009766
62.247, 60, 23535.455078
62.247, 60, 23535.898438
62.247, 60, 23536.343750
62.247, 60, 23536.789062
62.247, 60, 23537.234375
62.247, 60, 23537.679688
62.247, 60, 23538.125000
62.247, 60, 23538.570312
62.247, 60, 23539.013672
62.247, 60, 23539.458984
62.247, 60, 23539.904297
62.247, 60, 23540.349609
62.247, 60, 23540.794922
62.247, 60, 23541.240234
62.247, 60, 23541.685547
62.247, 60, 23542.128906
62.247, 60, 23542.574219
62.247, 60, 23543.019531
62.247, 60, 23543.464844
62.247, 60, 23543.910156
62.247, 60, 23544.355469
62.247, 60, 23544.800781
62.247, 60, 23545.244141
62.247, 60, 23545.689453
62.247, 60, 23546.134766
62.247, 60, 23546.580078
62.247, 60, 23547.025391
62.247, 60, 23547.470703
62.247, 60, 23547.916016
62.247, 60, 23548.359375
62.247, 60, 23548.804688
62.247, 60, 23549.250000
62.247, 60, 23549.695312
62.247, 60, 23550.140625
62.247, 60, 23550.585938
62.247, 60, 23551.031250
62.247, 60, 23551.474609
62.247, 60, 23551.919922
62.247, 60, 23552.365234
62.247, 60, 23552.810547
62.247, 60, 23553.255859
62.247, 60, 23553.701172
62.247, 60, 23554.146484
62.247, 60, 23554.589844
62.247, 60, 23555.035156
62.247, 60, 23555.480469
62.247, 60, 23555.925781
62.247, 60, 23556.371094
62.247, 60, 23556.816406
62.247, 60, 23557.261719
62.247, 60, 23557.705078
62.247, 60, 23558.150391
62.247, 60, 23558.595703
62.247, 60, 23559.041016
62.247, 60, 23559.486328
62.247, 60, 23559.931641
62.247, 60, 23560.376953
62.247, 60, 23560.820312
62.247, 60, 23561.265625
62.247, 60, 23561.710938
62.247, 60, 23562.156250
62.247, 60, 23562.601562
62.247, 60, 23563.046875
62.247, 60, 23563.492188
62.247, 60, 23563.935547
62.247, 60, 23564.380859
62.247, 60, 23564.826172
62.247, 60, 23565.271484
62.247, 60, 23565.716797
62.247, 60, 23566.162109
62.247, 60, 23566.607422
62.247, 60, 23567.050781
62.247, 60, 23567.496094
62.247, 60, 23567.941406
62.342, 60, 23568.386719
62.342, 60, 23568.832031
62.342, 60, 23569.277344
62.342, 60, 23569.720703
62.342, 60, 23570.166016
62.342, 60, 23570.611328
62.342, 60, 23571.056641
62.342, 60, 23571.501953
62.342, 60, 23571.947266
62.342, 60, 23572.392578
62.342, 60, 23572.835938
62.342, 60, 23573.281250
62.342, 60, 23573.726562
62.342, 60, 23574.171875
62.342, 60, 23574.617188
62.342, 60, 23575.062500
62.342, 60, 23575.507812
62.342, 60, 23575.951172
62.342, 60, 23576.396484
62.342, 60, 23576.841797
62.342, 60, 23577.287109
62.342, 60, 23577.732422
62.342, 60, 23578.177734
62.342, 60, 23578.623047
62.342, 60, 23579.066406
62.342, 60, 23579.511719
62.342, 60, 23579.957031
62.342, 60, 23580.402344
62.342, 60, 23580.847656
62.342, 60, 23581.292969
62.342, 60, 23581.738281
62.342, 60, 23582.181641
62.342, 60, 23582.626953
62.342, 60, 23583.072266
62.247, 60, 23583.517578
62.247, 60, 23583.962891
62.247, 60, 23584.408203
62.247, 60, 23584.853516
62.247, 60, 23585.296875
62.247, 60, 23585.742188
62.247, 60, 23586.187500
62.247, 60, 23586.632812
62.247, 60, 23587.078125
62.247, 60, 23587.523438
62.247, 60, 23587.968750
62.247, 60, 23588.412109
62.247, 60, 23588.857422
62.247, 60, 23589.302734
62.247, 60, 23589.748047
62.247, 60, 23590.193359
62.247, 60, 23590.638672
62.247, 60, 23591.083984
62.247, 60, 23591.527344
62.247, 60, 23591.972656
62.247, 60, 23592.417969
62.247, 60, 23592.863281
62.247, 60, 23593.308594
62.247, 60, 23593.753906
62.247, 60, 23594.199219
62.247, 60, 23594.642578
62.247, 60, 23595.087891
62.247, 60, 23595.533203
62.247, 60, 23595.978516
62.247, 60, 23596.423828
62.247, 60, 23596.869141
62.247, 60, 23597.314453
62.247, 60, 23597.757812
62.247, 60, 23598.203125
62.151, 60, 23598.648438
62.151, 60, 23599.093750
62.151, 60, 23599.539062
62.151, 60, 23599.984375
62.151, 60, 23600.429688
62.151, 60, 23600.873047
62.151, 60, 23601.318359
62.151, 60, 23601.763672
62.151, 60, 23602.208984
62.151, 60, 23602.654297
62.151, 60, 23603.099609
62.151, 60, 23603.544922
62.151, 60, 23603.988281
62.151, 60, 23604.433594
62.151, 60, 23604.878906
62.151, 60, 23605.324219
62.151, 60, 23605.769531
62.151, 60, 23606.214844
62.151, 60, 23606.660156
62.151, 60, 23607.103516
62.151, 60, 23607.548828
62.151, 60, 23607.994141
62.151, 60, 23608.439453
62.151, 60, 23608.884766
62.151, 60, 23609.330078
62.151, 60, 23609.775391
62.151, 60, 23610.218750
62.151, 60, 23610.664062
62.151, 60, 23611.109375
62.151, 60, 23611.554688
62.151, 60, 23612.000000
62.151, 60, 23612.445312
62.151, 60, 23612.890625
62.151, 60, 23613.333984
62.151, 60, 23613.779297
62.151, 60, 23614.224609
62.151, 60, 23614.669922
62.151, 60, 23615.115234
62.151, 60, 23615.560547
62.151, 60, 23616.003906
62.151, 60, 23616.449219
62.151, 60, 23616.894531
62.151, 60, 23617.339844
62.151, 60, 23617.785156
62.151, 60, 23618.230469
62.151, 60, 23618.675781
62.151, 60, 23619.119141
62.151, 60, 23619.564453
62.151, 60, 23620.009766
62.151, 60, 23620.455078
62.151, 60, 23620.900391
62.151, 60, 23621.345703
62.151, 60, 23621.791016
62.151, 60, 23622.234375
62.151, 60, 23622.679688
62.151, 60, 23623.125000
62.151, 60, 23623.570312
62.151, 60, 23624.015625
62.151, 60, 23624.460938
62.151, 60, 23624.906250
62.151, 60, 23625.349609
62.151, 60, 23625.794922
62.151, 60, 23626.240234
62.151, 60, 23626.685547
62.151, 60, 23627.130859
62.151, 60, 23627.576172
62.151, 60, 23628.021484
62.151, 60, 23628.464844
62.151, 60, 23628.910156
62.151, 60, 23629.355469
62.151, 60, 23629.800781
62.151, 60, 23630.246094
62.151, 60, 23630.691406
62.151, 60, 23631.136719
62.151, 60, 23631.580078
62.151, 60, 23632.025391
62.151, 60, 23632.470703
62.151, 60, 23632.916016
62.151, 60, 23633.361328
62.151, 60, 23633.806641
62.151, 60, 23634.251953
62.151, 60, 23634.695312
62.151, 60, 23635.140625
62.151, 60, 23635.585938
62.151, 60, 23636.031250
62.151, 60, 23636.476562
62.151, 60, 23636.921875
62.151, 60, 23637.367188
62.151, 60, 23637.810547
62.151, 60, 23638.255859
62.151, 60, 23638.701172
62.151, 60, 23639.146484
62.151, 60, 23639.591797
62.151, 60, 23640.037109
62.151, 60, 23640.482422
62.151, 60, 23640.925781
62.151, 60, 23641.371094
62.151, 60, 23641.816406
62.151, 60, 23642.261719
62.151, 60, 23642.707031
62.151, 60, 23643.152344
62.151, 60, 23643.597656
62.247, 60, 23644.041016
62.247, 60, 23644.486328
62.247, 60, 23644.931641
62.247, 60, 23645.376953
62.247, 60, 23645.822266
62.247, 60, 23646.267578
62.247, 60, 23646.712891
62.247, 60, 23647.156250
62.247, 60, 23647.601562
62.247, 60, 23648.046875
62.247, 60, 23648.492188
62.247, 60, 23648.937500
62.247, 60, 23649.382812
62.247, 60, 23649.828125
62.247, 60, 23650.271484
62.247, 60, 23650.716797
62.247, 60, 23651.162109
62.247, 60, 23651.607422
62.247, 60, 23652.052734
62.247, 60, 23652.498047
62.247, 60, 23652.943359
62.247, 60, 23653.386719
62.247, 60, 23653.832031
62.247, 60, 23654.277344
62.247, 60, 23654.722656
62.247, 60, 23655.167969
62.247, 60, 23655.613281
62.247, 60, 23656.058594
62.247, 60, 23656.501953
62.247, 60, 23656.947266
62.247, 60, 23657.392578
62.247, 60, 23657.837891
62.247, 60, 23658.283203
62.247, 60, 23658.728516
62.247, 60, 23659.173828
62.151, 60, 23659.617188
62.151, 60, 23660.062500
62.151, 60, 23660.507812
62.151, 60, 23660.953125
62.151, 60, 23661.398438
62.151, 60, 23661.843750
62.151, 60, 23662.287109
62.151, 60, 23662.732422
62.151, 60, 23663.177734
62.151, 60, 23663.623047
62.151, 60, 23664.068359
62.151, 60, 23664.513672
62.151, 60, 23664.958984
62.151, 60, 23665.402344
62.151, 60, 23665.847656
62.151, 60, 23666.292969
62.151, 60, 23666.738281
62.151, 60, 23667.183594
62.151, 60, 23667.628906
62.151, 60, 23668.074219
62.151, 60, 23668.517578
62.151, 60, 23668.962891
62.151, 60, 23669.408203
62.151, 60, 23669.853516
62.151, 60, 23670.298828
62.151, 60, 23670.744141
62.151, 60, 23671.189453
62.151, 60, 23671.632812
62.151, 60, 23672.078125
62.151, 60, 23672.523438
62.151, 60, 23672.968750
62.151, 60, 23673.414062
62.151, 60, 23673.859375
62.151, 60, 23674.304688
62.151, 60, 23674.748047
62.151, 60, 23675.193359
62.151, 60, 23675.638672
62.151, 60, 23676.083984
62.151, 60, 23676.529297
62.151, 60, 23676.974609
62.151, 60, 23677.419922
62.151, 60, 23677.863281
62.151, 60, 23678.308594
62.151, 60, 23678.753906
62.151, 60, 23679.199219
62.151, 60, 23679.644531
62.151, 60, 23680.089844
62.151, 60, 23680.535156
62.151, 60, 23680.978516
62.151, 60, 23681.423828
62.151, 60, 23681.869141
62.151, 60, 23682.314453
62.151, 60, 23682.759766
62.151, 60, 23683.205078
62.151, 60, 23683.650391
62.151, 60, 23684.093750
62.151, 60, 23684.539062
62.151, 60, 23684.984375
62.151, 60, 23685.429688
62.151, 60, 23685.875000
62.151, 60, 23686.320312
62.151, 60, 23686.765625
62.151, 60, 23687.208984
62.151, 60, 23687.654297
62.151, 60, 23688.099609
62.151, 60, 23688.544922
62.151, 60, 23688.990234
62.151, 60, 23689.435547
62.151, 60, 23689.880859
62.151, 60, 23690.324219
62.247, 60, 23690.769531
62.247, 60, 23691.214844
62.247, 60, 23691.660156
62.247, 60, 23692.105469
62.247, 60, 23692.550781
62.247, 60, 23692.996094
62.247, 60, 23693.439453
62.247, 60, 23693.884766
62.247, 60, 23694.330078
62.247, 60, 23694.775391
62.247, 60, 23695.220703
62.247, 60, 23695.666016
62.247, 60, 23696.111328
62.247, 60, 23696.554688
62.247, 60, 23697.000000
62.247, 60, 23697.445312
62.247, 60, 23697.890625
62.247, 60, 23698.335938
62.247, 60, 23698.781250
62.247, 60, 23699.226562
62.247, 60, 23699.669922
62.247, 60, 23700.115234
62.247, 60, 23700.560547
62.247, 60, 23701.005859
62.247, 60, 23701.451172
62.247, 60, 23701.896484
62.247, 60, 23702.341797
62.247, 60, 23702.785156
62.247, 60, 23703.230469
62.247, 60, 23703.675781
62.247, 60, 23704.121094
62.247, 60, 23704.566406
62.247, 60, 23705.011719
62.247, 60, 23705.457031
62.247, 60, 23705.900391
62.247, 60, 23706.345703
62.247, 60, 23706.791016
62.247, 60, 23707.236328
62.247, 60, 23707.681641
62.247, 60, 23708.126953
62.247, 60, 23708.572266
62.247, 60, 23709.015625
62.247, 60, 23709.460938
62.247, 60, 23709.906250
62.247, 60, 23710.351562
62.247, 60, 23710.796875
62.247, 60, 23711.242188
62.247, 60, 23711.685547
62.247, 60, 23712.130859
62.247, 60, 23712.576172
62.247, 60, 23713.021484
62.247, 60, 23713.466797
62.247, 60, 23713.912109
62.247, 60, 23714.357422
62.247, 60, 23714.800781
62.247, 60, 23715.246094
62.247, 60, 23715.691406
62.247, 60, 23716.136719
62.247, 60, 23716.582031
62.247, 60, 23717.027344
62.247, 60, 23717.472656
62.247, 60, 23717.916016
62.247, 60, 23718.361328
62.247, 60, 23718.806641
62.247, 60, 23719.251953
62.247, 60, 23719.697266
62.247, 60, 23720.142578
62.247, 60, 23720.587891
62.247, 60, 23721.031250
62.247, 60, 23721.476562
62.247, 60, 23721.921875
62.247, 60, 23722.367188
62.247, 60, 23722.812500
62.247, 60, 23723.257812
62.247, 60, 23723.703125
62.247, 60, 23724.146484
62.247, 60, 23724.591797
62.247, 60, 23725.037109
62.247, 60, 23725.482422
62.247, 60, 23725.927734
62.247, 60, 23726.373047
62.247, 60, 23726.818359
62.247, 60, 23727.261719
62.247, 60, 23727.707031
62.247, 60, 23728.152344
62.247, 60, 23728.597656
62.247, 60, 23729.042969
62.247, 60, 23729.488281
62.247, 60, 23729.933594
62.247, 60, 23730.376953
62.247, 60, 23730.822266
62.247, 60, 23731.267578
62.247, 60, 23731.712891
62.247, 60, 23732.158203
62.247, 60, 23732.603516
62.247, 60, 23733.048828
62.247, 60, 23733.492188
62.247, 60, 23733.937500
62.247, 60, 23734.382812
62.247, 60, 23734.828125
62.247, 60, 23735.273438
62.247, 60, 23735.718750
62.247, 60, 23736.164062
62.342, 60, 23736.607422
62.342, 60, 23737.052734
62.342, 60, 23737.498047
62.342, 60, 23737.943359
62.342, 60, 23738.388672
62.342, 60, 23738.833984
62.342, 60, 23739.279297
62.342, 60, 23739.722656
62.342, 60, 23740.167969
62.342, 60, 23740.613281
62.342, 60, 23741.058594
62.342, 60, 23741.503906
62.342, 60, 23741.949219
62.342, 60, 23742.394531
62.342, 60, 23742.837891
62.342, 60, 23743.283203
62.342, 60, 23743.728516
62.342, 60, 23744.173828
62.342, 60, 23744.619141
62.342, 60, 23745.064453
62.342, 60, 23745.509766
62.342, 60, 23745.953125
62.342, 60, 23746.398438
62.342, 60, 23746.843750
62.342, 60, 23747.289062
62.342, 60, 23747.734375
62.342, 60, 23748.179688
62.342, 60, 23748.625000
62.342, 60, 23749.068359
62.342, 60, 23749.513672
62.342, 60, 23749.958984
62.342, 60, 23750.404297
62.342, 60, 23750.849609
62.342, 60, 23751.294922
62.342, 60, 23751.740234
62.247, 60, 23752.183594
62.247, 60, 23752.628906
62.247, 60, 23753.074219
62.247, 60, 23753.519531
62.247, 60, 23753.964844
62.247, 60, 23754.410156
62.247, 60, 23754.855469
62.247, 60, 23755.298828
62.247, 60, 23755.744141
62.247, 60, 23756.189453
62.247, 60, 23756.634766
62.247, 60, 23757.080078
62.247, 60, 23757.525391
62.247, 60, 23757.968750
62.247, 60, 23758.414062
62.247, 60, 23758.859375
62.247, 60, 23759.304688
62.247, 60, 23759.750000
62.247, 60, 23760.195312
62.247, 60, 23760.640625
62.247, 60, 23761.083984
62.247, 60, 23761.529297
62.247, 60, 23761.974609
62.247, 60, 23762.419922
62.247, 60, 23762.865234
62.247, 60, 23763.310547
62.247, 60, 23763.755859
62.247, 60, 23764.199219
62.247, 60, 23764.644531
62.247, 60, 23765.089844
62.247, 60, 23765.535156
62.247, 60, 23765.980469
62.247, 60, 23766.425781
62.247, 60, 23766.871094
62.247, 60, 23767.314453
62.247, 60, 23767.759766
62.247, 60, 23768.205078
62.247, 60, 23768.650391
62.247, 60, 23769.095703
62.247, 60, 23769.541016
62.247, 60, 23769.986328
62.247, 60, 23770.429688
62.247, 60, 23770.875000
62.247, 60, 23771.320312
62.247, 60, 23771.765625
62.247, 60, 23772.210938
62.247, 60, 23772.656250
62.247, 60, 23773.101562
62.247, 60, 23773.544922
62.247, 60, 23773.990234
62.247, 60, 23774.435547
62.247, 60, 23774.880859
62.247, 60, 23775.326172
62.247, 60, 23775.771484
62.247, 60, 23776.216797
62.247, 60, 23776.660156
62.247, 60, 23777.105469
62.247, 60, 23777.550781
62.247, 60, 23777.996094
62.247, 60, 23778.441406
62.247, 60, 23778.886719
62.247, 60, 23779.332031
62.247, 60, 23779.775391
62.247, 60, 23780.220703
62.247, 60, 23780.666016
62.247, 60, 23781.111328
62.247, 60, 23781.556641
62.247, 60, 23782.001953
62.342, 60, 23782.447266
62.342, 60, 23782.890625
62.342, 60, 23783.335938
62.342, 60, 23783.781250
62.342, 60, 23784.226562
62.342, 60, 23784.671875
62.342, 60, 23785.117188
62.342, 60, 23785.562500
62.342, 60, 23786.005859
62.342, 60, 23786.451172
62.342, 60, 23786.896484
62.342, 60, 23787.341797
62.342, 60, 23787.787109
62.342, 60, 23788.232422
62.342, 60, 23788.677734
62.342, 60, 23789.121094
62.342, 60, 23789.566406
62.342, 60, 23790.011719
62.342, 60, 23790.457031
62.342, 60, 23790.902344
62.342, 60, 23791.347656
62.342, 60, 23791.792969
62.342, 60, 23792.236328
62.342, 60, 23792.681641
62.342, 60, 23793.126953
62.342, 60, 23793.572266
62.342, 60, 23794.017578
62.342, 60, 23794.462891
62.342, 60, 23794.908203
62.342, 60, 23795.351562
62.342, 60, 23795.796875
62.342, 60, 23796.242188
62.342, 60, 23796.687500
62.342, 60, 23797.132812
62.342, 60, 23797.578125
62.342, 60, 23798.023438
62.342, 60, 23798.466797
62.342, 60, 23798.912109
62.342, 60, 23799.357422
62.342, 60, 23799.802734
62.342, 60, 23800.248047
62.342, 60, 23800.693359
62.342, 60, 23801.138672
62.342, 60, 23801.582031
62.342, 60, 23802.027344
62.342, 60, 23802.472656
62.342, 60, 23802.917969
62.342, 60, 23803.363281
62.342, 60, 23803.808594
62.342, 60, 23804.251953
62.342, 60, 23804.697266
62.342, 60, 23805.142578
62.342, 60, 23805.587891
62.342, 60, 23806.033203
62.342, 60, 23806.478516
62.342, 60, 23806.923828
62.342, 60, 23807.367188
62.342, 60, 23807.812500
62.342, 60, 23808.257812
62.342, 60, 23808.703125
62.342, 60, 23809.148438
62.342, 60, 23809.593750
62.342, 60, 23810.039062
62.342, 60, 23810.482422
62.342, 60, 23810.927734
62.342, 60, 23811.373047
62.342, 60, 23811.818359
62.342, 60, 23812.263672
62.342, 60, 23812.708984
62.342, 60, 23813.154297
62.342, 60, 23813.597656
62.342, 60, 23814.042969
62.342, 60, 23814.488281
62.342, 60, 23814.933594
62.342, 60, 23815.378906
62.342, 60, 23815.824219
62.342, 60, 23816.269531
62.342, 60, 23816.712891
62.342, 60, 23817.158203
62.342, 60, 23817.603516
62.342, 60, 23818.048828
62.342, 60, 23818.494141
62.342, 60, 23818.939453
62.342, 60, 23819.384766
62.342, 60, 23819.828125
62.342, 60, 23820.273438
62.342, 60, 23820.718750
62.342, 60, 23821.164062
62.342, 60, 23821.609375
62.342, 60, 23822.054688
62.342, 60, 23822.500000
62.342, 60, 23822.943359
62.342, 60, 23823.388672
62.342, 60, 23823.833984
62.342, 60, 23824.279297
62.342, 60, 23824.724609
62.342, 60, 23825.169922
62.342, 60, 23825.615234
62.342, 60, 23826.058594
62.342, 60, 23826.503906
62.342, 60, 23826.949219
62.342, 60, 23827.394531
62.342, 60, 23827.839844
62.342, 60, 23828.285156
62.342, 60, 23828.730469
62.342, 60, 23829.173828
62.342, 60, 23829.619141
62.342, 60, 23830.064453
62.342, 60, 23830.509766
62.342, 60, 23830.955078
62.342, 60, 23831.400391
62.342, 60, 23831.845703
62.342, 60, 23832.289062
62.342, 60, 23832.734375
62.342, 60, 23833.179688
62.342, 60, 23833.625000
62.342, 60, 23834.070312
62.342, 60, 23834.515625
62.342, 60, 23834.960938
62.342, 60, 23835.404297
62.342, 60, 23835.849609
62.342, 60, 23836.294922
62.342, 60, 23836.740234
62.342, 60, 23837.185547
62.342, 60, 23837.630859
62.342, 60, 23838.076172
62.342, 60, 23838.519531
62.342, 60, 23838.964844
62.342, 60, 23839.410156
62.342, 60, 23839.855469
62.342, 60, 23840.300781
62.342, 60, 23840.746094
62.342, 60, 23841.191406
62.342, 60, 23841.634766
62.342, 60, 23842.080078
62.342, 60, 23842.525391
62.342, 60, 23842.970703
62.342, 60, 23843.416016
62.342, 60, 23843.861328
62.342, 60, 23844.306641
62.342, 60, 23844.750000
62.342, 60, 23845.195312
62.342, 60, 23845.640625
62.342, 60, 23846.085938
62.342, 60, 23846.531250
62.342, 60, 23846.976562
62.342, 60, 23847.421875
62.342, 60, 23847.865234
62.342, 60, 23848.310547
62.342, 60, 23848.755859
62.342, 60, 23849.201172
62.342, 60, 23849.646484
62.342, 60, 23850.091797
62.342, 60, 23850.535156
62.342, 60, 23850.980469
62.342, 60, 23851.425781
62.342, 60, 23851.871094
62.342, 60, 23852.316406
62.342, 60, 23852.761719
62.342, 60, 23853.207031
62.342, 60, 23853.650391
62.342, 60, 23854.095703
62.342, 60, 23854.541016
62.342, 60, 23854.986328
62.342, 60, 23855.431641
62.342, 60, 23855.876953
62.342, 60, 23856.322266
62.342, 60, 23856.765625
62.342, 60, 23857.210938
62.342, 60, 23857.656250
62.342, 60, 23858.101562
62.531, 60, 23858.546875
62.531, 60, 23858.992188
62.531, 60, 23859.437500
62.531, 60, 23859.880859
62.531, 60, 23860.326172
62.531, 60, 23860.771484
62.531, 60, 23861.216797
62.531, 60, 23861.662109
62.531, 60, 23862.107422
62.531, 60, 23862.552734
62.531, 60, 23862.996094
62.531, 60, 23863.441406
62.531, 60, 23863.886719
62.531, 60, 23864.332031
62.531, 60, 23864.777344
62.531, 60, 23865.222656
62.531, 60, 23865.667969
62.531, 60, 23866.111328
62.531, 60, 23866.556641
62.531, 60, 23867.001953
62.531, 60, 23867.447266
62.531, 60, 23867.892578
62.531, 60, 23868.337891
62.531, 60, 23868.783203
62.531, 60, 23869.226562
62.531, 60, 23869.671875
62.531, 60, 23870.117188
62.531, 60, 23870.562500
62.531, 60, 23871.007812
62.531, 60, 23871.453125
62.531, 60, 23871.898438
62.531, 60, 23872.341797
62.531, 60, 23872.787109
62.531, 60, 23873.232422
62.531, 60, 23873.677734
62.531, 60, 23874.123047
62.531, 60, 23874.568359
62.531, 60, 23875.013672
62.531, 60, 23875.457031
62.531, 60, 23875.902344
62.531, 60, 23876.347656
62.531, 60, 23876.792969
62.531, 60, 23877.238281
62.531, 60, 23877.683594
62.531, 60, 23878.128906
62.531, 60, 23878.572266
62.531, 60, 23879.017578
62.531, 60, 23879.462891
62.531, 60, 23879.908203
62.531, 60, 23880.353516
62.531, 60, 23880.798828
62.531, 60, 23881.244141
62.531, 60, 23881.687500
62.531, 60, 23882.132812
62.531, 60, 23882.578125
62.531, 60, 23883.023438
62.531, 60, 23883.468750
62.531, 60, 23883.914062
62.531, 60, 23884.359375
62.531, 60, 23884.802734
62.531, 60, 23885.248047
62.531, 60, 23885.693359
62.531, 60, 23886.138672
62.531, 60, 23886.583984
62.531, 60, 23887.029297
62.531, 60, 23887.474609
62.531, 60, 23887.917969
62.531, 60, 23888.363281
62.531, 60, 23888.808594
62.247, 60, 23889.253906
62.247, 60, 23889.699219
62.247, 60, 23890.144531
62.247, 60, 23890.589844
62.247, 60, 23891.033203
62.247, 60, 23891.478516
62.247, 60, 23891.923828
62.247, 60, 23892.369141
62.247, 60, 23892.814453
62.247, 60, 23893.259766
62.247, 60, 23893.705078
62.247, 60, 23894.148438
62.247, 60, 23894.593750
62.247, 60, 23895.039062
62.247, 60, 23895.484375
62.247, 60, 23895.929688
62.247, 60, 23896.375000
62.247, 60, 23896.818359
62.247, 60, 23897.263672
62.247, 60, 23897.708984
62.247, 60, 23898.154297
62.247, 60, 23898.599609
62.247, 60, 23899.044922
62.247, 60, 23899.490234
62.247, 60, 23899.933594
62.247, 60, 23900.378906
62.247, 60, 23900.824219
62.247, 60, 23901.269531
62.247, 60, 23901.714844
62.247, 60, 23902.160156
62.247, 60, 23902.605469
62.247, 60, 23903.048828
62.247, 60, 23903.494141
62.247, 60, 23903.939453
62.151, 60, 23904.384766
62.151, 60, 23904.830078
62.151, 60, 23905.275391
62.151, 60, 23905.720703
62.151, 60, 23906.164062
62.151, 60, 23906.609375
62.151, 60, 23907.054688
62.151, 60, 23907.500000
62.151, 60, 23907.945312
62.151, 60, 23908.390625
62.151, 60, 23908.835938
62.151, 60, 23909.279297
62.151, 60, 23909.724609
62.151, 60, 23910.169922
62.151, 60, 23910.615234
62.151, 60, 23911.060547
62.151, 60, 23911.505859
62.151, 60, 23911.951172
62.151, 60, 23912.394531
62.151, 60, 23912.839844
62.151, 60, 23913.285156
62.151, 60, 23913.730469
62.151, 60, 23914.175781
62.151, 60, 23914.621094
62.151, 60, 23915.066406
62.151, 60, 23915.509766
62.151, 60, 23915.955078
62.151, 60, 23916.400391
62.151, 60, 23916.845703
62.151, 60, 23917.291016
62.151, 60, 23917.736328
62.151, 60, 23918.181641
62.151, 60, 23918.625000
62.151, 60, 23919.070312
61.961, 60, 23919.515625
61.961, 60, 23919.960938
61.961, 60, 23920.406250
61.961, 60, 23920.851562
61.961, 60, 23921.296875
61.961, 60, 23921.740234
61.961, 60, 23922.185547
61.961, 60, 23922.630859
61.961, 60, 23923.076172
61.961, 60, 23923.521484
61.961, 60, 23923.966797
61.961, 60, 23924.412109
61.961, 60, 23924.855469
61.961, 60, 23925.300781
61.961, 60, 23925.746094
61.961, 60, 23926.191406
61.961, 60, 23926.636719
61.961, 60, 23927.082031
61.961, 60, 23927.527344
61.961, 60, 23927.970703
61.961, 60, 23928.416016
61.961, 60, 23928.861328
61.961, 60, 23929.306641
61.961, 60, 23929.751953
61.961, 60, 23930.197266
61.961, 60, 23930.642578
61.961, 60, 23931.085938
61.961, 60, 23931.531250
61.961, 60, 23931.976562
61.961, 60, 23932.421875
61.961, 60, 23932.867188
61.961, 60, 23933.312500
61.961, 60, 23933.757812
61.961, 60, 23934.201172
61.961, 60, 23934.646484
61.961, 60, 23935.091797
61.961, 60, 23935.537109
61.961, 60, 23935.982422
61.961, 60, 23936.427734
61.961, 60, 23936.873047
61.961, 60, 23937.316406
61.961, 60, 23937.761719
61.961, 60, 23938.207031
61.961, 60, 23938.652344
61.961, 60, 23939.097656
61.961, 60, 23939.542969
61.961, 60, 23939.988281
61.961, 60, 23940.431641
61.961, 60, 23940.876953
61.961, 60, 23941.322266
61.961, 60, 23941.767578
61.961, 60, 23942.212891
61.961, 60, 23942.658203
61.961, 60, 23943.101562
61.961, 60, 23943.546875
61.961, 60, 23943.992188
61.961, 60, 23944.437500
61.961, 60, 23944.882812
61.961, 60, 23945.328125
61.961, 60, 23945.773438
61.961, 60, 23946.216797
61.961, 60, 23946.662109
61.961, 60, 23947.107422
61.961, 60, 23947.552734
61.961, 60, 23947.998047
61.961, 60, 23948.443359
61.961, 60, 23948.888672
61.961, 60, 23949.332031
61.961, 60, 23949.777344
61.961, 60, 23950.222656
61.961, 60, 23950.667969
61.961, 60, 23951.113281
61.961, 60, 23951.558594
61.961, 60, 23952.003906
61.961, 60, 23952.447266
61.961, 60, 23952.892578
61.961, 60, 23953.337891
61.961, 60, 23953.783203
61.961, 60, 23954.228516
61.961, 60, 23954.673828
61.961, 60, 23955.119141
61.961, 60, 23955.562500
61.961, 60, 23956.007812
61.961, 60, 23956.453125
61.961, 60, 23956.898438
61.961, 60, 23957.343750
61.961, 60, 23957.789062
61.961, 60, 23958.234375
61.961, 60, 23958.677734
61.961, 60, 23959.123047
61.961, 60, 23959.568359
61.961, 60, 23960.013672
61.961, 60, 23960.458984
61.961, 60, 23960.904297
61.961, 60, 23961.349609
61.961, 60, 23961.792969
61.961, 60, 23962.238281
61.961, 60, 23962.683594
61.961, 60, 23963.128906
61.961, 60, 23963.574219
61.961, 60, 23964.019531
61.961, 60, 23964.464844
61.961, 60, 23964.908203
61.979, 60, 23965.353516
61.979, 60, 23965.798828
61.979, 60, 23966.244141
61.979, 60, 23966.689453
61.979, 60, 23967.134766
61.979, 60, 23967.580078
61.979, 60, 23968.023438
61.979, 60, 23968.468750
61.979, 60, 23968.914062
61.979, 60, 23969.359375
61.979, 60, 23969.804688
61.979, 60, 23970.250000
61.979, 60, 23970.695312
61.979, 60, 23971.138672
61.979, 60, 23971.583984
61.979, 60, 23972.029297
61.979, 60, 23972.474609
61.979, 60, 23972.919922
61.979, 60, 23973.365234
61.979, 60, 23973.810547
61.979, 60, 23974.253906
61.979, 60, 23974.699219
61.979, 60, 23975.144531
61.979, 60, 23975.589844
61.979, 60, 23976.035156
61.979, 60, 23976.480469
61.979, 60, 23976.925781
61.979, 60, 23977.369141
61.979, 60, 23977.814453
61.979, 60, 23978.259766
61.979, 60, 23978.705078
61.979, 60, 23979.150391
61.979, 60, 23979.595703
61.979, 60, 23980.041016
61.979, 60, 23980.484375
61.979, 60, 23980.929688
61.979, 60, 23981.375000
61.979, 60, 23981.820312
61.979, 60, 23982.265625
61.979, 60, 23982.710938
61.979, 60, 23983.156250
61.979, 60, 23983.599609
61.979, 60, 23984.044922
61.979, 60, 23984.490234
61.979, 60, 23984.935547
61.979, 60, 23985.380859
61.979, 60, 23985.826172
61.979, 60, 23986.271484
61.979, 60, 23986.714844
61.979, 60, 23987.160156
61.979, 60, 23987.605469
61.979, 60, 23988.050781
61.979, 60, 23988.496094
61.979, 60, 23988.941406
61.979, 60, 23989.384766
61.979, 60, 23989.830078
61.979, 60, 23990.275391
61.979, 60, 23990.720703
61.979, 60, 23991.166016
61.979, 60, 23991.611328
61.979, 60, 23992.056641
61.979, 60, 23992.500000
61.979, 60, 23992.945312
61.979, 60, 23993.390625
61.979, 60, 23993.835938
61.979, 60, 23994.281250
61.979, 60, 23994.726562
61.979, 60, 23995.171875
61.961, 60, 23995.615234
61.961, 60, 23996.060547
61.961, 60, 23996.505859
61.961, 60, 23996.951172
61.961, 60, 23997.396484
61.961, 60, 23997.841797
61.961, 60, 23998.287109
61.961, 60, 23998.730469
61.961, 60, 23999.175781
61.961, 60, 23999.621094
61.961, 60, 24000.066406
61.961, 60, 24000.511719
61.961, 60, 24000.957031
61.961, 60, 24001.402344
61.961, 60, 24001.845703
61.961, 60, 24002.291016
61.961, 60, 24002.736328
61.961, 60, 24003.181641
61.961, 60, 24003.626953
61.961, 60, 24004.072266
61.961, 60, 24004.517578
61.961, 60, 24004.960938
61.961, 60, 24005.406250
61.961, 60, 24005.851562
61.961, 60, 24006.296875
61.961, 60, 24006.742188
61.961, 60, 24007.187500
61.961, 60, 24007.632812
61.961, 60, 24008.076172
61.961, 60, 24008.521484
61.961, 60, 24008.966797
61.961, 60, 24009.412109
61.961, 60, 24009.857422
61.961, 60, 24010.302734
61.961, 60, 24010.748047
61.961, 60, 24011.191406
61.961, 60, 24011.636719
61.961, 60, 24012.082031
61.961, 60, 24012.527344
61.961, 60, 24012.972656
61.961, 60, 24013.417969
61.961, 60, 24013.863281
61.961, 60, 24014.306641
61.961, 60, 24014.751953
61.961, 60, 24015.197266
61.961, 60, 24015.642578
61.961, 60, 24016.087891
61.961, 60, 24016.533203
61.961, 60, 24016.978516
61.961, 60, 24017.421875
61.961, 60, 24017.867188
61.961, 60, 24018.312500
61.961, 60, 24018.757812
61.961, 60, 24019.203125
61.961, 60, 24019.648438
61.961, 60, 24020.093750
61.961, 60, 24020.537109
61.961, 60, 24020.982422
61.961, 60, 24021.427734
61.961, 60, 24021.873047
61.961, 60, 24022.318359
61.961, 60, 24022.763672
61.961, 60, 24023.208984
61.961, 60, 24023.652344
61.961, 60, 24024.097656
61.961, 60, 24024.542969
61.961, 60, 24024.988281
61.961, 60, 24025.433594
62.151, 60, 24025.878906
62.151, 60, 24026.324219
62.151, 60, 24026.767578
62.151, 60, 24027.212891
62.151, 60, 24027.658203
62.151, 60, 24028.103516
62.151, 60, 24028.548828
62.151, 60, 24028.994141
62.151, 60, 24029.439453
62.151, 60, 24029.882812
62.151, 60, 24030.328125
62.151, 60, 24030.773438
62.151, 60, 24031.218750
62.151, 60, 24031.664062
62.151, 60, 24032.109375
62.151, 60, 24032.554688
62.151, 60, 24032.998047
62.151, 60, 24033.443359
62.151, 60, 24033.888672
62.151, 60, 24034.333984
62.151, 60, 24034.779297
62.151, 60, 24035.224609
62.151, 60, 24035.667969
62.151, 60, 24036.113281
62.151, 60, 24036.558594
62.151, 60, 24037.003906
62.151, 60, 24037.449219
62.151, 60, 24037.894531
62.151, 60, 24038.339844
62.151, 60, 24038.783203
62.151, 60, 24039.228516
62.151, 60, 24039.673828
62.151, 60, 24040.119141
62.151, 60, 24040.564453
62.151, 60, 24041.009766
62.151, 60, 24041.455078
62.151, 60, 24041.898438
62.151, 60, 24042.343750
62.151, 60, 24042.789062
62.151, 60, 24043.234375
62.151, 60, 24043.679688
62.151, 60, 24044.125000
62.151, 60, 24044.570312
62.151, 60, 24045.013672
62.151, 60, 24045.458984
62.151, 60, 24045.904297
62.151, 60, 24046.349609
62.151, 60, 24046.794922
62.151, 60, 24047.240234
62.151, 60, 24047.685547
62.151, 60, 24048.128906
62.151, 60, 24048.574219
62.151, 60, 24049.019531
62.151, 60, 24049.464844
62.151, 60, 24049.910156
62.151, 60, 24050.355469
62.151, 60, 24050.800781
62.151, 60, 24051.244141
62.151, 60, 24051.689453
62.151, 60, 24052.134766
62.151, 60, 24052.580078
62.151, 60, 24053.025391
62.151, 60, 24053.470703
62.151, 60, 24053.916016
62.151, 60, 24054.359375
62.151, 60, 24054.804688
62.151, 60, 24055.250000
62.151, 60, 24055.695312
62.151, 60, 24056.140625
62.151, 60, 24056.585938
62.151, 60, 24057.031250
62.151, 60, 24057.474609
62.151, 60, 24057.919922
62.151, 60, 24058.365234
62.151, 60, 24058.810547
62.151, 60, 24059.255859
62.151, 60, 24059.701172
62.151, 60, 24060.146484
62.151, 60, 24060.589844
62.151, 60, 24061.035156
62.151, 60, 24061.480469
62.151, 60, 24061.925781
62.151, 60, 24062.371094
62.151, 60, 24062.816406
62.151, 60, 24063.261719
62.151, 60, 24063.705078
62.151, 60, 24064.150391
62.151, 60, 24064.595703
62.151, 60, 24065.041016
62.151, 60, 24065.486328
62.151, 60, 24065.931641
62.151, 60, 24066.376953
62.151, 60, 24066.820312
62.151, 60, 24067.265625
62.151, 60, 24067.710938
62.151, 60, 24068.156250
62.151, 60, 24068.601562
62.151, 60, 24069.046875
62.151, 60, 24069.492188
62.151, 60, 24069.935547
62.151, 60, 24070.380859
62.151, 60, 24070.826172
62.151, 60, 24071.271484
62.151, 60, 24071.716797
61.961, 60, 24072.162109
61.961, 60, 24072.607422
61.961, 60, 24073.050781
61.961, 60, 24073.496094
61.961, 60, 24073.941406
61.961, 60, 24074.386719
61.961, 60, 24074.832031
61.961, 60, 24075.277344
61.961, 60, 24075.722656
61.961, 60, 24076.166016
61.961, 60, 24076.611328
61.961, 60, 24077.056641
61.961, 60, 24077.501953
61.961, 60, 24077.947266
61.961, 60, 24078.392578
61.961, 60, 24078.837891
61.961, 60, 24079.281250
61.961, 60, 24079.726562
61.961, 60, 24080.171875
61.961, 60, 24080.617188
61.961, 60, 24081.062500
61.961, 60, 24081.507812
61.961, 60, 24081.951172
61.961, 60, 24082.396484
61.961, 60, 24082.841797
61.961, 60, 24083.287109
61.961, 60, 24083.732422
61.961, 60, 24084.177734
61.961, 60, 24084.623047
61.961, 60, 24085.066406
61.961, 60, 24085.511719
61.961, 60, 24085.957031
61.961, 60, 24086.402344
61.961, 60, 24086.847656
61.961, 60, 24087.292969
61.961, 60, 24087.738281
61.961, 60, 24088.181641
61.961, 60, 24088.626953
61.961, 60, 24089.072266
61.961, 60, 24089.517578
61.961, 60, 24089.962891
61.961, 60, 24090.408203
61.961, 60, 24090.853516
61.961, 60, 24091.296875
61.961, 60, 24091.742188
61.961, 60, 24092.187500
61.961, 60, 24092.632812
61.961, 60, 24093.078125
61.961, 60, 24093.523438
61.961, 60, 24093.968750
61.961, 60, 24094.412109
61.961, 60, 24094.857422
61.961, 60, 24095.302734
61.961, 60, 24095.748047
61.961, 60, 24096.193359
61.961, 60, 24096.638672
61.961, 60, 24097.083984
61.961, 60, 24097.527344
61.961, 60, 24097.972656
61.961, 60, 24098.417969
61.961, 60, 24098.863281
61.961, 60, 24099.308594
61.961, 60, 24099.753906
61.961, 60, 24100.199219
61.961, 60, 24100.642578
61.961, 60, 24101.087891
61.961, 60, 24101.533203
61.961, 60, 24101.978516
61.961, 60, 24102.423828
62.151, 60, 24102.869141
62.151, 60, 24103.314453
62.151, 60, 24103.757812
62.151, 60, 24104.203125
62.151, 60, 24104.648438
62.151, 60, 24105.093750
62.151, 60, 24105.539062
62.151, 60, 24105.984375
62.151, 60, 24106.429688
62.151, 60, 24106.873047
62.151, 60, 24107.318359
62.151, 60, 24107.763672
62.151, 60, 24108.208984
62.151, 60, 24108.654297
62.151, 60, 24109.099609
62.151, 60, 24109.544922
62.151, 60, 24109.988281
62.151, 60, 24110.433594
62.151, 60, 24110.878906
62.151, 60, 24111.324219
62.151, 60, 24111.769531
62.151, 60, 24112.214844
62.151, 60, 24112.660156
62.151, 60, 24113.103516
62.151, 60, 24113.548828
62.151, 60, 24113.994141
62.151, 60, 24114.439453
62.151, 60, 24114.884766
62.151, 60, 24115.330078
62.151, 60, 24115.775391
62.151, 60, 24116.218750
62.151, 60, 24116.664062
62.151, 60, 24117.109375
62.151, 60, 24117.554688
62.151, 60, 24118.000000
62.151, 60, 24118.445312
62.151, 60, 24118.890625
62.151, 60, 24119.333984
62.151, 60, 24119.779297
62.151, 60, 24120.224609
62.151, 60, 24120.669922
62.151, 60, 24121.115234
62.151, 60, 24121.560547
62.151, 60, 24122.005859
62.151, 60, 24122.449219
62.151, 60, 24122.894531
62.151, 60, 24123.339844
62.151, 60, 24123.785156
62.151, 60, 24124.230469
62.151, 60, 24124.675781
62.151, 60, 24125.121094
62.151, 60, 24125.564453
62.151, 60, 24126.009766
62.151, 60, 24126.455078
62.151, 60, 24126.900391
62.151, 60, 24127.345703
62.151, 60, 24127.791016
62.151, 60, 24128.234375
62.151, 60, 24128.679688
62.151, 60, 24129.125000
62.151, 60, 24129.570312
62.151, 60, 24130.015625
62.151, 60, 24130.460938
62.151, 60, 24130.906250
62.151, 60, 24131.349609
62.151, 60, 24131.794922
62.151, 60, 24132.240234
62.151, 60, 24132.685547
62.151, 60, 24133.130859
62.151, 60, 24133.576172
62.151, 60, 24134.021484
62.151, 60, 24134.464844
62.151, 60, 24134.910156
62.151, 60, 24135.355469
62.151, 60, 24135.800781
62.151, 60, 24136.246094
62.151, 60, 24136.691406
62.151, 60, 24137.136719
62.151, 60, 24137.580078
62.151, 60, 24138.025391
62.151, 60, 24138.470703
62.151, 60, 24138.916016
62.151, 60, 24139.361328
62.151, 60, 24139.806641
62.151, 60, 24140.251953
62.151, 60, 24140.695312
62.151, 60, 24141.140625
62.151, 60, 24141.585938
62.151, 60, 24142.031250
62.151, 60, 24142.476562
62.151, 60, 24142.921875
62.151, 60, 24143.367188
62.151, 60, 24143.810547
62.151, 60, 24144.255859
62.151, 60, 24144.701172
62.151, 60, 24145.146484
62.151, 60, 24145.591797
62.151, 60, 24146.037109
62.151, 60, 24146.482422
62.151, 60, 24146.925781
62.151, 60, 24147.371094
62.151, 60, 24147.816406
62.151, 60, 24148.261719
62.151, 60, 24148.707031
62.151, 60, 24149.152344
62.151, 60, 24149.597656
62.151, 60, 24150.041016
62.151, 60, 24150.486328
62.151, 60, 24150.931641
62.151, 60, 24151.376953
62.151, 60, 24151.822266
62.151, 60, 24152.267578
62.151, 60, 24152.712891
62.151, 60, 24153.156250
62.151, 60, 24153.601562
62.151, 60, 24154.046875
62.151, 60, 24154.492188
62.151, 60, 24154.937500
62.151, 60, 24155.382812
62.151, 60, 24155.828125
62.151, 60, 24156.271484
62.151, 60, 24156.716797
62.151, 60, 24157.162109
62.151, 60, 24157.607422
62.151, 60, 24158.052734
62.151, 60, 24158.498047
62.151, 60, 24158.943359
62.151, 60, 24159.386719
62.151, 60, 24159.832031
62.151, 60, 24160.277344
62.151, 60, 24160.722656
62.151, 60, 24161.167969
62.151, 60, 24161.613281
62.151, 60, 24162.058594
62.151, 60, 24162.501953
62.151, 60, 24162.947266
62.151, 60, 24163.392578
62.151, 60, 24163.837891
62.151, 60, 24164.283203
62.151, 60, 24164.728516
62.151, 60, 24165.173828
62.151, 60, 24165.617188
62.151, 60, 24166.062500
62.151, 60, 24166.507812
62.151, 60, 24166.953125
62.151, 60, 24167.398438
62.151, 60, 24167.843750
62.151, 60, 24168.289062
62.151, 60, 24168.732422
62.151, 60, 24169.177734
62.151, 60, 24169.623047
62.151, 60, 24170.068359
62.151, 60, 24170.513672
62.151, 60, 24170.958984
62.151, 60, 24171.404297
62.151, 60, 24171.847656
62.151, 60, 24172.292969
62.151, 60, 24172.738281
62.151, 60, 24173.183594
62.151, 60, 24173.628906
62.151, 60, 24174.074219
62.151, 60, 24174.517578
62.151, 60, 24174.962891
62.151, 60, 24175.408203
62.151, 60, 24175.853516
62.151, 60, 24176.298828
62.151, 60, 24176.744141
62.151, 60, 24177.189453
62.151, 60, 24177.632812
62.151, 60, 24178.078125
62.151, 60, 24178.523438
62.151, 60, 24178.968750
62.151, 60, 24179.414062
62.151, 60, 24179.859375
62.151, 60, 24180.304688
62.247, 60, 24180.748047
62.247, 60, 24181.193359
62.247, 60, 24181.638672
62.247, 60, 24182.083984
62.247, 60, 24182.529297
62.247, 60, 24182.974609
62.247, 60, 24183.419922
62.247, 60, 24183.863281
62.247, 60, 24184.308594
62.247, 60, 24184.753906
62.247, 60, 24185.199219
62.247, 60, 24185.644531
62.247, 60, 24186.089844
62.247, 60, 24186.535156
62.247, 60, 24186.978516
62.247, 60, 24187.423828
62.247, 60, 24187.869141
62.247, 60, 24188.314453
62.247, 60, 24188.759766
62.247, 60, 24189.205078
62.247, 60, 24189.650391
62.247, 60, 24190.093750
62.247, 60, 24190.539062
62.247, 60, 24190.984375
62.247, 60, 24191.429688
62.247, 60, 24191.875000
62.247, 60, 24192.320312
62.247, 60, 24192.765625
62.247, 60, 24193.208984
62.247, 60, 24193.654297
62.247, 60, 24194.099609
62.247, 60, 24194.544922
62.247, 60, 24194.990234
62.247, 60, 24195.435547
62.247, 60, 24195.880859
62.247, 60, 24196.324219
62.247, 60, 24196.769531
62.247, 60, 24197.214844
62.247, 60, 24197.660156
62.247, 60, 24198.105469
62.247, 60, 24198.550781
62.247, 60, 24198.996094
62.247, 60, 24199.439453
62.247, 60, 24199.884766
62.247, 60, 24200.330078
62.247, 60, 24200.775391
62.247, 60, 24201.220703
62.247, 60, 24201.666016
62.247, 60, 24202.111328
62.247, 60, 24202.554688
62.247, 60, 24203.000000
62.247, 60, 24203.445312
62.247, 60, 24203.890625
62.247, 60, 24204.335938
62.247, 60, 24204.781250
62.247, 60, 24205.226562
62.247, 60, 24205.669922
62.247, 60, 24206.115234
62.247, 60, 24206.560547
62.247, 60, 24207.005859
62.247, 60, 24207.451172
62.247, 60, 24207.896484
62.247, 60, 24208.341797
62.247, 60, 24208.785156
62.247, 60, 24209.230469
62.247, 60, 24209.675781
62.247, 60, 24210.121094
62.247, 60, 24210.566406
62.247, 60, 24211.011719
62.342, 60, 24211.457031
62.342, 60, 24211.900391
62.342, 60, 24212.345703
62.342, 60, 24212.791016
62.342, 60, 24213.236328
62.342, 60, 24213.681641
62.342, 60, 24214.126953
62.342, 60, 24214.572266
62.342, 60, 24215.015625
62.342, 60, 24215.460938
62.342, 60, 24215.906250
62.342, 60, 24216.351562
62.342, 60, 24216.796875
62.342, 60, 24217.242188
62.342, 60, 24217.687500
62.342, 60, 24218.130859
62.342, 60, 24218.576172
62.342, 60, 24219.021484
62.342, 60, 24219.466797
62.342, 60, 24219.912109
62.342, 60, 24220.357422
62.342, 60, 24220.800781
62.342, 60, 24221.246094
62.342, 60, 24221.691406
62.342, 60, 24222.136719
62.342, 60, 24222.582031
62.342, 60, 24223.027344
62.342, 60, 24223.472656
62.342, 60, 24223.916016
62.342, 60, 24224.361328
62.342, 60, 24224.806641
62.342, 60, 24225.251953
62.342, 60, 24225.697266
62.342, 60, 24226.142578
62.342, 60, 24226.587891
62.247, 60, 24227.031250
62.247, 60, 24227.476562
62.247, 60, 24227.921875
62.247, 60, 24228.367188
62.247, 60, 24228.812500
62.247, 60, 24229.257812
62.247, 60, 24229.703125
62.247, 60, 24230.146484
62.247, 60, 24230.591797
62.247, 60, 24231.037109
62.247, 60, 24231.482422
62.247, 60, 24231.927734
62.247, 60, 24232.373047
62.247, 60, 24232.818359
62.247, 60, 24233.261719
62.247, 60, 24233.707031
62.247, 60, 24234.152344
62.247, 60, 24234.597656
62.247, 60, 24235.042969
62.247, 60, 24235.488281
62.247, 60, 24235.933594
62.247, 60, 24236.376953
62.247, 60, 24236.822266
62.247, 60, 24237.267578
62.247, 60, 24237.712891
62.247, 60, 24238.158203
62.247, 60, 24238.603516
62.247, 60, 24239.048828
62.247, 60, 24239.492188
62.247, 60, 24239.937500
62.247, 60, 24240.382812
62.247, 60, 24240.828125
62.247, 60, 24241.273438
62.247, 60, 24241.718750
62.247, 60, 24242.164062
62.151, 60, 24242.607422
62.151, 60, 24243.052734
62.151, 60, 24243.498047
62.151, 60, 24243.943359
62.151, 60, 24244.388672
62.151, 60, 24244.833984
62.151, 60, 24245.279297
62.151, 60, 24245.722656
62.151, 60, 24246.167969
62.151, 60, 24246.613281
62.151, 60, 24247.058594
62.151, 60, 24247.503906
62.151, 60, 24247.949219
62.151, 60, 24248.394531
62.151, 60, 24248.837891
62.151, 60, 24249.283203
62.151, 60, 24249.728516
62.151, 60, 24250.173828
62.151, 60, 24250.619141
62.151, 60, 24251.064453
62.151, 60, 24251.509766
62.151, 60, 24251.953125
62.151, 60, 24252.398438
62.151, 60, 24252.843750
62.151, 60, 24253.289062
62.151, 60, 24253.734375
62.151, 60, 24254.179688
62.151, 60, 24254.625000
62.151, 60, 24255.068359
62.151, 60, 24255.513672
62.151, 60, 24255.958984
62.151, 60, 24256.404297
62.151, 60, 24256.849609
62.151, 60, 24257.294922
62.151, 60, 24257.740234
62.151, 60, 24258.183594
62.151, 60, 24258.628906
62.151, 60, 24259.074219
62.151, 60, 24259.519531
62.151, 60, 24259.964844
62.151, 60, 24260.410156
62.151, 60, 24260.855469
62.151, 60, 24261.298828
62.151, 60, 24261.744141
62.151, 60, 24262.189453
62.151, 60, 24262.634766
62.151, 60, 24263.080078
62.151, 60, 24263.525391
62.151, 60, 24263.970703
62.151, 60, 24264.414062
62.151, 60, 24264.859375
62.151, 60, 24265.304688
62.151, 60, 24265.750000
62.151, 60, 24266.195312
62.151, 60, 24266.640625
62.151, 60, 24267.083984
62.151, 60, 24267.529297
62.151, 60, 24267.974609
62.151, 60, 24268.419922
62.151, 60, 24268.865234
62.151, 60, 24269.310547
62.151, 60, 24269.755859
62.151, 60, 24270.199219
62.151, 60, 24270.644531
62.151, 60, 24271.089844
62.151, 60, 24271.535156
62.151, 60, 24271.980469
62.151, 60, 24272.425781
62.151, 60, 24272.871094
62.151, 60, 24273.314453
62.151, 60, 24273.759766
62.151, 60, 24274.205078
62.151, 60, 24274.650391
62.151, 60, 24275.095703
62.151, 60, 24275.541016
62.151, 60, 24275.986328
62.151, 60, 24276.429688
62.151, 60, 24276.875000
62.151, 60, 24277.320312
62.151, 60, 24277.765625
62.151, 60, 24278.210938
62.151, 60, 24278.656250
62.151, 60, 24279.101562
62.151, 60, 24279.544922
62.151, 60, 24279.990234
62.151, 60, 24280.435547
62.151, 60, 24280.880859
62.151, 60, 24281.326172
62.151, 60, 24281.771484
62.151, 60, 24282.216797
62.151, 60, 24282.660156
62.151, 60, 24283.105469
62.151, 60, 24283.550781
62.151, 60, 24283.996094
62.151, 60, 24284.441406
62.151, 60, 24284.886719
62.151, 60, 24285.332031
62.151, 60, 24285.775391
62.151, 60, 24286.220703
62.151, 60, 24286.666016
62.151, 60, 24287.111328
62.151, 60, 24287.556641
62.151, 60, 24288.001953
62.151, 60, 24288.447266
62.151, 60, 24288.890625
62.247, 60, 24289.335938
62.247, 60, 24289.781250
62.247, 60, 24290.226562
62.247, 60, 24290.671875
62.247, 60, 24291.117188
62.247, 60, 24291.562500
62.247, 60, 24292.005859
62.247, 60, 24292.451172
62.247, 60, 24292.896484
62.247, 60, 24293.341797
62.247, 60, 24293.787109
62.247, 60, 24294.232422
62.247, 60, 24294.677734
62.247, 60, 24295.121094
62.247, 60, 24295.566406
62.247, 60, 24296.011719
62.247, 60, 24296.457031
62.247, 60, 24296.902344
62.247, 60, 24297.347656
62.247, 60, 24297.792969
62.247, 60, 24298.236328
62.247, 60, 24298.681641
62.247, 60, 24299.126953
62.247, 60, 24299.572266
62.247, 60, 24300.017578
62.247, 60, 24300.462891
62.247, 60, 24300.908203
62.247, 60, 24301.351562
62.247, 60, 24301.796875
62.247, 60, 24302.242188
62.247, 60, 24302.687500
62.247, 60, 24303.132812
62.247, 60, 24303.578125
62.247, 60, 24304.023438
62.247, 60, 24304.466797
62.247, 60, 24304.912109
62.247, 60, 24305.357422
62.247, 60, 24305.802734
62.247, 60, 24306.248047
62.247, 60, 24306.693359
62.247, 60, 24307.138672
62.247, 60, 24307.582031
62.247, 60, 24308.027344
62.247, 60, 24308.472656
62.247, 60, 24308.917969
62.247, 60, 24309.363281
62.247, 60, 24309.808594
62.247, 60, 24310.253906
62.247, 60, 24310.697266
62.247, 60, 24311.142578
62.247, 60, 24311.587891
62.247, 60, 24312.033203
62.247, 60, 24312.478516
62.247, 60, 24312.923828
62.247, 60, 24313.367188
62.247, 60, 24313.812500
62.247, 60, 24314.257812
62.247, 60, 24314.703125
62.247, 60, 24315.148438
62.247, 60, 24315.593750
62.247, 60, 24316.039062
62.247, 60, 24316.482422
62.247, 60, 24316.927734
62.247, 60, 24317.373047
62.247, 60, 24317.818359
62.247, 60, 24318.263672
62.247, 60, 24318.708984
62.247, 60, 24319.154297
62.247, 60, 24319.597656
62.151, 60, 24320.042969
62.151, 60, 24320.488281
62.151, 60, 24320.933594
62.151, 60, 24321.378906
62.151, 60, 24321.824219
62.151, 60, 24322.269531
62.151, 60, 24322.712891
62.151, 60, 24323.158203
62.151, 60, 24323.603516
62.151, 60, 24324.048828
62.151, 60, 24324.494141
62.151, 60, 24324.939453
62.151, 60, 24325.384766
62.151, 60, 24325.828125
62.151, 60, 24326.273438
62.151, 60, 24326.718750
62.151, 60, 24327.164062
62.151, 60, 24327.609375
62.151, 60, 24328.054688
62.151, 60, 24328.500000
62.151, 60, 24328.943359
62.151, 60, 24329.388672
62.151, 60, 24329.833984
62.151, 60, 24330.279297
62.151, 60, 24330.724609
62.151, 60, 24331.169922
62.151, 60, 24331.615234
62.151, 60, 24332.058594
62.151, 60, 24332.503906
62.151, 60, 24332.949219
62.151, 60, 24333.394531
62.151, 60, 24333.839844
62.151, 60, 24334.285156
62.151, 60, 24334.730469
62.247, 60, 24335.173828
62.247, 60, 24335.619141
62.247, 60, 24336.064453
62.247, 60, 24336.509766
62.247, 60, 24336.955078
62.247, 60, 24337.400391
62.247, 60, 24337.845703
62.247, 60, 24338.289062
62.247, 60, 24338.734375
62.247, 60, 24339.179688
62.247, 60, 24339.625000
62.247, 60, 24340.070312
62.247, 60, 24340.515625
62.247, 60, 24340.960938
62.247, 60, 24341.404297
62.247, 60, 24341.849609
62.247, 60, 24342.294922
62.247, 60, 24342.740234
62.247, 60, 24343.185547
62.247, 60, 24343.630859
62.247, 60, 24344.076172
62.247, 60, 24344.519531
62.247, 60, 24344.964844
62.247, 60, 24345.410156
62.247, 60, 24345.855469
62.247, 60, 24346.300781
62.247, 60, 24346.746094
62.247, 60, 24347.191406
62.247, 60, 24347.634766
62.247, 60, 24348.080078
62.247, 60, 24348.525391
62.247, 60, 24348.970703
62.247, 60, 24349.416016
62.247, 60, 24349.861328
62.247, 60, 24350.306641
62.247, 60, 24350.750000
62.247, 60, 24351.195312
62.247, 60, 24351.640625
62.247, 60, 24352.085938
62.247, 60, 24352.531250
62.247, 60, 24352.976562
62.247, 60, 24353.421875
62.247, 60, 24353.865234
62.247, 60, 24354.310547
62.247, 60, 24354.755859
62.247, 60, 24355.201172
62.247, 60, 24355.646484
62.247, 60, 24356.091797
62.247, 60, 24356.537109
62.247, 60, 24356.980469
62.247, 60, 24357.425781
62.247, 60, 24357.871094
62.247, 60, 24358.316406
62.247, 60, 24358.761719
62.247, 60, 24359.207031
62.247, 60, 24359.650391
62.247, 60, 24360.095703
62.247, 60, 24360.541016
62.247, 60, 24360.986328
62.247, 60, 24361.431641
62.247, 60, 24361.876953
62.247, 60, 24362.322266
62.247, 60, 24362.765625
62.247, 60, 24363.210938
62.247, 60, 24363.656250
62.247, 60, 24364.101562
62.247, 60, 24364.546875
62.247, 60, 24364.992188
62.247, 60, 24365.437500
62.247, 60, 24365.880859
62.247, 60, 24366.326172
62.247, 60, 24366.771484
62.247, 60, 24367.216797
62.247, 60, 24367.662109
62.247, 60, 24368.107422
62.247, 60, 24368.552734
62.247, 60, 24368.996094
62.247, 60, 24369.441406
62.247, 60, 24369.886719
62.247, 60, 24370.332031
62.247, 60, 24370.777344
62.247, 60, 24371.222656
62.247, 60, 24371.667969
62.247, 60, 24372.111328
62.247, 60, 24372.556641
62.247, 60, 24373.001953
62.247, 60, 24373.447266
62.247, 60, 24373.892578
62.247, 60, 24374.337891
62.247, 60, 24374.783203
62.247, 60, 24375.226562
62.247, 60, 24375.671875
62.247, 60, 24376.117188
62.247, 60, 24376.562500
62.247, 60, 24377.007812
62.247, 60, 24377.453125
62.247, 60, 24377.898438
62.247, 60, 24378.341797
62.247, 60, 24378.787109
62.247, 60, 24379.232422
62.247, 60, 24379.677734
62.247, 60, 24380.123047
62.247, 60, 24380.568359
62.247, 60, 24381.013672
62.342, 60, 24381.457031
62.342, 60, 24381.902344
62.342, 60, 24382.347656
62.342, 60, 24382.792969
62.342, 60, 24383.238281
62.342, 60, 24383.683594
62.342, 60, 24384.128906
62.342, 60, 24384.572266
62.342, 60, 24385.017578
62.342, 60, 24385.462891
62.342, 60, 24385.908203
62.342, 60, 24386.353516
62.342, 60, 24386.798828
62.342, 60, 24387.244141
62.342, 60, 24387.687500
62.342, 60, 24388.132812
62.342, 60, 24388.578125
62.342, 60, 24389.023438
62.342, 60, 24389.468750
62.342, 60, 24389.914062
62.342, 60, 24390.359375
62.342, 60, 24390.802734
62.342, 60, 24391.248047
62.342, 60, 24391.693359
62.342, 60, 24392.138672
62.342, 60, 24392.583984
62.342, 60, 24393.029297
62.342, 60, 24393.474609
62.342, 60, 24393.917969
62.342, 60, 24394.363281
62.342, 60, 24394.808594
62.342, 60, 24395.253906
62.342, 60, 24395.699219
62.342, 60, 24396.144531
62.342, 60, 24396.589844
62.247, 60, 24397.033203
62.247, 60, 24397.478516
62.247, 60, 24397.923828
62.247, 60, 24398.369141
62.247, 60, 24398.814453
62.247, 60, 24399.259766
62.247, 60, 24399.705078
62.247, 60, 24400.148438
62.247, 60, 24400.593750
62.247, 60, 24401.039062
62.247, 60, 24401.484375
62.247, 60, 24401.929688
62.247, 60, 24402.375000
62.247, 60, 24402.820312
62.247, 60, 24403.263672
62.247, 60, 24403.708984
62.247, 60, 24404.154297
62.247, 60, 24404.599609
62.247, 60, 24405.044922
62.247, 60, 24405.490234
62.247, 60, 24405.933594
62.247, 60, 24406.378906
62.247, 60, 24406.824219
62.247, 60, 24407.269531
62.247, 60, 24407.714844
62.247, 60, 24408.160156
62.247, 60, 24408.605469
62.247, 60, 24409.048828
62.247, 60, 24409.494141
62.247, 60, 24409.939453
62.247, 60, 24410.384766
62.247, 60, 24410.830078
62.247, 60, 24411.275391
62.247, 60, 24411.720703
62.247, 60, 24412.164062
62.247, 60, 24412.609375
62.247, 60, 24413.054688
62.247, 60, 24413.500000
62.247, 60, 24413.945312
62.247, 60, 24414.390625
62.247, 60, 24414.835938
62.247, 60, 24415.279297
62.247, 60, 24415.724609
62.247, 60, 24416.169922
62.247, 60, 24416.615234
62.247, 60, 24417.060547
62.247, 60, 24417.505859
62.247, 60, 24417.951172
62.247, 60, 24418.394531
62.247, 60, 24418.839844
62.247, 60, 24419.285156
62.247, 60, 24419.730469
62.247, 60, 24420.175781
62.247, 60, 24420.621094
62.247, 60, 24421.066406
62.247, 60, 24421.509766
62.247, 60, 24421.955078
62.247, 60, 24422.400391
62.247, 60, 24422.845703
62.247, 60, 24423.291016
62.247, 60, 24423.736328
62.247, 60, 24424.181641
62.247, 60, 24424.625000
62.247, 60, 24425.070312
62.247, 60, 24425.515625
62.247, 60, 24425.960938
62.247, 60, 24426.406250
62.247, 60, 24426.851562
62.247, 60, 24427.296875
62.342, 60, 24427.740234
62.342, 60, 24428.185547
62.342, 60, 24428.630859
62.342, 60, 24429.076172
62.342, 60, 24429.521484
62.342, 60, 24429.966797
62.342, 60, 24430.412109
62.342, 60, 24430.855469
62.342, 60, 24431.300781
62.342, 60, 24431.746094
62.342, 60, 24432.191406
62.342, 60, 24432.636719
62.342, 60, 24433.082031
62.342, 60, 24433.527344
62.342, 60, 24433.970703
62.342, 60, 24434.416016
62.342, 60, 24434.861328
62.342, 60, 24435.306641
62.342, 60, 24435.751953
62.342, 60, 24436.197266
62.342, 60, 24436.642578
62.342, 60, 24437.085938
62.342, 60, 24437.531250
62.342, 60, 24437.976562
62.342, 60, 24438.421875
62.342, 60, 24438.867188
62.342, 60, 24439.312500
62.342, 60, 24439.757812
62.342, 60, 24440.201172
62.342, 60, 24440.646484
62.342, 60, 24441.091797
62.342, 60, 24441.537109
62.342, 60, 24441.982422
62.342, 60, 24442.427734
62.342, 60, 24442.873047
62.342, 60, 24443.316406
62.342, 60, 24443.761719
62.342, 60, 24444.207031
62.342, 60, 24444.652344
62.342, 60, 24445.097656
62.342, 60, 24445.542969
62.342, 60, 24445.988281
62.342, 60, 24446.431641
62.342, 60, 24446.876953
62.342, 60, 24447.322266
62.342, 60, 24447.767578
62.342, 60, 24448.212891
62.342, 60, 24448.658203
62.342, 60, 24449.103516
62.342, 60, 24449.546875
62.342, 60, 24449.992188
62.342, 60, 24450.437500
62.342, 60, 24450.882812
62.342, 60, 24451.328125
62.342, 60, 24451.773438
62.342, 60, 24452.216797
62.342, 60, 24452.662109
62.342, 60, 24453.107422
62.342, 60, 24453.552734
62.342, 60, 24453.998047
62.342, 60, 24454.443359
62.342, 60, 24454.888672
62.342, 60, 24455.332031
62.342, 60, 24455.777344
62.342, 60, 24456.222656
62.342, 60, 24456.667969
62.342, 60, 24457.113281
62.342, 60, 24457.558594
62.342, 60, 24458.003906
62.342, 60, 24458.447266
62.342, 60, 24458.892578
62.342, 60, 24459.337891
62.342, 60, 24459.783203
62.342, 60, 24460.228516
62.342, 60, 24460.673828
62.342, 60, 24461.119141
62.342, 60, 24461.562500
62.342, 60, 24462.007812
62.342, 60, 24462.453125
62.342, 60, 24462.898438
62.342, 60, 24463.343750
62.342, 60, 24463.789062
62.342, 60, 24464.234375
62.342, 60, 24464.677734
62.342, 60, 24465.123047
62.342, 60, 24465.568359
62.342, 60, 24466.013672
62.342, 60, 24466.458984
62.342, 60, 24466.904297
62.342, 60, 24467.349609
62.342, 60, 24467.792969
62.342, 60, 24468.238281
62.342, 60, 24468.683594
62.342, 60, 24469.128906
62.342, 60, 24469.574219
62.342, 60, 24470.019531
62.342, 60, 24470.464844
62.342, 60, 24470.908203
62.342, 60, 24471.353516
62.342, 60, 24471.798828
62.342, 60, 24472.244141
62.342, 60, 24472.689453
62.342, 60, 24473.134766
62.342, 60, 24473.580078
62.342, 60, 24474.023438
62.342, 60, 24474.468750
62.342, 60, 24474.914062
62.342, 60, 24475.359375
62.342, 60, 24475.804688
62.342, 60, 24476.250000
62.342, 60, 24476.695312
62.342, 60, 24477.138672
62.342, 60, 24477.583984
62.342, 60, 24478.029297
62.342, 60, 24478.474609
62.342, 60, 24478.919922
62.342, 60, 24479.365234
62.342, 60, 24479.810547
62.342, 60, 24480.253906
62.342, 60, 24480.699219
62.342, 60, 24481.144531
62.342, 60, 24481.589844
62.342, 60, 24482.035156
62.342, 60, 24482.480469
62.342, 60, 24482.925781
62.342, 60, 24483.369141
62.342, 60, 24483.814453
62.342, 60, 24484.259766
62.342, 60, 24484.705078
62.342, 60, 24485.150391
62.342, 60, 24485.595703
62.342, 60, 24486.041016
62.342, 60, 24486.484375
62.342, 60, 24486.929688
62.342, 60, 24487.375000
62.342, 60, 24487.820312
62.342, 60, 24488.265625
62.342, 60, 24488.710938
62.342, 60, 24489.156250
62.342, 60, 24489.599609
62.342, 60, 24490.044922
62.342, 60, 24490.490234
62.342, 60, 24490.935547
62.342, 60, 24491.380859
62.342, 60, 24491.826172
62.342, 60, 24492.271484
62.342, 60, 24492.714844
62.342, 60, 24493.160156
62.342, 60, 24493.605469
62.342, 60, 24494.050781
62.342, 60, 24494.496094
62.342, 60, 24494.941406
62.342, 60, 24495.386719
62.342, 60, 24495.830078
62.342, 60, 24496.275391
62.342, 60, 24496.720703
62.342, 60, 24497.166016
62.342, 60, 24497.611328
62.342, 60, 24498.056641
62.342, 60, 24498.500000
62.342, 60, 24498.945312
62.342, 60, 24499.390625
62.342, 60, 24499.835938
62.342, 60, 24500.281250
62.342, 60, 24500.726562
62.342, 60, 24501.171875
62.342, 60, 24501.615234
62.342, 60, 24502.060547
62.342, 60, 24502.505859
62.342, 60, 24502.951172
62.342, 60, 24503.396484
62.531, 60, 24503.841797
62.531, 60, 24504.287109
62.531, 60, 24504.730469
62.531, 60, 24505.175781
62.531, 60, 24505.621094
62.531, 60, 24506.066406
62.531, 60, 24506.511719
62.531, 60, 24506.957031
62.531, 60, 24507.402344
62.531, 60, 24507.845703
62.531, 60, 24508.291016
62.531, 60, 24508.736328
62.531, 60, 24509.181641
62.531, 60, 24509.626953
62.531, 60, 24510.072266
62.531, 60, 24510.517578
62.531, 60, 24510.960938
62.531, 60, 24511.406250
62.531, 60, 24511.851562
62.531, 60, 24512.296875
62.531, 60, 24512.742188
62.531, 60, 24513.187500
62.531, 60, 24513.632812
62.531, 60, 24514.076172
62.531, 60, 24514.521484
62.531, 60, 24514.966797
62.531, 60, 24515.412109
62.531, 60, 24515.857422
62.531, 60, 24516.302734
62.531, 60, 24516.748047
62.531, 60, 24517.191406
62.531, 60, 24517.636719
62.531, 60, 24518.082031
62.531, 60, 24518.527344
62.531, 60, 24518.972656
62.531, 60, 24519.417969
62.531, 60, 24519.863281
62.531, 60, 24520.306641
62.531, 60, 24520.751953
62.531, 60, 24521.197266
62.531, 60, 24521.642578
62.531, 60, 24522.087891
62.531, 60, 24522.533203
62.531, 60, 24522.978516
62.531, 60, 24523.421875
62.531, 60, 24523.867188
62.531, 60, 24524.312500
62.531, 60, 24524.757812
62.531, 60, 24525.203125
62.531, 60, 24525.648438
62.531, 60, 24526.093750
62.531, 60, 24526.537109
62.531, 60, 24526.982422
62.531, 60, 24527.427734
62.531, 60, 24527.873047
62.531, 60, 24528.318359
62.531, 60, 24528.763672
62.531, 60, 24529.208984
62.531, 60, 24529.652344
62.531, 60, 24530.097656
62.531, 60, 24530.542969
62.531, 60, 24530.988281
62.531, 60, 24531.433594
62.531, 60, 24531.878906
62.531, 60, 24532.324219
62.531, 60, 24532.767578
62.531, 60, 24533.212891
62.531, 60, 24533.658203
62.531, 60, 24534.103516
62.247, 60, 24534.548828
62.247, 60, 24534.994141
62.247, 60, 24535.439453
62.247, 60, 24535.882812
62.247, 60, 24536.328125
62.247, 60, 24536.773438
62.247, 60, 24537.218750
62.247, 60, 24537.664062
62.247, 60, 24538.109375
62.247, 60, 24538.554688
62.247, 60, 24538.998047
62.247, 60, 24539.443359
62.247, 60, 24539.888672
62.247, 60, 24540.333984
62.247, 60, 24540.779297
62.247, 60, 24541.224609
62.247, 60, 24541.669922
62.247, 60, 24542.113281
62.247, 60, 24542.558594
62.247, 60, 24543.003906
62.247, 60, 24543.449219
62.247, 60, 24543.894531
62.247, 60, 24544.339844
62.247, 60, 24544.783203
62.247, 60, 24545.228516
62.247, 60, 24545.673828
62.247, 60, 24546.119141
62.247, 60, 24546.564453
62.247, 60, 24547.009766
62.247, 60, 24547.455078
62.247, 60, 24547.898438
62.247, 60, 24548.343750
62.247, 60, 24548.789062
62.247, 60, 24549.234375
62.247, 60, 24549.679688
62.151, 60, 24550.125000
62.151, 60, 24550.570312
62.151, 60, 24551.013672
62.151, 60, 24551.458984
62.151, 60, 24551.904297
62.151, 60, 24552.349609
62.151, 60, 24552.794922
62.151, 60, 24553.240234
62.151, 60, 24553.685547
62.151, 60, 24554.128906
62.151, 60, 24554.574219
62.151, 60, 24555.019531
62.151, 60, 24555.464844
62.151, 60, 24555.910156
62.151, 60, 24556.355469
62.151, 60, 24556.800781
62.151, 60, 24557.244141
62.151, 60, 24557.689453
62.151, 60, 24558.134766
62.151, 60, 24558.580078
62.151, 60, 24559.025391
62.151, 60, 24559.470703
62.151, 60, 24559.916016
62.151, 60, 24560.359375
62.151, 60, 24560.804688
62.151, 60, 24561.250000
62.151, 60, 24561.695312
62.151, 60, 24562.140625
62.151, 60, 24562.585938
62.151, 60, 24563.031250
62.151, 60, 24563.474609
62.151, 60, 24563.919922
62.151, 60, 24564.365234
62.151, 60, 24564.810547
62.151, 60, 24565.255859
62.056, 60, 24565.701172
62.056, 60, 24566.146484
62.056, 60, 24566.589844
62.056, 60, 24567.035156
62.056, 60, 24567.480469
62.056, 60, 24567.925781
62.056, 60, 24568.371094
62.056, 60, 24568.816406
62.056, 60, 24569.261719
62.056, 60, 24569.705078
62.056, 60, 24570.150391
62.056, 60, 24570.595703
62.056, 60, 24571.041016
62.056, 60, 24571.486328
62.056, 60, 24571.931641
62.056, 60, 24572.376953
62.056, 60, 24572.820312
62.056, 60, 24573.265625
62.056, 60, 24573.710938
62.056, 60, 24574.156250
62.056, 60, 24574.601562
62.056, 60, 24575.046875
62.056, 60, 24575.492188
62.056, 60, 24575.935547
62.056, 60, 24576.380859
62.056, 60, 24576.826172
62.056, 60, 24577.271484
62.056, 60, 24577.716797
62.056, 60, 24578.162109
62.056, 60, 24578.607422
62.056, 60, 24579.050781
62.056, 60, 24579.496094
62.056, 60, 24579.941406
62.056, 60, 24580.386719
62.056, 60, 24580.832031
61.961, 60, 24581.277344
61.961, 60, 24581.722656
61.961, 60, 24582.166016
61.961, 60, 24582.611328
61.961, 60, 24583.056641
61.961, 60, 24583.501953
61.961, 60, 24583.947266
61.961, 60, 24584.392578
61.961, 60, 24584.837891
61.961, 60, 24585.281250
61.961, 60, 24585.726562
61.961, 60, 24586.171875
61.961, 60, 24586.617188
61.961, 60, 24587.062500
61.961, 60, 24587.507812
61.961, 60, 24587.953125
61.961, 60, 24588.396484
61.961, 60, 24588.841797
61.961, 60, 24589.287109
61.961, 60, 24589.732422
61.961, 60, 24590.177734
61.961, 60, 24590.623047
61.961, 60, 24591.066406
61.961, 60, 24591.511719
61.961, 60, 24591.957031
61.961, 60, 24592.402344
61.961, 60, 24592.847656
61.961, 60, 24593.292969
61.961, 60, 24593.738281
61.961, 60, 24594.181641
61.961, 60, 24594.626953
61.961, 60, 24595.072266
61.961, 60, 24595.517578
61.961, 60, 24595.962891
61.961, 60, 24596.408203
61.961, 60, 24596.853516
61.961, 60, 24597.296875
61.961, 60, 24597.742188
61.961, 60, 24598.187500
61.961, 60, 24598.632812
61.961, 60, 24599.078125
61.961, 60, 24599.523438
61.961, 60, 24599.968750
61.961, 60, 24600.412109
61.961, 60, 24600.857422
61.961, 60, 24601.302734
61.961, 60, 24601.748047
61.961, 60, 24602.193359
61.961, 60, 24602.638672
61.961, 60, 24603.083984
61.961, 60, 24603.527344
61.961, 60, 24603.972656
61.961, 60, 24604.417969
61.961, 60, 24604.863281
61.961, 60, 24605.308594
61.961, 60, 24605.753906
61.961, 60, 24606.199219
61.961, 60, 24606.642578
61.961, 60, 24607.087891
61.961, 60, 24607.533203
61.961, 60, 24607.978516
61.961, 60, 24608.423828
61.961, 60, 24608.869141
61.961, 60, 24609.314453
61.961, 60, 24609.757812
61.961, 60, 24610.203125
61.961, 60, 24610.648438
61.961, 60, 24611.093750
61.961, 60, 24611.539062
61.961, 60, 24611.984375
61.961, 60, 24612.429688
61.961, 60, 24612.873047
61.961, 60, 24613.318359
61.961, 60, 24613.763672
61.961, 60, 24614.208984
61.961, 60, 24614.654297
61.961, 60, 24615.099609
61.961, 60, 24615.544922
61.961, 60, 24615.988281
61.961, 60, 24616.433594
61.961, 60, 24616.878906
61.961, 60, 24617.324219
61.961, 60, 24617.769531
61.961, 60, 24618.214844
61.961, 60, 24618.660156
61.961, 60, 24619.103516
61.961, 60, 24619.548828
61.961, 60, 24619.994141
61.961, 60, 24620.439453
61.961, 60, 24620.884766
61.961, 60, 24621.330078
61.961, 60, 24621.775391
61.961, 60, 24622.218750
61.961, 60, 24622.664062
61.961, 60, 24623.109375
61.961, 60, 24623.554688
61.961, 60, 24624.000000
61.961, 60, 24624.445312
61.961, 60, 24624.890625
61.961, 60, 24625.333984
61.961, 60, 24625.779297
61.961, 60, 24626.224609
61.961, 60, 24626.669922
61.961, 60, 24627.115234
61.961, 60, 24627.560547
61.961, 60, 24628.005859
61.961, 60, 24628.449219
61.961, 60, 24628.894531
61.961, 60, 24629.339844
61.961, 60, 24629.785156
61.961, 60, 24630.230469
61.961, 60, 24630.675781
61.961, 60, 24631.121094
61.961, 60, 24631.564453
61.961, 60, 24632.009766
61.961, 60, 24632.455078
61.961, 60, 24632.900391
61.961, 60, 24633.345703
61.961, 60, 24633.791016
61.961, 60, 24634.236328
61.961, 60, 24634.679688
61.961, 60, 24635.125000
61.961, 60, 24635.570312
61.961, 60, 24636.015625
61.961, 60, 24636.460938
61.961, 60, 24636.906250
61.961, 60, 24637.351562
61.961, 60, 24637.794922
61.961, 60, 24638.240234
61.961, 60, 24638.685547
61.961, 60, 24639.130859
61.961, 60, 24639.576172
61.961, 60, 24640.021484
61.961, 60, 24640.464844
61.961, 60, 24640.910156
61.961, 60, 24641.355469
61.961, 60, 24641.800781
61.961, 60, 24642.246094
61.961, 60, 24642.691406
61.961, 60, 24643.136719
61.961, 60, 24643.580078
61.961, 60, 24644.025391
61.961, 60, 24644.470703
61.961, 60, 24644.916016
61.961, 60, 24645.361328
61.961, 60, 24645.806641
61.961, 60, 24646.251953
61.961, 60, 24646.695312
61.961, 60, 24647.140625
61.961, 60, 24647.585938
61.961, 60, 24648.031250
61.961, 60, 24648.476562
61.961, 60, 24648.921875
61.961, 60, 24649.367188
61.961, 60, 24649.810547
61.961, 60, 24650.255859
61.961, 60, 24650.701172
61.961, 60, 24651.146484
61.961, 60, 24651.591797
61.961, 60, 24652.037109
61.961, 60, 24652.482422
61.961, 60, 24652.925781
61.961, 60, 24653.371094
61.961, 60, 24653.816406
61.961, 60, 24654.261719
61.961, 60, 24654.707031
61.961, 60, 24655.152344
61.961, 60, 24655.597656
61.961, 60, 24656.041016
61.961, 60, 24656.486328
61.961, 60, 24656.931641
61.961, 60, 24657.376953
61.961, 60, 24657.822266
62.056, 60, 24658.267578
62.056, 60, 24658.712891
62.056, 60, 24659.156250
62.056, 60, 24659.601562
62.056, 60, 24660.046875
62.056, 60, 24660.492188
62.056, 60, 24660.937500
62.056, 60, 24661.382812
62.056, 60, 24661.828125
62.056, 60, 24662.271484
62.056, 60, 24662.716797
62.056, 60, 24663.162109
62.056, 60, 24663.607422
62.056, 60, 24664.052734
62.056, 60, 24664.498047
62.056, 60, 24664.943359
62.056, 60, 24665.386719
62.056, 60, 24665.832031
62.056, 60, 24666.277344
62.056, 60, 24666.722656
62.056, 60, 24667.167969
62.056, 60, 24667.613281
62.056, 60, 24668.058594
62.056, 60, 24668.501953
62.056, 60, 24668.947266
62.056, 60, 24669.392578
62.056, 60, 24669.837891
62.056, 60, 24670.283203
62.056, 60, 24670.728516
62.056, 60, 24671.173828
62.056, 60, 24671.617188
62.056, 60, 24672.062500
62.056, 60, 24672.507812
62.056, 60, 24672.953125
62.056, 60, 24673.398438
62.151, 60, 24673.843750
62.151, 60, 24674.289062
62.151, 60, 24674.732422
62.151, 60, 24675.177734
62.151, 60, 24675.623047
62.151, 60, 24676.068359
62.151, 60, 24676.513672
62.151, 60, 24676.958984
62.151, 60, 24677.404297
62.151, 60, 24677.847656
62.151, 60, 24678.292969
62.151, 60, 24678.738281
62.151, 60, 24679.183594
62.151, 60, 24679.628906
62.151, 60, 24680.074219
62.151, 60, 24680.519531
62.151, 60, 24680.962891
62.151, 60, 24681.408203
62.151, 60, 24681.853516
62.151, 60, 24682.298828
62.151, 60, 24682.744141
62.151, 60, 24683.189453
62.151, 60, 24683.634766
62.151, 60, 24684.078125
62.151, 60, 24684.523438
62.151, 60, 24684.968750
62.151, 60, 24685.414062
62.151, 60, 24685.859375
62.151, 60, 24686.304688
62.151, 60, 24686.748047
62.151, 60, 24687.193359
62.151, 60, 24687.638672
62.151, 60, 24688.083984
62.151, 60, 24688.529297
62.151, 60, 24688.974609
62.151, 60, 24689.419922
62.151, 60, 24689.863281
62.151, 60, 24690.308594
62.151, 60, 24690.753906
62.151, 60, 24691.199219
62.151, 60, 24691.644531
62.151, 60, 24692.089844
62.151, 60, 24692.535156
62.151, 60, 24692.978516
62.151, 60, 24693.423828
62.151, 60, 24693.869141
62.151, 60, 24694.314453
62.151, 60, 24694.759766
62.151, 60, 24695.205078
62.151, 60, 24695.650391
62.151, 60, 24696.093750
62.151, 60, 24696.539062
62.151, 60, 24696.984375
62.151, 60, 24697.429688
62.151, 60, 24697.875000
62.151, 60, 24698.320312
62.151, 60, 24698.765625
62.151, 60, 24699.208984
62.151, 60, 24699.654297
62.151, 60, 24700.099609
62.151, 60, 24700.544922
62.151, 60, 24700.990234
62.151, 60, 24701.435547
62.151, 60, 24701.880859
62.151, 60, 24702.324219
62.151, 60, 24702.769531
62.151, 60, 24703.214844
62.151, 60, 24703.660156
62.151, 60, 24704.105469
62.151, 60, 24704.550781
62.151, 60, 24704.996094
62.151, 60, 24705.439453
62.151, 60, 24705.884766
62.151, 60, 24706.330078
62.151, 60, 24706.775391
62.151, 60, 24707.220703
62.151, 60, 24707.666016
62.151, 60, 24708.111328
62.151, 60, 24708.554688
62.151, 60, 24709.000000
62.151, 60, 24709.445312
62.151, 60, 24709.890625
62.151, 60, 24710.335938
62.151, 60, 24710.781250
62.151, 60, 24711.226562
62.151, 60, 24711.669922
62.151, 60, 24712.115234
62.151, 60, 24712.560547
62.151, 60, 24713.005859
62.151, 60, 24713.451172
62.151, 60, 24713.896484
62.151, 60, 24714.341797
62.151, 60, 24714.785156
62.151, 60, 24715.230469
62.151, 60, 24715.675781
62.151, 60, 24716.121094
62.151, 60, 24716.566406
62.151, 60, 24717.011719
62.151, 60, 24717.457031
62.151, 60, 24717.900391
62.151, 60, 24718.345703
62.151, 60, 24718.791016
62.151, 60, 24719.236328
62.151, 60, 24719.681641
61.961, 60, 24720.126953
61.961, 60, 24720.572266
61.961, 60, 24721.015625
61.961, 60, 24721.460938
61.961, 60, 24721.906250
61.961, 60, 24722.351562
61.961, 60, 24722.796875
61.961, 60, 24723.242188
61.961, 60, 24723.687500
61.961, 60, 24724.130859
61.961, 60, 24724.576172
61.961, 60, 24725.021484
61.961, 60, 24725.466797
61.961, 60, 24725.912109
61.961, 60, 24726.357422
61.961, 60, 24726.802734
61.961, 60, 24727.246094
61.961, 60, 24727.691406
61.961, 60, 24728.136719
61.961, 60, 24728.582031
61.961, 60, 24729.027344
61.961, 60, 24729.472656
61.961, 60, 24729.917969
61.961, 60, 24730.361328
61.961, 60, 24730.806641
61.961, 60, 24731.251953
61.961, 60, 24731.697266
61.961, 60, 24732.142578
61.961, 60, 24732.587891
61.961, 60, 24733.031250
61.961, 60, 24733.476562
61.961, 60, 24733.921875
61.961, 60, 24734.367188
61.961, 60, 24734.812500
61.961, 60, 24735.257812
62.056, 60, 24735.703125
62.056, 60, 24736.146484
62.056, 60, 24736.591797
62.056, 60, 24737.037109
62.056, 60, 24737.482422
62.056, 60, 24737.927734
62.056, 60, 24738.373047
62.056, 60, 24738.818359
62.056, 60, 24739.261719
62.056, 60, 24739.707031
62.056, 60, 24740.152344
62.056, 60, 24740.597656
62.056, 60, 24741.042969
62.056, 60, 24741.488281
62.056, 60, 24741.933594
62.056, 60, 24742.376953
62.056, 60, 24742.822266
62.056, 60, 24743.267578
62.056, 60, 24743.712891
62.056, 60, 24744.158203
62.056, 60, 24744.603516
62.056, 60, 24745.048828
62.056, 60, 24745.492188
62.056, 60, 24745.937500
62.056, 60, 24746.382812
62.056, 60, 24746.828125
62.056, 60, 24747.273438
62.056, 60, 24747.718750
62.056, 60, 24748.164062
62.056, 60, 24748.607422
62.056, 60, 24749.052734
62.056, 60, 24749.498047
62.056, 60, 24749.943359
62.056, 60, 24750.388672
62.056, 60, 24750.833984
62.151, 60, 24751.279297
62.151, 60, 24751.722656
62.151, 60, 24752.167969
62.151, 60, 24752.613281
62.151, 60, 24753.058594
62.151, 60, 24753.503906
62.151, 60, 24753.949219
62.151, 60, 24754.394531
62.151, 60, 24754.837891
62.151, 60, 24755.283203
62.151, 60, 24755.728516
62.151, 60, 24756.173828
62.151, 60, 24756.619141
62.151, 60, 24757.064453
62.151, 60, 24757.509766
62.151, 60, 24757.953125
62.151, 60, 24758.398438
62.151, 60, 24758.843750
62.151, 60, 24759.289062
62.151, 60, 24759.734375
62.151, 60, 24760.179688
62.151, 60, 24760.625000
62.151, 60, 24761.068359
62.151, 60, 24761.513672
62.151, 60, 24761.958984
62.151, 60, 24762.404297
62.151, 60, 24762.849609
62.151, 60, 24763.294922
62.151, 60, 24763.740234
62.151, 60, 24764.183594
62.151, 60, 24764.628906
62.151, 60, 24765.074219
62.151, 60, 24765.519531
62.151, 60, 24765.964844
62.151, 60, 24766.410156
62.151, 60, 24766.855469
62.151, 60, 24767.298828
62.151, 60, 24767.744141
62.151, 60, 24768.189453
62.151, 60, 24768.634766
62.151, 60, 24769.080078
62.151, 60, 24769.525391
62.151, 60, 24769.970703
62.151, 60, 24770.414062
62.151, 60, 24770.859375
62.151, 60, 24771.304688
62.151, 60, 24771.750000
62.151, 60, 24772.195312
62.151, 60, 24772.640625
62.151, 60, 24773.085938
62.151, 60, 24773.529297
62.151, 60, 24773.974609
62.151, 60, 24774.419922
62.151, 60, 24774.865234
62.151, 60, 24775.310547
62.151, 60, 24775.755859
62.151, 60, 24776.201172
62.151, 60, 24776.644531
62.151, 60, 24777.089844
62.151, 60, 24777.535156
62.151, 60, 24777.980469
62.151, 60, 24778.425781
62.151, 60, 24778.871094
62.151, 60, 24779.314453
62.151, 60, 24779.759766
62.151, 60, 24780.205078
62.151, 60, 24780.650391
62.151, 60, 24781.095703
62.151, 60, 24781.541016
62.151, 60, 24781.986328
62.151, 60, 24782.429688
62.151, 60, 24782.875000
62.151, 60, 24783.320312
62.151, 60, 24783.765625
62.151, 60, 24784.210938
62.151, 60, 24784.656250
62.151, 60, 24785.101562
62.151, 60, 24785.544922
62.151, 60, 24785.990234
62.151, 60, 24786.435547
62.151, 60, 24786.880859
62.151, 60, 24787.326172
62.151, 60, 24787.771484
62.151, 60, 24788.216797
62.151, 60, 24788.660156
62.151, 60, 24789.105469
62.151, 60, 24789.550781
62.151, 60, 24789.996094
62.151, 60, 24790.441406
62.151, 60, 24790.886719
62.151, 60, 24791.332031
62.151, 60, 24791.775391
62.151, 60, 24792.220703
62.151, 60, 24792.666016
62.151, 60, 24793.111328
62.151, 60, 24793.556641
62.151, 60, 24794.001953
62.151, 60, 24794.447266
62.151, 60, 24794.890625
62.151, 60, 24795.335938
62.151, 60, 24795.781250
62.151, 60, 24796.226562
62.151, 60, 24796.671875
62.151, 60, 24797.117188
62.151, 60, 24797.562500
62.151, 60, 24798.005859
62.151, 60, 24798.451172
62.151, 60, 24798.896484
62.151, 60, 24799.341797
62.151, 60, 24799.787109
62.151, 60, 24800.232422
62.151, 60, 24800.677734
62.151, 60, 24801.121094
62.151, 60, 24801.566406
62.151, 60, 24802.011719
62.151, 60, 24802.457031
62.151, 60, 24802.902344
62.151, 60, 24803.347656
62.151, 60, 24803.792969
62.151, 60, 24804.236328
62.151, 60, 24804.681641
62.151, 60, 24805.126953
62.151, 60, 24805.572266
62.151, 60, 24806.017578
62.151, 60, 24806.462891
62.151, 60, 24806.908203
62.151, 60, 24807.351562
62.151, 60, 24807.796875
62.151, 60, 24808.242188
62.151, 60, 24808.687500
62.151, 60, 24809.132812
62.151, 60, 24809.578125
62.151, 60, 24810.023438
62.151, 60, 24810.466797
62.151, 60, 24810.912109
62.151, 60, 24811.357422
62.151, 60, 24811.802734
62.151, 60, 24812.248047
62.247, 60, 24812.693359
62.247, 60, 24813.138672
62.247, 60, 24813.582031
62.247, 60, 24814.027344
62.247, 60, 24814.472656
62.247, 60, 24814.917969
62.247, 60, 24815.363281
62.247, 60, 24815.808594
62.247, 60, 24816.253906
62.247, 60, 24816.697266
62.247, 60, 24817.142578
62.247, 60, 24817.587891
62.247, 60, 24818.033203
62.247, 60, 24818.478516
62.247, 60, 24818.923828
62.247, 60, 24819.369141
62.247, 60, 24819.812500
62.247, 60, 24820.257812
62.247, 60, 24820.703125
62.247, 60, 24821.148438
62.247, 60, 24821.593750
62.247, 60, 24822.039062
62.247, 60, 24822.484375
62.247, 60, 24822.927734
62.247, 60, 24823.373047
62.247, 60, 24823.818359
62.247, 60, 24824.263672
62.247, 60, 24824.708984
62.247, 60, 24825.154297
62.247, 60, 24825.597656
62.247, 60, 24826.042969
62.247, 60, 24826.488281
62.247, 60, 24826.933594
62.247, 60, 24827.378906
62.247, 60, 24827.824219
62.247, 60, 24828.269531
62.247, 60, 24828.712891
62.247, 60, 24829.158203
62.247, 60, 24829.603516
62.247, 60, 24830.048828
62.247, 60, 24830.494141
62.247, 60, 24830.939453
62.247, 60, 24831.384766
62.247, 60, 24831.828125
62.247, 60, 24832.273438
62.247, 60, 24832.718750
62.247, 60, 24833.164062
62.247, 60, 24833.609375
62.247, 60, 24834.054688
62.247, 60, 24834.500000
62.247, 60, 24834.943359
62.247, 60, 24835.388672
62.247, 60, 24835.833984
62.247, 60, 24836.279297
62.247, 60, 24836.724609
62.247, 60, 24837.169922
62.247, 60, 24837.615234
62.247, 60, 24838.058594
62.247, 60, 24838.503906
62.247, 60, 24838.949219
62.247, 60, 24839.394531
62.247, 60, 24839.839844
62.247, 60, 24840.285156
62.247, 60, 24840.730469
62.247, 60, 24841.173828
62.247, 60, 24841.619141
62.247, 60, 24842.064453
62.247, 60, 24842.509766
62.247, 60, 24842.955078
62.247, 60, 24843.400391
62.247, 60, 24843.845703
62.247, 60, 24844.289062
62.247, 60, 24844.734375
62.247, 60, 24845.179688
62.247, 60, 24845.625000
62.247, 60, 24846.070312
62.247, 60, 24846.515625
62.247, 60, 24846.960938
62.247, 60, 24847.404297
62.247, 60, 24847.849609
62.247, 60, 24848.294922
62.247, 60, 24848.740234
62.247, 60, 24849.185547
62.247, 60, 24849.630859
62.247, 60, 24850.076172
62.247, 60, 24850.519531
62.247, 60, 24850.964844
62.247, 60, 24851.410156
62.247, 60, 24851.855469
62.247, 60, 24852.300781
62.247, 60, 24852.746094
62.247, 60, 24853.191406
62.247, 60, 24853.634766
62.247, 60, 24854.080078
62.247, 60, 24854.525391
62.247, 60, 24854.970703
62.247, 60, 24855.416016
62.247, 60, 24855.861328
62.247, 60, 24856.306641
62.247, 60, 24856.750000
62.342, 60, 24857.195312
62.342, 60, 24857.640625
62.342, 60, 24858.085938
62.342, 60, 24858.531250
62.342, 60, 24858.976562
62.342, 60, 24859.421875
62.342, 60, 24859.865234
62.342, 60, 24860.310547
62.342, 60, 24860.755859
62.342, 60, 24861.201172
62.342, 60, 24861.646484
62.342, 60, 24862.091797
62.342, 60, 24862.537109
62.342, 60, 24862.980469
62.342, 60, 24863.425781
62.342, 60, 24863.871094
62.342, 60, 24864.316406
62.342, 60, 24864.761719
62.342, 60, 24865.207031
62.342, 60, 24865.652344
62.342, 60, 24866.095703
62.342, 60, 24866.541016
62.342, 60, 24866.986328
62.342, 60, 24867.431641
62.342, 60, 24867.876953
62.342, 60, 24868.322266
62.342, 60, 24868.767578
62.342, 60, 24869.210938
62.342, 60, 24869.656250
62.342, 60, 24870.101562
62.342, 60, 24870.546875
62.342, 60, 24870.992188
62.342, 60, 24871.437500
62.342, 60, 24871.880859
62.342, 60, 24872.326172
62.247, 60, 24872.771484
62.247, 60, 24873.216797
62.247, 60, 24873.662109
62.247, 60, 24874.107422
62.247, 60, 24874.552734
62.247, 60, 24874.996094
62.247, 60, 24875.441406
62.247, 60, 24875.886719
62.247, 60, 24876.332031
62.247, 60, 24876.777344
62.247, 60, 24877.222656
62.247, 60, 24877.667969
62.247, 60, 24878.111328
62.247, 60, 24878.556641
62.247, 60, 24879.001953
62.247, 60, 24879.447266
62.247, 60, 24879.892578
62.247, 60, 24880.337891
62.247, 60, 24880.783203
62.247, 60, 24881.226562
62.247, 60, 24881.671875
62.247, 60, 24882.117188
62.247, 60, 24882.562500
62.247, 60, 24883.007812
62.247, 60, 24883.453125
62.247, 60, 24883.898438
62.247, 60, 24884.341797
62.247, 60, 24884.787109
62.247, 60, 24885.232422
62.247, 60, 24885.677734
62.247, 60, 24886.123047
62.247, 60, 24886.568359
62.247, 60, 24887.013672
62.247, 60, 24887.457031
62.247, 60, 24887.902344
62.151, 60, 24888.347656
62.151, 60, 24888.792969
62.151, 60, 24889.238281
62.151, 60, 24889.683594
62.151, 60, 24890.128906
62.151, 60, 24890.572266
62.151, 60, 24891.017578
62.151, 60, 24891.462891
62.151, 60, 24891.908203
62.151, 60, 24892.353516
62.151, 60, 24892.798828
62.151, 60, 24893.244141
62.151, 60, 24893.687500
62.151, 60, 24894.132812
62.151, 60, 24894.578125
62.151, 60, 24895.023438
62.151, 60, 24895.468750
62.151, 60, 24895.914062
62.151, 60, 24896.359375
62.151, 60, 24896.802734
62.151, 60, 24897.248047
62.151, 60, 24897.693359
62.151, 60, 24898.138672
62.151, 60, 24898.583984
62.151, 60, 24899.029297
62.151, 60, 24899.474609
62.151, 60, 24899.917969
62.151, 60, 24900.363281
62.151, 60, 24900.808594
62.151, 60, 24901.253906
62.151, 60, 24901.699219
62.151, 60, 24902.144531
62.151, 60, 24902.589844
62.151, 60, 24903.033203
62.151, 60, 24903.478516
62.151, 60, 24903.923828
62.151, 60, 24904.369141
62.151, 60, 24904.814453
62.151, 60, 24905.259766
62.151, 60, 24905.705078
62.151, 60, 24906.148438
62.151, 60, 24906.593750
62.151, 60, 24907.039062
62.151, 60, 24907.484375
62.151, 60, 24907.929688
62.151, 60, 24908.375000
62.151, 60, 24908.820312
62.151, 60, 24909.263672
62.151, 60, 24909.708984
62.151, 60, 24910.154297
62.151, 60, 24910.599609
62.151, 60, 24911.044922
62.151, 60, 24911.490234
62.151, 60, 24911.935547
62.151, 60, 24912.378906
62.151, 60, 24912.824219
62.151, 60, 24913.269531
62.151, 60, 24913.714844
62.151, 60, 24914.160156
62.151, 60, 24914.605469
62.151, 60, 24915.050781
62.151, 60, 24915.494141
62.151, 60, 24915.939453
62.151, 60, 24916.384766
62.151, 60, 24916.830078
62.151, 60, 24917.275391
62.151, 60, 24917.720703
62.151, 60, 24918.164062
62.151, 60, 24918.609375
62.151, 60, 24919.054688
62.151, 60, 24919.500000
62.151, 60, 24919.945312
62.151, 60, 24920.390625
62.151, 60, 24920.835938
62.151, 60, 24921.279297
62.151, 60, 24921.724609
62.151, 60, 24922.169922
62.151, 60, 24922.615234
62.151, 60, 24923.060547
62.151, 60, 24923.505859
62.151, 60, 24923.951172
62.151, 60, 24924.394531
62.151, 60, 24924.839844
62.151, 60, 24925.285156
62.151, 60, 24925.730469
62.151, 60, 24926.175781
62.151, 60, 24926.621094
62.151, 60, 24927.066406
62.151, 60, 24927.509766
62.151, 60, 24927.955078
62.151, 60, 24928.400391
62.151, 60, 24928.845703
62.151, 60, 24929.291016
62.151, 60, 24929.736328
62.151, 60, 24930.181641
62.151, 60, 24930.625000
62.151, 60, 24931.070312
62.151, 60, 24931.515625
62.151, 60, 24931.960938
62.151, 60, 24932.406250
62.151, 60, 24932.851562
62.151, 60, 24933.296875
62.151, 60, 24933.740234
62.151, 60, 24934.185547
62.151, 60, 24934.630859
62.247, 60, 24935.076172
62.247, 60, 24935.521484
62.247, 60, 24935.966797
62.247, 60, 24936.412109
62.247, 60, 24936.855469
62.247, 60, 24937.300781
62.247, 60, 24937.746094
62.247, 60, 24938.191406
62.247, 60, 24938.636719
62.247, 60, 24939.082031
62.247, 60, 24939.527344
62.247, 60, 24939.970703
62.247, 60, 24940.416016
62.247, 60, 24940.861328
62.247, 60, 24941.306641
62.247, 60, 24941.751953
62.247, 60, 24942.197266
62.247, 60, 24942.642578
62.247, 60, 24943.085938
62.247, 60, 24943.531250
62.247, 60, 24943.976562
62.247, 60, 24944.421875
62.247, 60, 24944.867188
62.247, 60, 24945.312500
62.247, 60, 24945.757812
62.247, 60, 24946.201172
62.247, 60, 24946.646484
62.247, 60, 24947.091797
62.247, 60, 24947.537109
62.247, 60, 24947.982422
62.247, 60, 24948.427734
62.247, 60, 24948.873047
62.247, 60, 24949.316406
62.247, 60, 24949.761719
62.247, 60, 24950.207031
62.151, 60, 24950.652344
62.151, 60, 24951.097656
62.151, 60, 24951.542969
62.151, 60, 24951.988281
62.151, 60, 24952.431641
62.151, 60, 24952.876953
62.151, 60, 24953.322266
62.151, 60, 24953.767578
62.151, 60, 24954.212891
62.151, 60, 24954.658203
62.151, 60, 24955.103516
62.151, 60, 24955.546875
62.151, 60, 24955.992188
62.151, 60, 24956.437500
62.151, 60, 24956.882812
62.151, 60, 24957.328125
62.151, 60, 24957.773438
62.151, 60, 24958.218750
62.151, 60, 24958.662109
62.151, 60, 24959.107422
62.151, 60, 24959.552734
62.151, 60, 24959.998047
62.151, 60, 24960.443359
62.151, 60, 24960.888672
62.151, 60, 24961.333984
62.151, 60, 24961.777344
62.151, 60, 24962.222656
62.151, 60, 24962.667969
62.151, 60, 24963.113281
62.151, 60, 24963.558594
62.151, 60, 24964.003906
62.151, 60, 24964.447266
62.151, 60, 24964.892578
62.151, 60, 24965.337891
62.151, 60, 24965.783203
62.151, 60, 24966.228516
62.151, 60, 24966.673828
62.151, 60, 24967.119141
62.151, 60, 24967.562500
62.151, 60, 24968.007812
62.151, 60, 24968.453125
62.151, 60, 24968.898438
62.151, 60, 24969.343750
62.151, 60, 24969.789062
62.151, 60, 24970.234375
62.151, 60, 24970.677734
62.151, 60, 24971.123047
62.151, 60, 24971.568359
62.151, 60, 24972.013672
62.151, 60, 24972.458984
62.151, 60, 24972.904297
62.151, 60, 24973.349609
62.151, 60, 24973.792969
62.151, 60, 24974.238281
62.151, 60, 24974.683594
62.151, 60, 24975.128906
62.151, 60, 24975.574219
62.151, 60, 24976.019531
62.151, 60, 24976.464844
62.151, 60, 24976.908203
62.151, 60, 24977.353516
62.151, 60, 24977.798828
62.151, 60, 24978.244141
62.151, 60, 24978.689453
62.151, 60, 24979.134766
62.151, 60, 24979.580078
62.151, 60, 24980.023438
62.151, 60, 24980.468750
62.247, 60, 24980.914062
62.247, 60, 24981.359375
62.247, 60, 24981.804688
62.247, 60, 24982.250000
62.247, 60, 24982.695312
62.247, 60, 24983.138672
62.247, 60, 24983.583984
62.247, 60, 24984.029297
62.247, 60, 24984.474609
62.247, 60, 24984.919922
62.247, 60, 24985.365234
62.247, 60, 24985.810547
62.247, 60, 24986.253906
62.247, 60, 24986.699219
62.247, 60, 24987.144531
62.247, 60, 24987.589844
62.247, 60, 24988.035156
62.247, 60, 24988.480469
62.247, 60, 24988.925781
62.247, 60, 24989.369141
62.247, 60, 24989.814453
62.247, 60, 24990.259766
62.247, 60, 24990.705078
62.247, 60, 24991.150391
62.247, 60, 24991.595703
62.247, 60, 24992.041016
62.247, 60, 24992.484375
62.247, 60, 24992.929688
62.247, 60, 24993.375000
62.247, 60, 24993.820312
62.247, 60, 24994.265625
62.247, 60, 24994.710938
62.247, 60, 24995.156250
62.247, 60, 24995.599609
62.247, 60, 24996.044922
62.247, 60, 24996.490234
62.247, 60, 24996.935547
62.247, 60, 24997.380859
62.247, 60, 24997.826172
62.247, 60, 24998.271484
62.247, 60, 24998.714844
62.247, 60, 24999.160156
62.247, 60, 24999.605469
62.247, 60, 25000.050781
62.247, 60, 25000.496094
62.247, 60, 25000.941406
62.247, 60, 25001.386719
62.247, 60, 25001.830078
62.247, 60, 25002.275391
62.247, 60, 25002.720703
62.247, 60, 25003.166016
62.247, 60, 25003.611328
62.247, 60, 25004.056641
62.247, 60, 25004.501953
62.247, 60, 25004.945312
62.247, 60, 25005.390625
62.247, 60, 25005.835938
62.247, 60, 25006.281250
62.247, 60, 25006.726562
62.247, 60, 25007.171875
62.247, 60, 25007.617188
62.247, 60, 25008.060547
62.247, 60, 25008.505859
62.247, 60, 25008.951172
62.247, 60, 25009.396484
62.247, 60, 25009.841797
62.247, 60, 25010.287109
62.247, 60, 25010.730469
62.247, 60, 25011.175781
62.247, 60, 25011.621094
62.247, 60, 25012.066406
62.247, 60, 25012.511719
62.247, 60, 25012.957031
62.247, 60, 25013.402344
62.247, 60, 25013.845703
62.247, 60, 25014.291016
62.247, 60, 25014.736328
62.247, 60, 25015.181641
62.247, 60, 25015.626953
62.247, 60, 25016.072266
62.247, 60, 25016.517578
62.247, 60, 25016.960938
62.247, 60, 25017.406250
62.247, 60, 25017.851562
62.247, 60, 25018.296875
62.247, 60, 25018.742188
62.247, 60, 25019.187500
62.247, 60, 25019.632812
62.247, 60, 25020.076172
62.247, 60, 25020.521484
62.247, 60, 25020.966797
62.247, 60, 25021.412109
62.247, 60, 25021.857422
62.247, 60, 25022.302734
62.247, 60, 25022.748047
62.247, 60, 25023.191406
62.247, 60, 25023.636719
62.247, 60, 25024.082031
62.247, 60, 25024.527344
62.247, 60, 25024.972656
62.247, 60, 25025.417969
62.247, 60, 25025.863281
62.342, 60, 25026.306641
62.342, 60, 25026.751953
62.342, 60, 25027.197266
62.342, 60, 25027.642578
62.342, 60, 25028.087891
62.342, 60, 25028.533203
62.342, 60, 25028.978516
62.342, 60, 25029.421875
62.342, 60, 25029.867188
62.342, 60, 25030.312500
62.342, 60, 25030.757812
62.342, 60, 25031.203125
62.342, 60, 25031.648438
62.342, 60, 25032.093750
62.342, 60, 25032.537109
62.342, 60, 25032.982422
62.342, 60, 25033.427734
62.342, 60, 25033.873047
62.342, 60, 25034.318359
62.342, 60, 25034.763672
62.342, 60, 25035.208984
62.342, 60, 25035.652344
62.342, 60, 25036.097656
62.342, 60, 25036.542969
62.342, 60, 25036.988281
62.342, 60, 25037.433594
62.342, 60, 25037.878906
62.342, 60, 25038.324219
62.342, 60, 25038.767578
62.342, 60, 25039.212891
62.342, 60, 25039.658203
62.342, 60, 25040.103516
62.342, 60, 25040.548828
62.247, 60, 25040.994141
62.247, 60, 25041.439453
62.247, 60, 25041.882812
62.247, 60, 25042.328125
62.247, 60, 25042.773438
62.247, 60, 25043.218750
62.247, 60, 25043.664062
62.247, 60, 25044.109375
62.247, 60, 25044.554688
62.247, 60, 25044.998047
62.247, 60, 25045.443359
62.247, 60, 25045.888672
62.247, 60, 25046.333984
62.247, 60, 25046.779297
62.247, 60, 25047.224609
62.247, 60, 25047.669922
62.247, 60, 25048.113281
62.247, 60, 25048.558594
62.247, 60, 25049.003906
62.247, 60, 25049.449219
62.247, 60, 25049.894531
62.247, 60, 25050.339844
62.247, 60, 25050.785156
62.247, 60, 25051.228516
62.247, 60, 25051.673828
62.247, 60, 25052.119141
62.247, 60, 25052.564453
62.247, 60, 25053.009766
62.247, 60, 25053.455078
62.247, 60, 25053.900391
62.247, 60, 25054.343750
62.247, 60, 25054.789062
62.247, 60, 25055.234375
62.247, 60, 25055.679688
62.247, 60, 25056.125000
62.247, 60, 25056.570312
62.247, 60, 25057.013672
62.247, 60, 25057.458984
62.247, 60, 25057.904297
62.247, 60, 25058.349609
62.247, 60, 25058.794922
62.247, 60, 25059.240234
62.247, 60, 25059.685547
62.247, 60, 25060.128906
62.247, 60, 25060.574219
62.247, 60, 25061.019531
62.247, 60, 25061.464844
62.247, 60, 25061.910156
62.247, 60, 25062.355469
62.247, 60, 25062.800781
62.247, 60, 25063.244141
62.247, 60, 25063.689453
62.247, 60, 25064.134766
62.247, 60, 25064.580078
62.247, 60, 25065.025391
62.247, 60, 25065.470703
62.247, 60, 25065.916016
62.247, 60, 25066.359375
62.247, 60, 25066.804688
62.247, 60, 25067.250000
62.247, 60, 25067.695312
62.247, 60, 25068.140625
62.247, 60, 25068.585938
62.247, 60, 25069.031250
62.247, 60, 25069.474609
62.247, 60, 25069.919922
62.247, 60, 25070.365234
62.247, 60, 25070.810547
62.247, 60, 25071.255859
62.342, 60, 25071.701172
62.342, 60, 25072.146484
62.342, 60, 25072.589844
62.342, 60, 25073.035156
62.342, 60, 25073.480469
62.342, 60, 25073.925781
62.342, 60, 25074.371094
62.342, 60, 25074.816406
62.342, 60, 25075.261719
62.342, 60, 25075.705078
62.342, 60, 25076.150391
62.342, 60, 25076.595703
62.342, 60, 25077.041016
62.342, 60, 25077.486328
62.342, 60, 25077.931641
62.342, 60, 25078.376953
62.342, 60, 25078.820312
62.342, 60, 25079.265625
62.342, 60, 25079.710938
62.342, 60, 25080.156250
62.342, 60, 25080.601562
62.342, 60, 25081.046875
62.342, 60, 25081.492188
62.342, 60, 25081.935547
62.342, 60, 25082.380859
62.342, 60, 25082.826172
62.342, 60, 25083.271484
62.342, 60, 25083.716797
62.342, 60, 25084.162109
62.342, 60, 25084.607422
62.342, 60, 25085.050781
62.342, 60, 25085.496094
62.342, 60, 25085.941406
62.342, 60, 25086.386719
62.342, 60, 25086.832031
62.342, 60, 25087.277344
62.342, 60, 25087.722656
62.342, 60, 25088.166016
62.342, 60, 25088.611328
62.342, 60, 25089.056641
62.342, 60, 25089.501953
62.342, 60, 25089.947266
62.342, 60, 25090.392578
62.342, 60, 25090.837891
62.342, 60, 25091.281250
62.342, 60, 25091.726562
62.342, 60, 25092.171875
62.342, 60, 25092.617188
62.342, 60, 25093.062500
62.342, 60, 25093.507812
62.342, 60, 25093.953125
62.342, 60, 25094.396484
62.342, 60, 25094.841797
62.342, 60, 25095.287109
62.342, 60, 25095.732422
62.342, 60, 25096.177734
62.342, 60, 25096.623047
62.342, 60, 25097.068359
62.342, 60, 25097.511719
62.342, 60, 25097.957031
62.342, 60, 25098.402344
62.342, 60, 25098.847656
62.342, 60, 25099.292969
62.342, 60, 25099.738281
62.342, 60, 25100.183594
62.342, 60, 25100.626953
62.342, 60, 25101.072266
62.342, 60, 25101.517578
62.342, 60, 25101.962891
62.342, 60, 25102.408203
62.342, 60, 25102.853516
62.342, 60, 25103.296875
62.342, 60, 25103.742188
62.342, 60, 25104.187500
62.342, 60, 25104.632812
62.342, 60, 25105.078125
62.342, 60, 25105.523438
62.342, 60, 25105.968750
62.342, 60, 25106.412109
62.342, 60, 25106.857422
62.342, 60, 25107.302734
62.342, 60, 25107.748047
62.342, 60, 25108.193359
62.342, 60, 25108.638672
62.342, 60, 25109.083984
62.342, 60, 25109.527344
62.342, 60, 25109.972656
62.342, 60, 25110.417969
62.342, 60, 25110.863281
62.342, 60, 25111.308594
62.342, 60, 25111.753906
62.342, 60, 25112.199219
62.342, 60, 25112.642578
62.342, 60, 25113.087891
62.342, 60, 25113.533203
62.342, 60, 25113.978516
62.342, 60, 25114.423828
62.342, 60, 25114.869141
62.342, 60, 25115.314453
62.342, 60, 25115.757812
62.342, 60, 25116.203125
62.342, 60, 25116.648438
62.342, 60, 25117.093750
62.342, 60, 25117.539062
62.342, 60, 25117.984375
62.342, 60, 25118.429688
62.342, 60, 25118.873047
62.342, 60, 25119.318359
62.342, 60, 25119.763672
62.342, 60, 25120.208984
62.342, 60, 25120.654297
62.342, 60, 25121.099609
62.342, 60, 25121.544922
62.342, 60, 25121.988281
62.342, 60, 25122.433594
62.342, 60, 25122.878906
62.342, 60, 25123.324219
62.342, 60, 25123.769531
62.342, 60, 25124.214844
62.342, 60, 25124.660156
62.342, 60, 25125.103516
62.342, 60, 25125.548828
62.342, 60, 25125.994141
62.342, 60, 25126.439453
62.342, 60, 25126.884766
62.342, 60, 25127.330078
62.342, 60, 25127.775391
62.342, 60, 25128.218750
62.342, 60, 25128.664062
62.342, 60, 25129.109375
62.342, 60, 25129.554688
62.342, 60, 25130.000000
62.342, 60, 25130.445312
62.342, 60, 25130.890625
62.342, 60, 25131.333984
62.342, 60, 25131.779297
62.342, 60, 25132.224609
62.342, 60, 25132.669922
62.342, 60, 25133.115234
62.342, 60, 25133.560547
62.437, 60, 25134.005859
62.437, 60, 25134.449219
62.437, 60, 25134.894531
62.437, 60, 25135.339844
62.437, 60, 25135.785156
62.437, 60, 25136.230469
62.437, 60, 25136.675781
62.437, 60, 25137.121094
62.437, 60, 25137.564453
62.437, 60, 25138.009766
62.437, 60, 25138.455078
62.437, 60, 25138.900391
62.437, 60, 25139.345703
62.437, 60, 25139.791016
62.437, 60, 25140.236328
62.437, 60, 25140.679688
62.437, 60, 25141.125000
62.437, 60, 25141.570312
62.437, 60, 25142.015625
62.437, 60, 25142.460938
62.437, 60, 25142.906250
62.437, 60, 25143.351562
62.437, 60, 25143.794922
62.437, 60, 25144.240234
62.437, 60, 25144.685547
62.437, 60, 25145.130859
62.437, 60, 25145.576172
62.437, 60, 25146.021484
62.437, 60, 25146.466797
62.437, 60, 25146.910156
62.437, 60, 25147.355469
62.437, 60, 25147.800781
62.437, 60, 25148.246094
62.437, 60, 25148.691406
62.437, 60, 25149.136719
62.437, 60, 25149.580078
62.437, 60, 25150.025391
62.437, 60, 25150.470703
62.437, 60, 25150.916016
62.437, 60, 25151.361328
62.437, 60, 25151.806641
62.437, 60, 25152.251953
62.437, 60, 25152.695312
62.437, 60, 25153.140625
62.437, 60, 25153.585938
62.437, 60, 25154.031250
62.437, 60, 25154.476562
62.437, 60, 25154.921875
62.437, 60, 25155.367188
62.437, 60, 25155.810547
62.437, 60, 25156.255859
62.437, 60, 25156.701172
62.437, 60, 25157.146484
62.437, 60, 25157.591797
62.437, 60, 25158.037109
62.437, 60, 25158.482422
62.437, 60, 25158.925781
62.437, 60, 25159.371094
62.437, 60, 25159.816406
62.437, 60, 25160.261719
62.437, 60, 25160.707031
62.437, 60, 25161.152344
62.437, 60, 25161.597656
62.437, 60, 25162.041016
62.437, 60, 25162.486328
62.437, 60, 25162.931641
62.437, 60, 25163.376953
62.437, 60, 25163.822266
62.531, 60, 25164.267578
62.531, 60, 25164.712891
62.531, 60, 25165.156250
62.531, 60, 25165.601562
62.531, 60, 25166.046875
62.531, 60, 25166.492188
62.531, 60, 25166.937500
62.531, 60, 25167.382812
62.531, 60, 25167.828125
62.531, 60, 25168.271484
62.531, 60, 25168.716797
62.531, 60, 25169.162109
62.531, 60, 25169.607422
62.531, 60, 25170.052734
62.531, 60, 25170.498047
62.531, 60, 25170.943359
62.531, 60, 25171.386719
62.531, 60, 25171.832031
62.531, 60, 25172.277344
62.531, 60, 25172.722656
62.531, 60, 25173.167969
62.531, 60, 25173.613281
62.531, 60, 25174.058594
62.531, 60, 25174.501953
62.531, 60, 25174.947266
62.531, 60, 25175.392578
62.531, 60, 25175.837891
62.531, 60, 25176.283203
62.531, 60, 25176.728516
62.531, 60, 25177.173828
62.531, 60, 25177.617188
62.531, 60, 25178.062500
62.531, 60, 25178.507812
62.531, 60, 25178.953125
62.247, 60, 25179.398438
62.247, 60, 25179.843750
62.247, 60, 25180.289062
62.247, 60, 25180.732422
62.247, 60, 25181.177734
62.247, 60, 25181.623047
62.247, 60, 25182.068359
62.247, 60, 25182.513672
62.247, 60, 25182.958984
62.247, 60, 25183.404297
62.247, 60, 25183.847656
62.247, 60, 25184.292969
62.247, 60, 25184.738281
62.247, 60, 25185.183594
62.247, 60, 25185.628906
62.247, 60, 25186.074219
62.247, 60, 25186.519531
62.247, 60, 25186.962891
62.247, 60, 25187.408203
62.247, 60, 25187.853516
62.247, 60, 25188.298828
62.247, 60, 25188.744141
62.247, 60, 25189.189453
62.247, 60, 25189.634766
62.247, 60, 25190.078125
62.247, 60, 25190.523438
62.247, 60, 25190.968750
62.247, 60, 25191.414062
62.247, 60, 25191.859375
62.247, 60, 25192.304688
62.247, 60, 25192.750000
62.247, 60, 25193.193359
62.247, 60, 25193.638672
62.247, 60, 25194.083984
62.151, 60, 25194.529297
62.151, 60, 25194.974609
62.151, 60, 25195.419922
62.151, 60, 25195.863281
62.151, 60, 25196.308594
62.151, 60, 25196.753906
62.151, 60, 25197.199219
62.151, 60, 25197.644531
62.151, 60, 25198.089844
62.151, 60, 25198.535156
62.151, 60, 25198.978516
62.151, 60, 25199.423828
62.151, 60, 25199.869141
62.151, 60, 25200.314453
62.151, 60, 25200.759766
62.151, 60, 25201.205078
62.151, 60, 25201.650391
62.151, 60, 25202.093750
62.151, 60, 25202.539062
62.151, 60, 25202.984375
62.151, 60, 25203.429688
62.151, 60, 25203.875000
62.151, 60, 25204.320312
62.151, 60, 25204.765625
62.151, 60, 25205.208984
62.151, 60, 25205.654297
62.151, 60, 25206.099609
62.151, 60, 25206.544922
62.151, 60, 25206.990234
62.151, 60, 25207.435547
62.151, 60, 25207.880859
62.151, 60, 25208.324219
62.151, 60, 25208.769531
62.151, 60, 25209.214844
61.961, 60, 25209.660156
61.961, 60, 25210.105469
61.961, 60, 25210.550781
61.961, 60, 25210.996094
61.961, 60, 25211.439453
61.961, 60, 25211.884766
61.961, 60, 25212.330078
61.961, 60, 25212.775391
61.961, 60, 25213.220703
61.961, 60, 25213.666016
61.961, 60, 25214.111328
61.961, 60, 25214.554688
61.961, 60, 25215.000000
61.961, 60, 25215.445312
61.961, 60, 25215.890625
61.961, 60, 25216.335938
61.961, 60, 25216.781250
61.961, 60, 25217.226562
61.961, 60, 25217.669922
61.961, 60, 25218.115234
61.961, 60, 25218.560547
61.961, 60, 25219.005859
61.961, 60, 25219.451172
61.961, 60, 25219.896484
61.961, 60, 25220.341797
61.961, 60, 25220.785156
61.961, 60, 25221.230469
61.961, 60, 25221.675781
61.961, 60, 25222.121094
61.961, 60, 25222.566406
61.961, 60, 25223.011719
61.961, 60, 25223.457031
61.961, 60, 25223.900391
61.961, 60, 25224.345703
61.961, 60, 25224.791016
61.961, 60, 25225.236328
61.961, 60, 25225.681641
61.961, 60, 25226.126953
61.961, 60, 25226.572266
61.961, 60, 25227.015625
61.961, 60, 25227.460938
61.961, 60, 25227.906250
61.961, 60, 25228.351562
61.961, 60, 25228.796875
61.961, 60, 25229.242188
61.961, 60, 25229.687500
61.961, 60, 25230.130859
61.961, 60, 25230.576172
61.961, 60, 25231.021484
61.961, 60, 25231.466797
61.961, 60, 25231.912109
61.961, 60, 25232.357422
61.961, 60, 25232.802734
61.961, 60, 25233.246094
61.961, 60, 25233.691406
61.961, 60, 25234.136719
61.961, 60, 25234.582031
61.961, 60, 25235.027344
61.961, 60, 25235.472656
61.961, 60, 25235.917969
61.961, 60, 25236.361328
61.961, 60, 25236.806641
61.961, 60, 25237.251953
61.961, 60, 25237.697266
61.961, 60, 25238.142578
61.961, 60, 25238.587891
61.961, 60, 25239.033203
61.961, 60, 25239.476562
61.961, 60, 25239.921875
61.961, 60, 25240.367188
61.961, 60, 25240.812500
61.961, 60, 25241.257812
61.961, 60, 25241.703125
61.961, 60, 25242.146484
61.961, 60, 25242.591797
61.961, 60, 25243.037109
61.961, 60, 25243.482422
61.961, 60, 25243.927734
61.961, 60, 25244.373047
61.961, 60, 25244.818359
61.961, 60, 25245.261719
61.961, 60, 25245.707031
61.961, 60, 25246.152344
61.961, 60, 25246.597656
61.961, 60, 25247.042969
61.961, 60, 25247.488281
61.961, 60, 25247.933594
61.961, 60, 25248.376953
61.961, 60, 25248.822266
61.961, 60, 25249.267578
61.961, 60, 25249.712891
61.961, 60, 25250.158203
61.961, 60, 25250.603516
61.961, 60, 25251.048828
61.961, 60, 25251.492188
61.961, 60, 25251.937500
61.961, 60, 25252.382812
61.961, 60, 25252.828125
61.961, 60, 25253.273438
61.961, 60, 25253.718750
61.961, 60, 25254.164062
61.961, 60, 25254.607422
61.961, 60, 25255.052734
61.961, 60, 25255.498047
61.961, 60, 25255.943359
61.961, 60, 25256.388672
61.961, 60, 25256.833984
61.961, 60, 25257.279297
61.961, 60, 25257.722656
61.961, 60, 25258.167969
61.961, 60, 25258.613281
61.961, 60, 25259.058594
61.961, 60, 25259.503906
61.961, 60, 25259.949219
61.961, 60, 25260.394531
61.961, 60, 25260.837891
61.961, 60, 25261.283203
61.961, 60, 25261.728516
61.961, 60, 25262.173828
61.961, 60, 25262.619141
61.961, 60, 25263.064453
61.961, 60, 25263.509766
61.961, 60, 25263.953125
61.961, 60, 25264.398438
61.961, 60, 25264.843750
61.961, 60, 25265.289062
61.961, 60, 25265.734375
61.961, 60, 25266.179688
61.961, 60, 25266.625000
61.961, 60, 25267.068359
61.961, 60, 25267.513672
61.961, 60, 25267.958984
61.961, 60, 25268.404297
61.961, 60, 25268.849609
61.961, 60, 25269.294922
61.961, 60, 25269.740234
61.961, 60, 25270.183594
61.961, 60, 25270.628906
61.961, 60, 25271.074219
61.961, 60, 25271.519531
61.961, 60, 25271.964844
61.961, 60, 25272.410156
61.961, 60, 25272.855469
61.961, 60, 25273.298828
61.961, 60, 25273.744141
61.961, 60, 25274.189453
61.961, 60, 25274.634766
61.961, 60, 25275.080078
61.961, 60, 25275.525391
61.961, 60, 25275.970703
61.961, 60, 25276.414062
61.961, 60, 25276.859375
61.961, 60, 25277.304688
61.961, 60, 25277.750000
61.961, 60, 25278.195312
61.961, 60, 25278.640625
61.961, 60, 25279.085938
61.961, 60, 25279.529297
61.961, 60, 25279.974609
61.961, 60, 25280.419922
61.961, 60, 25280.865234
61.961, 60, 25281.310547
61.961, 60, 25281.755859
61.961, 60, 25282.201172
61.961, 60, 25282.644531
61.961, 60, 25283.089844
61.961, 60, 25283.535156
61.961, 60, 25283.980469
61.961, 60, 25284.425781
61.961, 60, 25284.871094
61.961, 60, 25285.316406
61.961, 60, 25285.759766
61.961, 60, 25286.205078
61.961, 60, 25286.650391
61.961, 60, 25287.095703
61.961, 60, 25287.541016
61.961, 60, 25287.986328
61.961, 60, 25288.429688
61.961, 60, 25288.875000
61.961, 60, 25289.320312
61.961, 60, 25289.765625
61.961, 60, 25290.210938
61.961, 60, 25290.656250
61.961, 60, 25291.101562
61.961, 60, 25291.544922
61.961, 60, 25291.990234
61.961, 60, 25292.435547
61.961, 60, 25292.880859
61.961, 60, 25293.326172
61.961, 60, 25293.771484
61.961, 60, 25294.216797
61.961, 60, 25294.660156
61.961, 60, 25295.105469
61.961, 60, 25295.550781
61.961, 60, 25295.996094
61.961, 60, 25296.441406
61.961, 60, 25296.886719
61.961, 60, 25297.332031
61.961, 60, 25297.775391
61.961, 60, 25298.220703
61.961, 60, 25298.666016
61.961, 60, 25299.111328
61.961, 60, 25299.556641
61.961, 60, 25300.001953
61.961, 60, 25300.447266
61.961, 60, 25300.890625
61.961, 60, 25301.335938
61.961, 60, 25301.781250
61.961, 60, 25302.226562
61.961, 60, 25302.671875
61.961, 60, 25303.117188
61.961, 60, 25303.562500
61.961, 60, 25304.005859
61.961, 60, 25304.451172
61.961, 60, 25304.896484
61.961, 60, 25305.341797
61.961, 60, 25305.787109
61.961, 60, 25306.232422
61.961, 60, 25306.677734
61.961, 60, 25307.121094
61.961, 60, 25307.566406
61.961, 60, 25308.011719
61.961, 60, 25308.457031
61.961, 60, 25308.902344
61.961, 60, 25309.347656
61.961, 60, 25309.792969
61.961, 60, 25310.236328
61.961, 60, 25310.681641
61.961, 60, 25311.126953
61.961, 60, 25311.572266
61.961, 60, 25312.017578
61.961, 60, 25312.462891
61.961, 60, 25312.908203
61.961, 60, 25313.351562
61.961, 60, 25313.796875
61.961, 60, 25314.242188
61.961, 60, 25314.687500
61.961, 60, 25315.132812
61.961, 60, 25315.578125
61.961, 60, 25316.023438
61.961, 60, 25316.466797
62.151, 60, 25316.912109
62.151, 60, 25317.357422
62.151, 60, 25317.802734
62.151, 60, 25318.248047
62.151, 60, 25318.693359
62.151, 60, 25319.138672
62.151, 60, 25319.582031
62.151, 60, 25320.027344
62.151, 60, 25320.472656
62.151, 60, 25320.917969
62.151, 60, 25321.363281
62.151, 60, 25321.808594
62.151, 60, 25322.253906
62.151, 60, 25322.697266
62.151, 60, 25323.142578
62.151, 60, 25323.587891
62.151, 60, 25324.033203
62.151, 60, 25324.478516
62.151, 60, 25324.923828
62.151, 60, 25325.369141
62.151, 60, 25325.812500
62.151, 60, 25326.257812
62.151, 60, 25326.703125
62.151, 60, 25327.148438
62.151, 60, 25327.593750
62.151, 60, 25328.039062
62.151, 60, 25328.484375
62.151, 60, 25328.927734
62.151, 60, 25329.373047
62.151, 60, 25329.818359
62.151, 60, 25330.263672
62.151, 60, 25330.708984
62.151, 60, 25331.154297
62.151, 60, 25331.599609
62.151, 60, 25332.042969
62.151, 60, 25332.488281
62.151, 60, 25332.933594
62.151, 60, 25333.378906
62.151, 60, 25333.824219
62.151, 60, 25334.269531
62.151, 60, 25334.712891
62.151, 60, 25335.158203
62.151, 60, 25335.603516
62.151, 60, 25336.048828
62.151, 60, 25336.494141
62.151, 60, 25336.939453
62.151, 60, 25337.384766
62.151, 60, 25337.828125
62.151, 60, 25338.273438
62.151, 60, 25338.718750
62.151, 60, 25339.164062
62.151, 60, 25339.609375
62.151, 60, 25340.054688
62.151, 60, 25340.500000
62.151, 60, 25340.943359
62.151, 60, 25341.388672
62.151, 60, 25341.833984
62.151, 60, 25342.279297
62.151, 60, 25342.724609
62.151, 60, 25343.169922
62.151, 60, 25343.615234
62.151, 60, 25344.058594
62.151, 60, 25344.503906
62.151, 60, 25344.949219
62.151, 60, 25345.394531
62.151, 60, 25345.839844
62.151, 60, 25346.285156
62.151, 60, 25346.730469
62.151, 60, 25347.173828
62.056, 60, 25347.619141
62.056, 60, 25348.064453
62.056, 60, 25348.509766
62.056, 60, 25348.955078
62.056, 60, 25349.400391
62.056, 60, 25349.845703
62.056, 60, 25350.289062
62.056, 60, 25350.734375
62.056, 60, 25351.179688
62.056, 60, 25351.625000
62.056, 60, 25352.070312
62.056, 60, 25352.515625
62.056, 60, 25352.960938
62.056, 60, 25353.404297
62.056, 60, 25353.849609
62.056, 60, 25354.294922
62.056, 60, 25354.740234
62.056, 60, 25355.185547
62.056, 60, 25355.630859
62.056, 60, 25356.076172
62.056, 60, 25356.519531
62.056, 60, 25356.964844
62.056, 60, 25357.410156
62.056, 60, 25357.855469
62.056, 60, 25358.300781
62.056, 60, 25358.746094
62.056, 60, 25359.191406
62.056, 60, 25359.634766
62.056, 60, 25360.080078
62.056, 60, 25360.525391
62.056, 60, 25360.970703
62.056, 60, 25361.416016
62.056, 60, 25361.861328
62.056, 60, 25362.306641
62.056, 60, 25362.750000
61.961, 60, 25363.195312
61.961, 60, 25363.640625
61.961, 60, 25364.085938
61.961, 60, 25364.531250
61.961, 60, 25364.976562
61.961, 60, 25365.421875
61.961, 60, 25365.865234
61.961, 60, 25366.310547
61.961, 60, 25366.755859
61.961, 60, 25367.201172
61.961, 60, 25367.646484
61.961, 60, 25368.091797
61.961, 60, 25368.537109
61.961, 60, 25368.980469
61.961, 60, 25369.425781
61.961, 60, 25369.871094
61.961, 60, 25370.316406
61.961, 60, 25370.761719
61.961, 60, 25371.207031
61.961, 60, 25371.652344
61.961, 60, 25372.095703
61.961, 60, 25372.541016
61.961, 60, 25372.986328
61.961, 60, 25373.431641
61.961, 60, 25373.876953
61.961, 60, 25374.322266
61.961, 60, 25374.767578
61.961, 60, 25375.210938
61.961, 60, 25375.656250
61.961, 60, 25376.101562
61.961, 60, 25376.546875
61.961, 60, 25376.992188
61.961, 60, 25377.437500
61.961, 60, 25377.882812
61.961, 60, 25378.326172
62.056, 60, 25378.771484
62.056, 60, 25379.216797
62.056, 60, 25379.662109
62.056, 60, 25380.107422
62.056, 60, 25380.552734
62.056, 60, 25380.996094
62.056, 60, 25381.441406
62.056, 60, 25381.886719
62.056, 60, 25382.332031
62.056, 60, 25382.777344
62.056, 60, 25383.222656
62.056, 60, 25383.667969
62.056, 60, 25384.111328
62.056, 60, 25384.556641
62.056, 60, 25385.001953
62.056, 60, 25385.447266
62.056, 60, 25385.892578
62.056, 60, 25386.337891
62.056, 60, 25386.783203
62.056, 60, 25387.226562
62.056, 60, 25387.671875
62.056, 60, 25388.117188
62.056, 60, 25388.562500
62.056, 60, 25389.007812
62.056, 60, 25389.453125
62.056, 60, 25389.898438
62.056, 60, 25390.341797
62.056, 60, 25390.787109
62.056, 60, 25391.232422
62.056, 60, 25391.677734
62.056, 60, 25392.123047
62.056, 60, 25392.568359
62.056, 60, 25393.013672
62.056, 60, 25393.457031
62.151, 60, 25393.902344
62.151, 60, 25394.347656
62.151, 60, 25394.792969
62.151, 60, 25395.238281
62.151, 60, 25395.683594
62.151, 60, 25396.128906
62.151, 60, 25396.572266
62.151, 60, 25397.017578
62.151, 60, 25397.462891
62.151, 60, 25397.908203
62.151, 60, 25398.353516
62.151, 60, 25398.798828
62.151, 60, 25399.244141
62.151, 60, 25399.687500
62.151, 60, 25400.132812
62.151, 60, 25400.578125
62.151, 60, 25401.023438
62.151, 60, 25401.468750
62.151, 60, 25401.914062
62.151, 60, 25402.359375
62.151, 60, 25402.802734
62.151, 60, 25403.248047
62.151, 60, 25403.693359
62.151, 60, 25404.138672
62.151, 60, 25404.583984
62.151, 60, 25405.029297
62.151, 60, 25405.474609
62.151, 60, 25405.917969
62.151, 60, 25406.363281
62.151, 60, 25406.808594
62.151, 60, 25407.253906
62.151, 60, 25407.699219
62.151, 60, 25408.144531
62.151, 60, 25408.589844
62.151, 60, 25409.033203
62.151, 60, 25409.478516
62.151, 60, 25409.923828
62.151, 60, 25410.369141
62.151, 60, 25410.814453
62.151, 60, 25411.259766
62.151, 60, 25411.705078
62.151, 60, 25412.148438
62.151, 60, 25412.593750
62.151, 60, 25413.039062
62.151, 60, 25413.484375
62.151, 60, 25413.929688
62.151, 60, 25414.375000
62.151, 60, 25414.820312
62.151, 60, 25415.263672
62.151, 60, 25415.708984
62.151, 60, 25416.154297
62.151, 60, 25416.599609
62.151, 60, 25417.044922
62.151, 60, 25417.490234
62.151, 60, 25417.935547
62.151, 60, 25418.378906
62.151, 60, 25418.824219
62.151, 60, 25419.269531
62.151, 60, 25419.714844
62.151, 60, 25420.160156
62.151, 60, 25420.605469
62.151, 60, 25421.050781
62.151, 60, 25421.494141
62.151, 60, 25421.939453
62.151, 60, 25422.384766
62.151, 60, 25422.830078
62.151, 60, 25423.275391
62.151, 60, 25423.720703
62.151, 60, 25424.166016
62.151, 60, 25424.609375
62.151, 60, 25425.054688
62.151, 60, 25425.500000
62.151, 60, 25425.945312
62.151, 60, 25426.390625
62.151, 60, 25426.835938
62.151, 60, 25427.279297
62.151, 60, 25427.724609
62.151, 60, 25428.169922
62.151, 60, 25428.615234
62.151, 60, 25429.060547
62.151, 60, 25429.505859
62.151, 60, 25429.951172
62.151, 60, 25430.394531
62.151, 60, 25430.839844
62.151, 60, 25431.285156
62.151, 60, 25431.730469
62.151, 60, 25432.175781
62.151, 60, 25432.621094
62.151, 60, 25433.066406
62.151, 60, 25433.509766
62.151, 60, 25433.955078
62.151, 60, 25434.400391
62.151, 60, 25434.845703
62.151, 60, 25435.291016
62.151, 60, 25435.736328
62.151, 60, 25436.181641
62.151, 60, 25436.625000
62.151, 60, 25437.070312
62.151, 60, 25437.515625
62.151, 60, 25437.960938
62.151, 60, 25438.406250
62.151, 60, 25438.851562
62.151, 60, 25439.296875
62.151, 60, 25439.740234
62.151, 60, 25440.185547
62.151, 60, 25440.630859
62.151, 60, 25441.076172
62.151, 60, 25441.521484
62.151, 60, 25441.966797
62.151, 60, 25442.412109
62.151, 60, 25442.855469
62.151, 60, 25443.300781
62.151, 60, 25443.746094
62.151, 60, 25444.191406
62.151, 60, 25444.636719
62.151, 60, 25445.082031
62.151, 60, 25445.527344
62.151, 60, 25445.970703
62.151, 60, 25446.416016
62.151, 60, 25446.861328
62.151, 60, 25447.306641
62.151, 60, 25447.751953
62.151, 60, 25448.197266
62.151, 60, 25448.642578
62.151, 60, 25449.085938
62.151, 60, 25449.531250
62.151, 60, 25449.976562
62.151, 60, 25450.421875
62.151, 60, 25450.867188
62.151, 60, 25451.312500
62.151, 60, 25451.757812
62.151, 60, 25452.201172
62.151, 60, 25452.646484
62.151, 60, 25453.091797
62.151, 60, 25453.537109
62.151, 60, 25453.982422
62.151, 60, 25454.427734
62.151, 60, 25454.873047
62.247, 60, 25455.316406
62.247, 60, 25455.761719
62.247, 60, 25456.207031
62.247, 60, 25456.652344
62.247, 60, 25457.097656
62.247, 60, 25457.542969
62.247, 60, 25457.988281
62.247, 60, 25458.431641
62.247, 60, 25458.876953
62.247, 60, 25459.322266
62.247, 60, 25459.767578
62.247, 60, 25460.212891
62.247, 60, 25460.658203
62.247, 60, 25461.103516
62.247, 60, 25461.546875
62.247, 60, 25461.992188
62.247, 60, 25462.437500
62.247, 60, 25462.882812
62.247, 60, 25463.328125
62.247, 60, 25463.773438
62.247, 60, 25464.218750
62.247, 60, 25464.662109
62.247, 60, 25465.107422
62.247, 60, 25465.552734
62.247, 60, 25465.998047
62.247, 60, 25466.443359
62.247, 60, 25466.888672
62.247, 60, 25467.333984
62.247, 60, 25467.777344
62.247, 60, 25468.222656
62.247, 60, 25468.667969
62.247, 60, 25469.113281
62.247, 60, 25469.558594
62.247, 60, 25470.003906
62.247, 60, 25470.449219
62.247, 60, 25470.892578
62.247, 60, 25471.337891
62.247, 60, 25471.783203
62.247, 60, 25472.228516
62.247, 60, 25472.673828
62.247, 60, 25473.119141
62.247, 60, 25473.562500
62.247, 60, 25474.007812
62.247, 60, 25474.453125
62.247, 60, 25474.898438
62.247, 60, 25475.343750
62.247, 60, 25475.789062
62.247, 60, 25476.234375
62.247, 60, 25476.677734
62.247, 60, 25477.123047
62.247, 60, 25477.568359
62.247, 60, 25478.013672
62.247, 60, 25478.458984
62.247, 60, 25478.904297
62.247, 60, 25479.349609
62.247, 60, 25479.792969
62.247, 60, 25480.238281
62.247, 60, 25480.683594
62.247, 60, 25481.128906
62.247, 60, 25481.574219
62.247, 60, 25482.019531
62.247, 60, 25482.464844
62.247, 60, 25482.908203
62.247, 60, 25483.353516
62.247, 60, 25483.798828
62.247, 60, 25484.244141
62.247, 60, 25484.689453
62.247, 60, 25485.134766
62.247, 60, 25485.580078
62.247, 60, 25486.023438
62.247, 60, 25486.468750
62.247, 60, 25486.914062
62.247, 60, 25487.359375
62.247, 60, 25487.804688
62.247, 60, 25488.250000
62.247, 60, 25488.695312
62.247, 60, 25489.138672
62.247, 60, 25489.583984
62.247, 60, 25490.029297
62.247, 60, 25490.474609
62.247, 60, 25490.919922
62.247, 60, 25491.365234
62.247, 60, 25491.810547
62.247, 60, 25492.253906
62.247, 60, 25492.699219
62.247, 60, 25493.144531
62.247, 60, 25493.589844
62.247, 60, 25494.035156
62.247, 60, 25494.480469
62.247, 60, 25494.925781
62.247, 60, 25495.369141
62.247, 60, 25495.814453
62.247, 60, 25496.259766
62.247, 60, 25496.705078
62.247, 60, 25497.150391
62.247, 60, 25497.595703
62.247, 60, 25498.041016
62.247, 60, 25498.484375
62.247, 60, 25498.929688
62.247, 60, 25499.375000
62.247, 60, 25499.820312
62.247, 60, 25500.265625
62.247, 60, 25500.710938
62.247, 60, 25501.156250
62.342, 60, 25501.599609
62.342, 60, 25502.044922
62.342, 60, 25502.490234
62.342, 60, 25502.935547
62.342, 60, 25503.380859
62.342, 60, 25503.826172
62.342, 60, 25504.271484
62.342, 60, 25504.714844
62.342, 60, 25505.160156
62.342, 60, 25505.605469
62.342, 60, 25506.050781
62.342, 60, 25506.496094
62.342, 60, 25506.941406
62.342, 60, 25507.386719
62.342, 60, 25507.830078
62.342, 60, 25508.275391
62.342, 60, 25508.720703
62.342, 60, 25509.166016
62.342, 60, 25509.611328
62.342, 60, 25510.056641
62.342, 60, 25510.501953
62.342, 60, 25510.945312
62.342, 60, 25511.390625
62.342, 60, 25511.835938
62.342, 60, 25512.281250
62.342, 60, 25512.726562
62.342, 60, 25513.171875
62.342, 60, 25513.617188
62.342, 60, 25514.060547
62.342, 60, 25514.505859
62.342, 60, 25514.951172
62.342, 60, 25515.396484
62.342, 60, 25515.841797
62.342, 60, 25516.287109
62.247, 60, 25516.732422
62.247, 60, 25517.175781
62.247, 60, 25517.621094
62.247, 60, 25518.066406
62.247, 60, 25518.511719
62.247, 60, 25518.957031
62.247, 60, 25519.402344
62.247, 60, 25519.847656
62.247, 60, 25520.291016
62.247, 60, 25520.736328
62.247, 60, 25521.181641
62.247, 60, 25521.626953
62.247, 60, 25522.072266
62.247, 60, 25522.517578
62.247, 60, 25522.960938
62.247, 60, 25523.406250
62.247, 60, 25523.851562
62.247, 60, 25524.296875
62.247, 60, 25524.742188
62.247, 60, 25525.187500
62.247, 60, 25525.632812
62.247, 60, 25526.076172
62.247, 60, 25526.521484
62.247, 60, 25526.966797
62.247, 60, 25527.412109
62.247, 60, 25527.857422
62.247, 60, 25528.302734
62.247, 60, 25528.748047
62.247, 60, 25529.191406
62.247, 60, 25529.636719
62.247, 60, 25530.082031
62.247, 60, 25530.527344
62.247, 60, 25530.972656
62.247, 60, 25531.417969
62.247, 60, 25531.863281
62.151, 60, 25532.306641
62.151, 60, 25532.751953
62.151, 60, 25533.197266
62.151, 60, 25533.642578
62.151, 60, 25534.087891
62.151, 60, 25534.533203
62.151, 60, 25534.978516
62.151, 60, 25535.421875
62.151, 60, 25535.867188
62.151, 60, 25536.312500
62.151, 60, 25536.757812
62.151, 60, 25537.203125
62.151, 60, 25537.648438
62.151, 60, 25538.093750
62.151, 60, 25538.537109
62.151, 60, 25538.982422
62.151, 60, 25539.427734
62.151, 60, 25539.873047
62.151, 60, 25540.318359
62.151, 60, 25540.763672
62.151, 60, 25541.208984
62.151, 60, 25541.652344
62.151, 60, 25542.097656
62.151, 60, 25542.542969
62.151, 60, 25542.988281
62.151, 60, 25543.433594
62.151, 60, 25543.878906
62.151, 60, 25544.324219
62.151, 60, 25544.767578
62.151, 60, 25545.212891
62.151, 60, 25545.658203
62.151, 60, 25546.103516
62.151, 60, 25546.548828
62.151, 60, 25546.994141
62.151, 60, 25547.439453
62.151, 60, 25547.882812
62.151, 60, 25548.328125
62.151, 60, 25548.773438
62.151, 60, 25549.218750
62.151, 60, 25549.664062
62.151, 60, 25550.109375
62.151, 60, 25550.554688
62.151, 60, 25550.998047
62.151, 60, 25551.443359
62.151, 60, 25551.888672
62.151, 60, 25552.333984
62.151, 60, 25552.779297
62.151, 60, 25553.224609
62.151, 60, 25553.669922
62.151, 60, 25554.113281
62.151, 60, 25554.558594
62.151, 60, 25555.003906
62.151, 60, 25555.449219
62.151, 60, 25555.894531
62.151, 60, 25556.339844
62.151, 60, 25556.785156
62.151, 60, 25557.228516
62.151, 60, 25557.673828
62.151, 60, 25558.119141
62.151, 60, 25558.564453
62.151, 60, 25559.009766
62.151, 60, 25559.455078
62.151, 60, 25559.900391
62.151, 60, 25560.343750
62.151, 60, 25560.789062
62.151, 60, 25561.234375
62.151, 60, 25561.679688
62.151, 60, 25562.125000
62.151, 60, 25562.570312
62.151, 60, 25563.015625
62.151, 60, 25563.458984
62.151, 60, 25563.904297
62.151, 60, 25564.349609
62.151, 60, 25564.794922
62.151, 60, 25565.240234
62.151, 60, 25565.685547
62.151, 60, 25566.130859
62.151, 60, 25566.574219
62.151, 60, 25567.019531
62.151, 60, 25567.464844
62.151, 60, 25567.910156
62.151, 60, 25568.355469
62.151, 60, 25568.800781
62.151, 60, 25569.244141
62.151, 60, 25569.689453
62.151, 60, 25570.134766
62.151, 60, 25570.580078
62.151, 60, 25571.025391
62.151, 60, 25571.470703
62.151, 60, 25571.916016
62.151, 60, 25572.359375
62.151, 60, 25572.804688
62.151, 60, 25573.250000
62.151, 60, 25573.695312
62.151, 60, 25574.140625
62.151, 60, 25574.585938
62.151, 60, 25575.031250
62.151, 60, 25575.474609
62.151, 60, 25575.919922
62.151, 60, 25576.365234
62.151, 60, 25576.810547
62.151, 60, 25577.255859
62.151, 60, 25577.701172
62.151, 60, 25578.146484
62.151, 60, 25578.589844
62.247, 60, 25579.035156
62.247, 60, 25579.480469
62.247, 60, 25579.925781
62.247, 60, 25580.371094
62.247, 60, 25580.816406
62.247, 60, 25581.261719
62.247, 60, 25581.705078
62.247, 60, 25582.150391
62.247, 60, 25582.595703
62.247, 60, 25583.041016
62.247, 60, 25583.486328
62.247, 60, 25583.931641
62.247, 60, 25584.376953
62.247, 60, 25584.820312
62.247, 60, 25585.265625
62.247, 60, 25585.710938
62.247, 60, 25586.156250
62.247, 60, 25586.601562
62.247, 60, 25587.046875
62.247, 60, 25587.492188
62.247, 60, 25587.935547
62.247, 60, 25588.380859
62.247, 60, 25588.826172
62.247, 60, 25589.271484
62.247, 60, 25589.716797
62.247, 60, 25590.162109
62.247, 60, 25590.607422
62.247, 60, 25591.050781
62.247, 60, 25591.496094
62.247, 60, 25591.941406
62.247, 60, 25592.386719
62.247, 60, 25592.832031
62.247, 60, 25593.277344
62.247, 60, 25593.722656
62.247, 60, 25594.166016
62.247, 60, 25594.611328
62.247, 60, 25595.056641
62.247, 60, 25595.501953
62.247, 60, 25595.947266
62.247, 60, 25596.392578
62.247, 60, 25596.837891
62.247, 60, 25597.281250
62.247, 60, 25597.726562
62.247, 60, 25598.171875
62.247, 60, 25598.617188
62.247, 60, 25599.062500
62.247, 60, 25599.507812
62.247, 60, 25599.953125
62.247, 60, 25600.396484
62.247, 60, 25600.841797
62.247, 60, 25601.287109
62.247, 60, 25601.732422
62.247, 60, 25602.177734
62.247, 60, 25602.623047
62.247, 60, 25603.068359
62.247, 60, 25603.511719
62.247, 60, 25603.957031
62.247, 60, 25604.402344
62.247, 60, 25604.847656
62.247, 60, 25605.292969
62.247, 60, 25605.738281
62.247, 60, 25606.183594
62.247, 60, 25606.626953
62.247, 60, 25607.072266
62.247, 60, 25607.517578
62.247, 60, 25607.962891
62.247, 60, 25608.408203
62.247, 60, 25608.853516
62.247, 60, 25609.298828
62.247, 60, 25609.742188
62.247, 60, 25610.187500
62.247, 60, 25610.632812
62.247, 60, 25611.078125
62.247, 60, 25611.523438
62.247, 60, 25611.968750
62.247, 60, 25612.414062
62.247, 60, 25612.857422
62.247, 60, 25613.302734
62.247, 60, 25613.748047
62.247, 60, 25614.193359
62.247, 60, 25614.638672
62.247, 60, 25615.083984
62.247, 60, 25615.527344
62.247, 60, 25615.972656
62.247, 60, 25616.417969
62.247, 60, 25616.863281
62.247, 60, 25617.308594
62.247, 60, 25617.753906
62.247, 60, 25618.199219
62.247, 60, 25618.642578
62.247, 60, 25619.087891
62.247, 60, 25619.533203
62.247, 60, 25619.978516
62.247, 60, 25620.423828
62.247, 60, 25620.869141
62.247, 60, 25621.314453
62.247, 60, 25621.757812
62.247, 60, 25622.203125
62.247, 60, 25622.648438
62.247, 60, 25623.093750
62.247, 60, 25623.539062
62.247, 60, 25623.984375
62.247, 60, 25624.429688
62.247, 60, 25624.873047
62.247, 60, 25625.318359
62.247, 60, 25625.763672
62.247, 60, 25626.208984
62.247, 60, 25626.654297
62.247, 60, 25627.099609
62.247, 60, 25627.544922
62.247, 60, 25627.988281
62.247, 60, 25628.433594
62.247, 60, 25628.878906
62.247, 60, 25629.324219
62.247, 60, 25629.769531
62.247, 60, 25630.214844
62.247, 60, 25630.660156
62.247, 60, 25631.103516
62.247, 60, 25631.548828
62.247, 60, 25631.994141
62.247, 60, 25632.439453
62.247, 60, 25632.884766
62.247, 60, 25633.330078
62.247, 60, 25633.775391
62.247, 60, 25634.218750
62.247, 60, 25634.664062
62.247, 60, 25635.109375
62.247, 60, 25635.554688
62.247, 60, 25636.000000
62.247, 60, 25636.445312
62.247, 60, 25636.890625
62.247, 60, 25637.333984
62.247, 60, 25637.779297
62.247, 60, 25638.224609
62.247, 60, 25638.669922
62.247, 60, 25639.115234
62.247, 60, 25639.560547
62.247, 60, 25640.005859
62.247, 60, 25640.449219
62.247, 60, 25640.894531
62.247, 60, 25641.339844
62.247, 60, 25641.785156
62.247, 60, 25642.230469
62.247, 60, 25642.675781
62.247, 60, 25643.121094
62.247, 60, 25643.564453
62.247, 60, 25644.009766
62.247, 60, 25644.455078
62.247, 60, 25644.900391
62.247, 60, 25645.345703
62.247, 60, 25645.791016
62.247, 60, 25646.236328
62.247, 60, 25646.679688
62.247, 60, 25647.125000
62.247, 60, 25647.570312
62.247, 60, 25648.015625
62.247, 60, 25648.460938
62.247, 60, 25648.906250
62.247, 60, 25649.351562
62.247, 60, 25649.794922
62.247, 60, 25650.240234
62.247, 60, 25650.685547
62.247, 60, 25651.130859
62.247, 60, 25651.576172
62.247, 60, 25652.021484
62.247, 60, 25652.466797
62.247, 60, 25652.910156
62.247, 60, 25653.355469
62.247, 60, 25653.800781
62.247, 60, 25654.246094
62.342, 60, 25654.691406
62.342, 60, 25655.136719
62.342, 60, 25655.582031
62.342, 60, 25656.025391
62.342, 60, 25656.470703
62.342, 60, 25656.916016
62.342, 60, 25657.361328
62.342, 60, 25657.806641
62.342, 60, 25658.251953
62.342, 60, 25658.697266
62.342, 60, 25659.140625
62.342, 60, 25659.585938
62.342, 60, 25660.031250
62.342, 60, 25660.476562
62.342, 60, 25660.921875
62.342, 60, 25661.367188
62.342, 60, 25661.810547
62.342, 60, 25662.255859
62.342, 60, 25662.701172
62.342, 60, 25663.146484
62.342, 60, 25663.591797
62.342, 60, 25664.037109
62.342, 60, 25664.482422
62.342, 60, 25664.925781
62.342, 60, 25665.371094
62.342, 60, 25665.816406
62.342, 60, 25666.261719
62.342, 60, 25666.707031
62.342, 60, 25667.152344
62.342, 60, 25667.597656
62.342, 60, 25668.041016
62.342, 60, 25668.486328
62.342, 60, 25668.931641
62.342, 60, 25669.376953
62.342, 60, 25669.822266
62.342, 60, 25670.267578
62.342, 60, 25670.712891
62.342, 60, 25671.156250
62.342, 60, 25671.601562
62.342, 60, 25672.046875
62.342, 60, 25672.492188
62.342, 60, 25672.937500
62.342, 60, 25673.382812
62.342, 60, 25673.828125
62.342, 60, 25674.271484
62.342, 60, 25674.716797
62.342, 60, 25675.162109
62.342, 60, 25675.607422
62.342, 60, 25676.052734
62.342, 60, 25676.498047
62.342, 60, 25676.943359
62.342, 60, 25677.386719
62.342, 60, 25677.832031
62.342, 60, 25678.277344
62.342, 60, 25678.722656
62.342, 60, 25679.167969
62.342, 60, 25679.613281
62.342, 60, 25680.058594
62.342, 60, 25680.501953
62.342, 60, 25680.947266
62.342, 60, 25681.392578
62.342, 60, 25681.837891
62.342, 60, 25682.283203
62.342, 60, 25682.728516
62.342, 60, 25683.173828
62.342, 60, 25683.617188
62.342, 60, 25684.062500
62.342, 60, 25684.507812
62.342, 60, 25684.953125
62.247, 60, 25685.398438
62.247, 60, 25685.843750
62.247, 60, 25686.289062
62.247, 60, 25686.732422
62.247, 60, 25687.177734
62.247, 60, 25687.623047
62.247, 60, 25688.068359
62.247, 60, 25688.513672
62.247, 60, 25688.958984
62.247, 60, 25689.404297
62.247, 60, 25689.847656
62.247, 60, 25690.292969
62.247, 60, 25690.738281
62.247, 60, 25691.183594
62.247, 60, 25691.628906
62.247, 60, 25692.074219
62.247, 60, 25692.519531
62.247, 60, 25692.962891
62.247, 60, 25693.408203
62.247, 60, 25693.853516
62.247, 60, 25694.298828
62.247, 60, 25694.744141
62.247, 60, 25695.189453
62.247, 60, 25695.634766
62.247, 60, 25696.078125
62.247, 60, 25696.523438
62.247, 60, 25696.968750
62.247, 60, 25697.414062
62.247, 60, 25697.859375
62.247, 60, 25698.304688
62.247, 60, 25698.750000
62.247, 60, 25699.193359
62.247, 60, 25699.638672
62.247, 60, 25700.083984
62.247, 60, 25700.529297
62.342, 60, 25700.974609
62.342, 60, 25701.419922
62.342, 60, 25701.865234
62.342, 60, 25702.308594
62.342, 60, 25702.753906
62.342, 60, 25703.199219
62.342, 60, 25703.644531
62.342, 60, 25704.089844
62.342, 60, 25704.535156
62.342, 60, 25704.980469
62.342, 60, 25705.423828
62.342, 60, 25705.869141
62.342, 60, 25706.314453
62.342, 60, 25706.759766
62.342, 60, 25707.205078
62.342, 60, 25707.650391
62.342, 60, 25708.093750
62.342, 60, 25708.539062
62.342, 60, 25708.984375
62.342, 60, 25709.429688
62.342, 60, 25709.875000
62.342, 60, 25710.320312
62.342, 60, 25710.765625
62.342, 60, 25711.208984
62.342, 60, 25711.654297
62.342, 60, 25712.099609
62.342, 60, 25712.544922
62.342, 60, 25712.990234
62.342, 60, 25713.435547
62.342, 60, 25713.880859
62.342, 60, 25714.324219
62.342, 60, 25714.769531
62.342, 60, 25715.214844
62.342, 60, 25715.660156
62.342, 60, 25716.105469
62.342, 60, 25716.550781
62.342, 60, 25716.996094
62.342, 60, 25717.439453
62.342, 60, 25717.884766
62.342, 60, 25718.330078
62.342, 60, 25718.775391
62.342, 60, 25719.220703
62.342, 60, 25719.666016
62.342, 60, 25720.111328
62.342, 60, 25720.554688
62.342, 60, 25721.000000
62.342, 60, 25721.445312
62.342, 60, 25721.890625
62.342, 60, 25722.335938
62.342, 60, 25722.781250
62.342, 60, 25723.226562
62.342, 60, 25723.669922
62.342, 60, 25724.115234
62.342, 60, 25724.560547
62.342, 60, 25725.005859
62.342, 60, 25725.451172
62.342, 60, 25725.896484
62.342, 60, 25726.341797
62.342, 60, 25726.785156
62.342, 60, 25727.230469
62.342, 60, 25727.675781
62.342, 60, 25728.121094
62.342, 60, 25728.566406
62.342, 60, 25729.011719
62.342, 60, 25729.457031
62.342, 60, 25729.900391
62.342, 60, 25730.345703
62.342, 60, 25730.791016
62.342, 60, 25731.236328
62.342, 60, 25731.681641
62.342, 60, 25732.126953
62.342, 60, 25732.572266
62.342, 60, 25733.015625
62.342, 60, 25733.460938
62.342, 60, 25733.906250
62.342, 60, 25734.351562
62.342, 60, 25734.796875
62.342, 60, 25735.242188
62.342, 60, 25735.687500
62.342, 60, 25736.130859
62.342, 60, 25736.576172
62.342, 60, 25737.021484
62.342, 60, 25737.466797
62.342, 60, 25737.912109
62.342, 60, 25738.357422
62.342, 60, 25738.802734
62.342, 60, 25739.246094
62.342, 60, 25739.691406
62.342, 60, 25740.136719
62.342, 60, 25740.582031
62.342, 60, 25741.027344
62.342, 60, 25741.472656
62.342, 60, 25741.917969
62.342, 60, 25742.361328
62.342, 60, 25742.806641
62.342, 60, 25743.251953
62.342, 60, 25743.697266
62.342, 60, 25744.142578
62.342, 60, 25744.587891
62.342, 60, 25745.033203
62.342, 60, 25745.476562
62.342, 60, 25745.921875
62.342, 60, 25746.367188
62.342, 60, 25746.812500
62.342, 60, 25747.257812
62.342, 60, 25747.703125
62.342, 60, 25748.148438
62.342, 60, 25748.591797
62.342, 60, 25749.037109
62.342, 60, 25749.482422
62.342, 60, 25749.927734
62.342, 60, 25750.373047
62.342, 60, 25750.818359
62.342, 60, 25751.263672
62.342, 60, 25751.707031
62.342, 60, 25752.152344
62.342, 60, 25752.597656
62.342, 60, 25753.042969
62.342, 60, 25753.488281
62.342, 60, 25753.933594
62.342, 60, 25754.376953
62.342, 60, 25754.822266
62.342, 60, 25755.267578
62.342, 60, 25755.712891
62.342, 60, 25756.158203
62.342, 60, 25756.603516
62.342, 60, 25757.048828
62.342, 60, 25757.492188
62.342, 60, 25757.937500
62.342, 60, 25758.382812
62.342, 60, 25758.828125
62.342, 60, 25759.273438
62.342, 60, 25759.718750
62.342, 60, 25760.164062
62.342, 60, 25760.607422
62.342, 60, 25761.052734
62.342, 60, 25761.498047
62.342, 60, 25761.943359
62.342, 60, 25762.388672
62.342, 60, 25762.833984
62.342, 60, 25763.279297
62.342, 60, 25763.722656
62.342, 60, 25764.167969
62.342, 60, 25764.613281
62.342, 60, 25765.058594
62.342, 60, 25765.503906
62.342, 60, 25765.949219
62.342, 60, 25766.394531
62.342, 60, 25766.837891
62.342, 60, 25767.283203
62.342, 60, 25767.728516
62.342, 60, 25768.173828
62.342, 60, 25768.619141
62.342, 60, 25769.064453
62.342, 60, 25769.509766
62.342, 60, 25769.953125
62.342, 60, 25770.398438
62.342, 60, 25770.843750
62.342, 60, 25771.289062
62.342, 60, 25771.734375
62.342, 60, 25772.179688
62.342, 60, 25772.625000
62.342, 60, 25773.068359
62.342, 60, 25773.513672
62.342, 60, 25773.958984
62.342, 60, 25774.404297
62.342, 60, 25774.849609
62.342, 60, 25775.294922
62.342, 60, 25775.740234
62.342, 60, 25776.183594
62.342, 60, 25776.628906
62.342, 60, 25777.074219
62.342, 60, 25777.519531
62.342, 60, 25777.964844
62.531, 60, 25778.410156
62.531, 60, 25778.855469
62.531, 60, 25779.298828
62.531, 60, 25779.744141
62.531, 60, 25780.189453
62.531, 60, 25780.634766
62.531, 60, 25781.080078
62.531, 60, 25781.525391
62.531, 60, 25781.970703
62.531, 60, 25782.414062
62.531, 60, 25782.859375
62.531, 60, 25783.304688
62.531, 60, 25783.750000
62.531, 60, 25784.195312
62.531, 60, 25784.640625
62.531, 60, 25785.085938
62.531, 60, 25785.529297
62.531, 60, 25785.974609
62.531, 60, 25786.419922
62.531, 60, 25786.865234
62.531, 60, 25787.310547
62.531, 60, 25787.755859
62.531, 60, 25788.201172
62.531, 60, 25788.644531
62.531, 60, 25789.089844
62.531, 60, 25789.535156
62.531, 60, 25789.980469
62.531, 60, 25790.425781
62.531, 60, 25790.871094
62.531, 60, 25791.316406
62.531, 60, 25791.759766
62.531, 60, 25792.205078
62.531, 60, 25792.650391
62.531, 60, 25793.095703
62.531, 60, 25793.541016
62.531, 60, 25793.986328
62.531, 60, 25794.431641
62.531, 60, 25794.875000
62.531, 60, 25795.320312
62.531, 60, 25795.765625
62.531, 60, 25796.210938
62.531, 60, 25796.656250
62.531, 60, 25797.101562
62.531, 60, 25797.546875
62.531, 60, 25797.990234
62.531, 60, 25798.435547
62.531, 60, 25798.880859
62.531, 60, 25799.326172
62.531, 60, 25799.771484
62.531, 60, 25800.216797
62.531, 60, 25800.660156
62.531, 60, 25801.105469
62.531, 60, 25801.550781
62.531, 60, 25801.996094
62.531, 60, 25802.441406
62.531, 60, 25802.886719
62.531, 60, 25803.332031
62.531, 60, 25803.775391
62.531, 60, 25804.220703
62.531, 60, 25804.666016
62.531, 60, 25805.111328
62.531, 60, 25805.556641
62.531, 60, 25806.001953
62.531, 60, 25806.447266
62.531, 60, 25806.890625
62.531, 60, 25807.335938
62.531, 60, 25807.781250
62.531, 60, 25808.226562
62.531, 60, 25808.671875
62.531, 60, 25809.117188
62.531, 60, 25809.562500
62.531, 60, 25810.005859
62.531, 60, 25810.451172
62.531, 60, 25810.896484
62.531, 60, 25811.341797
62.531, 60, 25811.787109
62.531, 60, 25812.232422
62.531, 60, 25812.677734
62.531, 60, 25813.121094
62.531, 60, 25813.566406
62.531, 60, 25814.011719
62.531, 60, 25814.457031
62.531, 60, 25814.902344
62.531, 60, 25815.347656
62.531, 60, 25815.792969
62.531, 60, 25816.236328
62.531, 60, 25816.681641
62.531, 60, 25817.126953
62.531, 60, 25817.572266
62.531, 60, 25818.017578
62.531, 60, 25818.462891
62.531, 60, 25818.908203
62.531, 60, 25819.351562
62.531, 60, 25819.796875
62.531, 60, 25820.242188
62.531, 60, 25820.687500
62.531, 60, 25821.132812
62.531, 60, 25821.578125
62.531, 60, 25822.023438
62.531, 60, 25822.466797
62.531, 60, 25822.912109
62.531, 60, 25823.357422
62.247, 60, 25823.802734
62.247, 60, 25824.248047
62.247, 60, 25824.693359
62.247, 60, 25825.138672
62.247, 60, 25825.582031
62.247, 60, 25826.027344
62.247, 60, 25826.472656
62.247, 60, 25826.917969
62.247, 60, 25827.363281
62.247, 60, 25827.808594
62.247, 60, 25828.253906
62.247, 60, 25828.697266
62.247, 60, 25829.142578
62.247, 60, 25829.587891
62.247, 60, 25830.033203
62.247, 60, 25830.478516
62.247, 60, 25830.923828
62.247, 60, 25831.369141
62.247, 60, 25831.812500
62.247, 60, 25832.257812
62.247, 60, 25832.703125
62.247, 60, 25833.148438
62.247, 60, 25833.593750
62.247, 60, 25834.039062
62.247, 60, 25834.484375
62.247, 60, 25834.927734
62.247, 60, 25835.373047
62.247, 60, 25835.818359
62.247, 60, 25836.263672
62.247, 60, 25836.708984
62.247, 60, 25837.154297
62.247, 60, 25837.599609
62.247, 60, 25838.042969
62.247, 60, 25838.488281
62.151, 60, 25838.933594
62.151, 60, 25839.378906
62.151, 60, 25839.824219
62.151, 60, 25840.269531
62.151, 60, 25840.714844
62.151, 60, 25841.158203
62.151, 60, 25841.603516
62.151, 60, 25842.048828
62.151, 60, 25842.494141
62.151, 60, 25842.939453
62.151, 60, 25843.384766
62.151, 60, 25843.830078
62.151, 60, 25844.273438
62.151, 60, 25844.718750
62.151, 60, 25845.164062
62.151, 60, 25845.609375
62.151, 60, 25846.054688
62.151, 60, 25846.500000
62.151, 60, 25846.943359
62.151, 60, 25847.388672
62.151, 60, 25847.833984
62.151, 60, 25848.279297
62.151, 60, 25848.724609
62.151, 60, 25849.169922
62.151, 60, 25849.615234
62.151, 60, 25850.058594
62.151, 60, 25850.503906
62.151, 60, 25850.949219
62.151, 60, 25851.394531
62.151, 60, 25851.839844
62.151, 60, 25852.285156
62.151, 60, 25852.730469
62.151, 60, 25853.173828
62.056, 60, 25853.619141
62.056, 60, 25854.064453
62.056, 60, 25854.509766
62.056, 60, 25854.955078
62.056, 60, 25855.400391
62.056, 60, 25855.845703
62.056, 60, 25856.289062
62.056, 60, 25856.734375
62.056, 60, 25857.179688
62.056, 60, 25857.625000
62.056, 60, 25858.070312
62.056, 60, 25858.515625
62.056, 60, 25858.960938
62.056, 60, 25859.404297
62.056, 60, 25859.849609
62.056, 60, 25860.294922
62.056, 60, 25860.740234
62.056, 60, 25861.185547
62.056, 60, 25861.630859
62.056, 60, 25862.076172
62.056, 60, 25862.519531
62.056, 60, 25862.964844
62.056, 60, 25863.410156
62.056, 60, 25863.855469
62.056, 60, 25864.300781
62.056, 60, 25864.746094
62.056, 60, 25865.191406
62.056, 60, 25865.634766
62.056, 60, 25866.080078
62.056, 60, 25866.525391
62.056, 60, 25866.970703
62.056, 60, 25867.416016
62.056, 60, 25867.861328
62.056, 60, 25868.306641
62.056, 60, 25868.750000
62.056, 60, 25869.195312
62.056, 60, 25869.640625
62.056, 60, 25870.085938
62.056, 60, 25870.531250
62.056, 60, 25870.976562
62.056, 60, 25871.421875
62.056, 60, 25871.865234
62.056, 60, 25872.310547
62.056, 60, 25872.755859
62.056, 60, 25873.201172
62.056, 60, 25873.646484
62.056, 60, 25874.091797
62.056, 60, 25874.537109
62.056, 60, 25874.980469
62.056, 60, 25875.425781
62.056, 60, 25875.871094
62.056, 60, 25876.316406
62.056, 60, 25876.761719
62.056, 60, 25877.207031
62.056, 60, 25877.652344
62.056, 60, 25878.095703
62.056, 60, 25878.541016
62.056, 60, 25878.986328
62.056, 60, 25879.431641
62.056, 60, 25879.876953
62.056, 60, 25880.322266
62.056, 60, 25880.767578
62.056, 60, 25881.210938
62.056, 60, 25881.656250
62.056, 60, 25882.101562
62.056, 60, 25882.546875
62.056, 60, 25882.992188
62.056, 60, 25883.437500
62.056, 60, 25883.882812
62.074, 60, 25884.326172
62.074, 60, 25884.771484
62.074, 60, 25885.216797
62.074, 60, 25885.662109
62.074, 60, 25886.107422
62.074, 60, 25886.552734
62.074, 60, 25886.998047
62.074, 60, 25887.441406
62.074, 60, 25887.886719
62.074, 60, 25888.332031
62.074, 60, 25888.777344
62.074, 60, 25889.222656
62.074, 60, 25889.667969
62.074, 60, 25890.113281
62.074, 60, 25890.556641
62.074, 60, 25891.001953
62.074, 60, 25891.447266
62.074, 60, 25891.892578
62.074, 60, 25892.337891
62.074, 60, 25892.783203
62.074, 60, 25893.226562
62.074, 60, 25893.671875
62.074, 60, 25894.117188
62.074, 60, 25894.562500
62.074, 60, 25895.007812
62.074, 60, 25895.453125
62.074, 60, 25895.898438
62.074, 60, 25896.341797
62.074, 60, 25896.787109
62.074, 60, 25897.232422
62.074, 60, 25897.677734
62.074, 60, 25898.123047
62.074, 60, 25898.568359
62.074, 60, 25899.013672
62.074, 60, 25899.457031
61.979, 60, 25899.902344
61.979, 60, 25900.347656
61.979, 60, 25900.792969
61.979, 60, 25901.238281
61.979, 60, 25901.683594
61.979, 60, 25902.128906
61.979, 60, 25902.572266
61.979, 60, 25903.017578
61.979, 60, 25903.462891
61.979, 60, 25903.908203
61.979, 60, 25904.353516
61.979, 60, 25904.798828
61.979, 60, 25905.244141
61.979, 60, 25905.687500
61.979, 60, 25906.132812
61.979, 60, 25906.578125
61.979, 60, 25907.023438
61.979, 60, 25907.468750
61.979, 60, 25907.914062
61.979, 60, 25908.359375
61.979, 60, 25908.802734
61.979, 60, 25909.248047
61.979, 60, 25909.693359
61.979, 60, 25910.138672
61.979, 60, 25910.583984
61.979, 60, 25911.029297
61.979, 60, 25911.474609
61.979, 60, 25911.917969
61.979, 60, 25912.363281
61.979, 60, 25912.808594
61.979, 60, 25913.253906
61.979, 60, 25913.699219
61.979, 60, 25914.144531
61.979, 60, 25914.589844
61.979, 60, 25915.033203
61.961, 60, 25915.478516
61.961, 60, 25915.923828
61.961, 60, 25916.369141
61.961, 60, 25916.814453
61.961, 60, 25917.259766
61.961, 60, 25917.705078
61.961, 60, 25918.148438
61.961, 60, 25918.593750
61.961, 60, 25919.039062
61.961, 60, 25919.484375
61.961, 60, 25919.929688
61.961, 60, 25920.375000
61.961, 60, 25920.820312
61.961, 60, 25921.263672
61.961, 60, 25921.708984
61.961, 60, 25922.154297
61.961, 60, 25922.599609
61.961, 60, 25923.044922
61.961, 60, 25923.490234
61.961, 60, 25923.935547
61.961, 60, 25924.378906
61.961, 60, 25924.824219
61.961, 60, 25925.269531
61.961, 60, 25925.714844
61.961, 60, 25926.160156
61.961, 60, 25926.605469
61.961, 60, 25927.050781
61.961, 60, 25927.494141
61.961, 60, 25927.939453
61.961, 60, 25928.384766
61.961, 60, 25928.830078
61.961, 60, 25929.275391
61.961, 60, 25929.720703
61.961, 60, 25930.166016
61.961, 60, 25930.609375
61.961, 60, 25931.054688
61.961, 60, 25931.500000
61.961, 60, 25931.945312
61.961, 60, 25932.390625
61.961, 60, 25932.835938
61.961, 60, 25933.281250
61.961, 60, 25933.724609
61.961, 60, 25934.169922
61.961, 60, 25934.615234
61.961, 60, 25935.060547
61.961, 60, 25935.505859
61.961, 60, 25935.951172
61.961, 60, 25936.396484
61.961, 60, 25936.839844
61.961, 60, 25937.285156
61.961, 60, 25937.730469
61.961, 60, 25938.175781
61.961, 60, 25938.621094
61.961, 60, 25939.066406
61.961, 60, 25939.509766
61.961, 60, 25939.955078
61.961, 60, 25940.400391
61.961, 60, 25940.845703
61.961, 60, 25941.291016
61.961, 60, 25941.736328
61.961, 60, 25942.181641
61.961, 60, 25942.625000
61.961, 60, 25943.070312
61.961, 60, 25943.515625
61.961, 60, 25943.960938
61.961, 60, 25944.406250
61.961, 60, 25944.851562
61.961, 60, 25945.296875
61.961, 60, 25945.740234
61.961, 60, 25946.185547
61.961, 60, 25946.630859
61.961, 60, 25947.076172
61.961, 60, 25947.521484
61.961, 60, 25947.966797
61.961, 60, 25948.412109
61.961, 60, 25948.855469
61.961, 60, 25949.300781
61.961, 60, 25949.746094
61.961, 60, 25950.191406
61.961, 60, 25950.636719
61.961, 60, 25951.082031
61.961, 60, 25951.527344
61.961, 60, 25951.970703
61.961, 60, 25952.416016
61.961, 60, 25952.861328
61.961, 60, 25953.306641
61.961, 60, 25953.751953
61.961, 60, 25954.197266
61.961, 60, 25954.642578
61.961, 60, 25955.085938
61.961, 60, 25955.531250
61.961, 60, 25955.976562
61.961, 60, 25956.421875
61.961, 60, 25956.867188
61.961, 60, 25957.312500
61.961, 60, 25957.757812
61.961, 60, 25958.201172
61.961, 60, 25958.646484
61.961, 60, 25959.091797
61.961, 60, 25959.537109
61.961, 60, 25959.982422
61.961, 60, 25960.427734
61.961, 60, 25960.873047
62.151, 60, 25961.316406
62.151, 60, 25961.761719
62.151, 60, 25962.207031
62.151, 60, 25962.652344
62.151, 60, 25963.097656
62.151, 60, 25963.542969
62.151, 60, 25963.988281
62.151, 60, 25964.431641
62.151, 60, 25964.876953
62.151, 60, 25965.322266
62.151, 60, 25965.767578
62.151, 60, 25966.212891
62.151, 60, 25966.658203
62.151, 60, 25967.103516
62.151, 60, 25967.546875
62.151, 60, 25967.992188
62.151, 60, 25968.437500
62.151, 60, 25968.882812
62.151, 60, 25969.328125
62.151, 60, 25969.773438
62.151, 60, 25970.218750
62.151, 60, 25970.662109
62.151, 60, 25971.107422
62.151, 60, 25971.552734
62.151, 60, 25971.998047
62.151, 60, 25972.443359
62.151, 60, 25972.888672
62.151, 60, 25973.333984
62.151, 60, 25973.777344
62.151, 60, 25974.222656
62.151, 60, 25974.667969
62.151, 60, 25975.113281
62.151, 60, 25975.558594
62.151, 60, 25976.003906
62.151, 60, 25976.449219
62.151, 60, 25976.892578
62.151, 60, 25977.337891
62.151, 60, 25977.783203
62.151, 60, 25978.228516
62.151, 60, 25978.673828
62.151, 60, 25979.119141
62.151, 60, 25979.564453
62.151, 60, 25980.007812
62.151, 60, 25980.453125
62.151, 60, 25980.898438
62.151, 60, 25981.343750
62.151, 60, 25981.789062
62.151, 60, 25982.234375
62.151, 60, 25982.679688
62.151, 60, 25983.123047
62.151, 60, 25983.568359
62.151, 60, 25984.013672
62.151, 60, 25984.458984
62.151, 60, 25984.904297
62.151, 60, 25985.349609
62.151, 60, 25985.792969
62.151, 60, 25986.238281
62.151, 60, 25986.683594
62.151, 60, 25987.128906
62.151, 60, 25987.574219
62.151, 60, 25988.019531
62.151, 60, 25988.464844
62.151, 60, 25988.908203
62.151, 60, 25989.353516
62.151, 60, 25989.798828
62.151, 60, 25990.244141
62.151, 60, 25990.689453
62.151, 60, 25991.134766
62.151, 60, 25991.580078
62.151, 60, 25992.023438
62.151, 60, 25992.468750
62.151, 60, 25992.914062
62.151, 60, 25993.359375
62.151, 60, 25993.804688
62.151, 60, 25994.250000
62.151, 60, 25994.695312
62.151, 60, 25995.138672
62.151, 60, 25995.583984
62.151, 60, 25996.029297
62.151, 60, 25996.474609
62.151, 60, 25996.919922
62.151, 60, 25997.365234
62.151, 60, 25997.810547
62.151, 60, 25998.253906
62.151, 60, 25998.699219
62.151, 60, 25999.144531
62.151, 60, 25999.589844
62.151, 60, 26000.035156
62.151, 60, 26000.480469
62.151, 60, 26000.925781
62.151, 60, 26001.369141
62.151, 60, 26001.814453
62.151, 60, 26002.259766
62.151, 60, 26002.705078
62.151, 60, 26003.150391
62.151, 60, 26003.595703
62.151, 60, 26004.041016
62.151, 60, 26004.484375
62.151, 60, 26004.929688
62.151, 60, 26005.375000
62.151, 60, 26005.820312
62.151, 60, 26006.265625
62.151, 60, 26006.710938
62.151, 60, 26007.156250
62.151, 60, 26007.599609
62.056, 60, 26008.044922
62.056, 60, 26008.490234
62.056, 60, 26008.935547
62.056, 60, 26009.380859
62.056, 60, 26009.826172
62.056, 60, 26010.271484
62.056, 60, 26010.714844
62.056, 60, 26011.160156
62.056, 60, 26011.605469
62.056, 60, 26012.050781
62.056, 60, 26012.496094
62.056, 60, 26012.941406
62.056, 60, 26013.386719
62.056, 60, 26013.830078
62.056, 60, 26014.275391
62.056, 60, 26014.720703
62.056, 60, 26015.166016
62.056, 60, 26015.611328
62.056, 60, 26016.056641
62.056, 60, 26016.501953
62.056, 60, 26016.945312
62.056, 60, 26017.390625
62.056, 60, 26017.835938
62.056, 60, 26018.281250
62.056, 60, 26018.726562
62.056, 60, 26019.171875
62.056, 60, 26019.617188
62.056, 60, 26020.060547
62.056, 60, 26020.505859
62.056, 60, 26020.951172
62.056, 60, 26021.396484
62.056, 60, 26021.841797
62.056, 60, 26022.287109
62.056, 60, 26022.732422
62.056, 60, 26023.175781
62.056, 60, 26023.621094
62.056, 60, 26024.066406
62.056, 60, 26024.511719
62.056, 60, 26024.957031
62.056, 60, 26025.402344
62.056, 60, 26025.847656
62.056, 60, 26026.291016
62.056, 60, 26026.736328
62.056, 60, 26027.181641
62.056, 60, 26027.626953
62.056, 60, 26028.072266
62.056, 60, 26028.517578
62.056, 60, 26028.962891
62.056, 60, 26029.406250
62.056, 60, 26029.851562
62.056, 60, 26030.296875
62.056, 60, 26030.742188
62.056, 60, 26031.187500
62.056, 60, 26031.632812
62.056, 60, 26032.076172
62.056, 60, 26032.521484
62.056, 60, 26032.966797
62.056, 60, 26033.412109
62.056, 60, 26033.857422
62.056, 60, 26034.302734
62.056, 60, 26034.748047
62.056, 60, 26035.191406
62.056, 60, 26035.636719
62.056, 60, 26036.082031
62.056, 60, 26036.527344
62.056, 60, 26036.972656
62.056, 60, 26037.417969
62.056, 60, 26037.863281
62.151, 60, 26038.306641
62.151, 60, 26038.751953
62.151, 60, 26039.197266
62.151, 60, 26039.642578
62.151, 60, 26040.087891
62.151, 60, 26040.533203
62.151, 60, 26040.978516
62.151, 60, 26041.421875
62.151, 60, 26041.867188
62.151, 60, 26042.312500
62.151, 60, 26042.757812
62.151, 60, 26043.203125
62.151, 60, 26043.648438
62.151, 60, 26044.093750
62.151, 60, 26044.537109
62.151, 60, 26044.982422
62.151, 60, 26045.427734
62.151, 60, 26045.873047
62.151, 60, 26046.318359
62.151, 60, 26046.763672
62.151, 60, 26047.208984
62.151, 60, 26047.652344
62.151, 60, 26048.097656
62.151, 60, 26048.542969
62.151, 60, 26048.988281
62.151, 60, 26049.433594
62.151, 60, 26049.878906
62.151, 60, 26050.324219
62.151, 60, 26050.767578
62.151, 60, 26051.212891
62.151, 60, 26051.658203
62.151, 60, 26052.103516
62.151, 60, 26052.548828
62.151, 60, 26052.994141
62.151, 60, 26053.439453
62.151, 60, 26053.882812
62.151, 60, 26054.328125
62.151, 60, 26054.773438
62.151, 60, 26055.218750
62.151, 60, 26055.664062
62.151, 60, 26056.109375
62.151, 60, 26056.554688
62.151, 60, 26056.998047
62.151, 60, 26057.443359
62.151, 60, 26057.888672
62.151, 60, 26058.333984
62.151, 60, 26058.779297
62.151, 60, 26059.224609
62.151, 60, 26059.669922
62.151, 60, 26060.113281
62.151, 60, 26060.558594
62.151, 60, 26061.003906
62.151, 60, 26061.449219
62.151, 60, 26061.894531
62.151, 60, 26062.339844
62.151, 60, 26062.785156
62.151, 60, 26063.228516
62.151, 60, 26063.673828
62.151, 60, 26064.119141
62.151, 60, 26064.564453
62.151, 60, 26065.009766
62.151, 60, 26065.455078
62.151, 60, 26065.900391
62.151, 60, 26066.343750
62.151, 60, 26066.789062
62.151, 60, 26067.234375
62.151, 60, 26067.679688
62.151, 60, 26068.125000
62.151, 60, 26068.570312
62.151, 60, 26069.015625
62.151, 60, 26069.458984
62.151, 60, 26069.904297
62.151, 60, 26070.349609
62.151, 60, 26070.794922
62.151, 60, 26071.240234
62.151, 60, 26071.685547
62.151, 60, 26072.130859
62.151, 60, 26072.574219
62.151, 60, 26073.019531
62.151, 60, 26073.464844
62.151, 60, 26073.910156
62.151, 60, 26074.355469
62.151, 60, 26074.800781
62.151, 60, 26075.246094
62.151, 60, 26075.689453
62.151, 60, 26076.134766
62.151, 60, 26076.580078
62.151, 60, 26077.025391
62.151, 60, 26077.470703
62.151, 60, 26077.916016
62.151, 60, 26078.359375
62.151, 60, 26078.804688
62.151, 60, 26079.250000
62.151, 60, 26079.695312
62.151, 60, 26080.140625
62.151, 60, 26080.585938
62.151, 60, 26081.031250
62.151, 60, 26081.474609
62.151, 60, 26081.919922
62.151, 60, 26082.365234
62.151, 60, 26082.810547
62.151, 60, 26083.255859
62.151, 60, 26083.701172
62.151, 60, 26084.146484
62.151, 60, 26084.589844
62.151, 60, 26085.035156
62.151, 60, 26085.480469
62.151, 60, 26085.925781
62.151, 60, 26086.371094
62.151, 60, 26086.816406
62.151, 60, 26087.261719
62.151, 60, 26087.705078
62.151, 60, 26088.150391
62.151, 60, 26088.595703
62.151, 60, 26089.041016
62.151, 60, 26089.486328
62.151, 60, 26089.931641
62.151, 60, 26090.376953
62.151, 60, 26090.820312
62.151, 60, 26091.265625
62.151, 60, 26091.710938
62.151, 60, 26092.156250
62.151, 60, 26092.601562
62.151, 60, 26093.046875
62.151, 60, 26093.492188
62.151, 60, 26093.935547
62.151, 60, 26094.380859
62.151, 60, 26094.826172
62.151, 60, 26095.271484
62.151, 60, 26095.716797
62.151, 60, 26096.162109
62.151, 60, 26096.607422
62.151, 60, 26097.050781
62.151, 60, 26097.496094
62.151, 60, 26097.941406
62.151, 60, 26098.386719
62.151, 60, 26098.832031
62.151, 60, 26099.277344
62.151, 60, 26099.722656
62.151, 60, 26100.166016
62.151, 60, 26100.611328
62.151, 60, 26101.056641
62.151, 60, 26101.501953
62.151, 60, 26101.947266
62.151, 60, 26102.392578
62.151, 60, 26102.837891
62.151, 60, 26103.281250
62.151, 60, 26103.726562
62.151, 60, 26104.171875
62.151, 60, 26104.617188
62.151, 60, 26105.062500
62.151, 60, 26105.507812
62.151, 60, 26105.953125
62.151, 60, 26106.396484
62.151, 60, 26106.841797
62.151, 60, 26107.287109
62.151, 60, 26107.732422
62.151, 60, 26108.177734
62.151, 60, 26108.623047
62.151, 60, 26109.068359
62.151, 60, 26109.511719
62.151, 60, 26109.957031
62.151, 60, 26110.402344
62.151, 60, 26110.847656
62.151, 60, 26111.292969
62.151, 60, 26111.738281
62.151, 60, 26112.183594
62.151, 60, 26112.626953
62.151, 60, 26113.072266
62.151, 60, 26113.517578
62.151, 60, 26113.962891
62.151, 60, 26114.408203
62.247, 60, 26114.853516
62.247, 60, 26115.298828
62.247, 60, 26115.742188
62.247, 60, 26116.187500
62.247, 60, 26116.632812
62.247, 60, 26117.078125
62.247, 60, 26117.523438
62.247, 60, 26117.968750
62.247, 60, 26118.414062
62.247, 60, 26118.857422
62.247, 60, 26119.302734
62.247, 60, 26119.748047
62.247, 60, 26120.193359
62.247, 60, 26120.638672
62.247, 60, 26121.083984
62.247, 60, 26121.529297
62.247, 60, 26121.972656
62.247, 60, 26122.417969
62.247, 60, 26122.863281
62.247, 60, 26123.308594
62.247, 60, 26123.753906
62.247, 60, 26124.199219
62.247, 60, 26124.642578
62.247, 60, 26125.087891
62.247, 60, 26125.533203
62.247, 60, 26125.978516
62.247, 60, 26126.423828
62.247, 60, 26126.869141
62.247, 60, 26127.314453
62.247, 60, 26127.757812
62.247, 60, 26128.203125
62.247, 60, 26128.648438
62.247, 60, 26129.093750
62.247, 60, 26129.539062
62.247, 60, 26129.984375
62.247, 60, 26130.429688
62.247, 60, 26130.873047
62.247, 60, 26131.318359
62.247, 60, 26131.763672
62.247, 60, 26132.208984
62.247, 60, 26132.654297
62.247, 60, 26133.099609
62.247, 60, 26133.544922
62.247, 60, 26133.988281
62.247, 60, 26134.433594
62.247, 60, 26134.878906
62.247, 60, 26135.324219
62.247, 60, 26135.769531
62.247, 60, 26136.214844
62.247, 60, 26136.660156
62.247, 60, 26137.103516
62.247, 60, 26137.548828
62.247, 60, 26137.994141
62.247, 60, 26138.439453
62.247, 60, 26138.884766
62.247, 60, 26139.330078
62.247, 60, 26139.775391
62.247, 60, 26140.218750
62.247, 60, 26140.664062
62.247, 60, 26141.109375
62.247, 60, 26141.554688
62.247, 60, 26142.000000
62.247, 60, 26142.445312
62.247, 60, 26142.890625
62.247, 60, 26143.333984
62.247, 60, 26143.779297
62.247, 60, 26144.224609
62.247, 60, 26144.669922
62.247, 60, 26145.115234
62.342, 60, 26145.560547
62.342, 60, 26146.005859
62.342, 60, 26146.449219
62.342, 60, 26146.894531
62.342, 60, 26147.339844
62.342, 60, 26147.785156
62.342, 60, 26148.230469
62.342, 60, 26148.675781
62.342, 60, 26149.121094
62.342, 60, 26149.564453
62.342, 60, 26150.009766
62.342, 60, 26150.455078
62.342, 60, 26150.900391
62.342, 60, 26151.345703
62.342, 60, 26151.791016
62.342, 60, 26152.236328
62.342, 60, 26152.679688
62.342, 60, 26153.125000
62.342, 60, 26153.570312
62.342, 60, 26154.015625
62.342, 60, 26154.460938
62.342, 60, 26154.906250
62.342, 60, 26155.351562
62.342, 60, 26155.794922
62.342, 60, 26156.240234
62.342, 60, 26156.685547
62.342, 60, 26157.130859
62.342, 60, 26157.576172
62.342, 60, 26158.021484
62.342, 60, 26158.466797
62.342, 60, 26158.910156
62.342, 60, 26159.355469
62.342, 60, 26159.800781
62.342, 60, 26160.246094
62.342, 60, 26160.691406
62.247, 60, 26161.136719
62.247, 60, 26161.582031
62.247, 60, 26162.025391
62.247, 60, 26162.470703
62.247, 60, 26162.916016
62.247, 60, 26163.361328
62.247, 60, 26163.806641
62.247, 60, 26164.251953
62.247, 60, 26164.697266
62.247, 60, 26165.140625
62.247, 60, 26165.585938
62.247, 60, 26166.031250
62.247, 60, 26166.476562
62.247, 60, 26166.921875
62.247, 60, 26167.367188
62.247, 60, 26167.812500
62.247, 60, 26168.255859
62.247, 60, 26168.701172
62.247, 60, 26169.146484
62.247, 60, 26169.591797
62.247, 60, 26170.037109
62.247, 60, 26170.482422
62.247, 60, 26170.925781
62.247, 60, 26171.371094
62.247, 60, 26171.816406
62.247, 60, 26172.261719
62.247, 60, 26172.707031
62.247, 60, 26173.152344
62.247, 60, 26173.597656
62.247, 60, 26174.041016
62.247, 60, 26174.486328
62.247, 60, 26174.931641
62.247, 60, 26175.376953
62.247, 60, 26175.822266
62.247, 60, 26176.267578
62.151, 60, 26176.712891
62.151, 60, 26177.156250
62.151, 60, 26177.601562
62.151, 60, 26178.046875
62.151, 60, 26178.492188
62.151, 60, 26178.937500
62.151, 60, 26179.382812
62.151, 60, 26179.828125
62.151, 60, 26180.271484
62.151, 60, 26180.716797
62.151, 60, 26181.162109
62.151, 60, 26181.607422
62.151, 60, 26182.052734
62.151, 60, 26182.498047
62.151, 60, 26182.943359
62.151, 60, 26183.386719
62.151, 60, 26183.832031
62.151, 60, 26184.277344
62.151, 60, 26184.722656
62.151, 60, 26185.167969
62.151, 60, 26185.613281
62.151, 60, 26186.058594
62.151, 60, 26186.501953
62.151, 60, 26186.947266
62.151, 60, 26187.392578
62.151, 60, 26187.837891
62.151, 60, 26188.283203
62.151, 60, 26188.728516
62.151, 60, 26189.173828
62.151, 60, 26189.617188
62.151, 60, 26190.062500
62.151, 60, 26190.507812
62.151, 60, 26190.953125
62.151, 60, 26191.398438
62.151, 60, 26191.843750
62.151, 60, 26192.289062
62.151, 60, 26192.732422
62.151, 60, 26193.177734
62.151, 60, 26193.623047
62.151, 60, 26194.068359
62.151, 60, 26194.513672
62.151, 60, 26194.958984
62.151, 60, 26195.404297
62.151, 60, 26195.847656
62.151, 60, 26196.292969
62.151, 60, 26196.738281
62.151, 60, 26197.183594
62.151, 60, 26197.628906
62.151, 60, 26198.074219
62.151, 60, 26198.519531
62.151, 60, 26198.962891
62.151, 60, 26199.408203
62.151, 60, 26199.853516
62.151, 60, 26200.298828
62.151, 60, 26200.744141
62.151, 60, 26201.189453
62.151, 60, 26201.634766
62.151, 60, 26202.078125
62.151, 60, 26202.523438
62.151, 60, 26202.968750
62.151, 60, 26203.414062
62.151, 60, 26203.859375
62.151, 60, 26204.304688
62.151, 60, 26204.750000
62.151, 60, 26205.193359
62.151, 60, 26205.638672
62.151, 60, 26206.083984
62.151, 60, 26206.529297
62.151, 60, 26206.974609
62.151, 60, 26207.419922
62.151, 60, 26207.865234
62.151, 60, 26208.308594
62.151, 60, 26208.753906
62.151, 60, 26209.199219
62.151, 60, 26209.644531
62.151, 60, 26210.089844
62.151, 60, 26210.535156
62.151, 60, 26210.980469
62.151, 60, 26211.423828
62.151, 60, 26211.869141
62.151, 60, 26212.314453
62.151, 60, 26212.759766
62.151, 60, 26213.205078
62.151, 60, 26213.650391
62.151, 60, 26214.095703
62.151, 60, 26214.539062
62.151, 60, 26214.984375
62.151, 60, 26215.429688
62.151, 60, 26215.875000
62.151, 60, 26216.320312
62.151, 60, 26216.765625
62.151, 60, 26217.208984
62.151, 60, 26217.654297
62.151, 60, 26218.099609
62.151, 60, 26218.544922
62.151, 60, 26218.990234
62.151, 60, 26219.435547
62.151, 60, 26219.880859
62.151, 60, 26220.324219
62.151, 60, 26220.769531
62.151, 60, 26221.214844
62.151, 60, 26221.660156
62.151, 60, 26222.105469
62.151, 60, 26222.550781
62.247, 60, 26222.996094
62.247, 60, 26223.439453
62.247, 60, 26223.884766
62.247, 60, 26224.330078
62.247, 60, 26224.775391
62.247, 60, 26225.220703
62.247, 60, 26225.666016
62.247, 60, 26226.111328
62.247, 60, 26226.554688
62.247, 60, 26227.000000
62.247, 60, 26227.445312
62.247, 60, 26227.890625
62.247, 60, 26228.335938
62.247, 60, 26228.781250
62.247, 60, 26229.226562
62.247, 60, 26229.669922
62.247, 60, 26230.115234
62.247, 60, 26230.560547
62.247, 60, 26231.005859
62.247, 60, 26231.451172
62.247, 60, 26231.896484
62.247, 60, 26232.341797
62.247, 60, 26232.785156
62.247, 60, 26233.230469
62.247, 60, 26233.675781
62.247, 60, 26234.121094
62.247, 60, 26234.566406
62.247, 60, 26235.011719
62.247, 60, 26235.457031
62.247, 60, 26235.900391
62.247, 60, 26236.345703
62.247, 60, 26236.791016
62.247, 60, 26237.236328
62.247, 60, 26237.681641
62.247, 60, 26238.126953
62.247, 60, 26238.572266
62.247, 60, 26239.015625
62.247, 60, 26239.460938
62.247, 60, 26239.906250
62.247, 60, 26240.351562
62.247, 60, 26240.796875
62.247, 60, 26241.242188
62.247, 60, 26241.687500
62.247, 60, 26242.130859
62.247, 60, 26242.576172
62.247, 60, 26243.021484
62.247, 60, 26243.466797
62.247, 60, 26243.912109
62.247, 60, 26244.357422
62.247, 60, 26244.802734
62.247, 60, 26245.246094
62.247, 60, 26245.691406
62.247, 60, 26246.136719
62.247, 60, 26246.582031
62.247, 60, 26247.027344
62.247, 60, 26247.472656
62.247, 60, 26247.917969
62.247, 60, 26248.361328
62.247, 60, 26248.806641
62.247, 60, 26249.251953
62.247, 60, 26249.697266
62.247, 60, 26250.142578
62.247, 60, 26250.587891
62.247, 60, 26251.033203
62.247, 60, 26251.476562
62.247, 60, 26251.921875
62.247, 60, 26252.367188
62.247, 60, 26252.812500
62.247, 60, 26253.257812
62.151, 60, 26253.703125
62.151, 60, 26254.148438
62.151, 60, 26254.591797
62.151, 60, 26255.037109
62.151, 60, 26255.482422
62.151, 60, 26255.927734
62.151, 60, 26256.373047
62.151, 60, 26256.818359
62.151, 60, 26257.263672
62.151, 60, 26257.707031
62.151, 60, 26258.152344
62.151, 60, 26258.597656
62.151, 60, 26259.042969
62.151, 60, 26259.488281
62.151, 60, 26259.933594
62.151, 60, 26260.378906
62.151, 60, 26260.822266
62.151, 60, 26261.267578
62.151, 60, 26261.712891
62.151, 60, 26262.158203
62.151, 60, 26262.603516
62.151, 60, 26263.048828
62.151, 60, 26263.492188
62.151, 60, 26263.937500
62.151, 60, 26264.382812
62.151, 60, 26264.828125
62.151, 60, 26265.273438
62.151, 60, 26265.718750
62.151, 60, 26266.164062
62.151, 60, 26266.607422
62.151, 60, 26267.052734
62.151, 60, 26267.498047
62.151, 60, 26267.943359
62.151, 60, 26268.388672
62.151, 60, 26268.833984
62.247, 60, 26269.279297
62.247, 60, 26269.722656
62.247, 60, 26270.167969
62.247, 60, 26270.613281
62.247, 60, 26271.058594
62.247, 60, 26271.503906
62.247, 60, 26271.949219
62.247, 60, 26272.394531
62.247, 60, 26272.837891
62.247, 60, 26273.283203
62.247, 60, 26273.728516
62.247, 60, 26274.173828
62.247, 60, 26274.619141
62.247, 60, 26275.064453
62.247, 60, 26275.509766
62.247, 60, 26275.953125
62.247, 60, 26276.398438
62.247, 60, 26276.843750
62.247, 60, 26277.289062
62.247, 60, 26277.734375
62.247, 60, 26278.179688
62.247, 60, 26278.625000
62.247, 60, 26279.068359
62.247, 60, 26279.513672
62.247, 60, 26279.958984
62.247, 60, 26280.404297
62.247, 60, 26280.849609
62.247, 60, 26281.294922
62.247, 60, 26281.740234
62.247, 60, 26282.183594
62.247, 60, 26282.628906
62.247, 60, 26283.074219
62.247, 60, 26283.519531
62.247, 60, 26283.964844
62.247, 60, 26284.410156
62.247, 60, 26284.855469
62.247, 60, 26285.298828
62.247, 60, 26285.744141
62.247, 60, 26286.189453
62.247, 60, 26286.634766
62.247, 60, 26287.080078
62.247, 60, 26287.525391
62.247, 60, 26287.970703
62.247, 60, 26288.414062
62.247, 60, 26288.859375
62.247, 60, 26289.304688
62.247, 60, 26289.750000
62.247, 60, 26290.195312
62.247, 60, 26290.640625
62.247, 60, 26291.085938
62.247, 60, 26291.529297
62.247, 60, 26291.974609
62.247, 60, 26292.419922
62.247, 60, 26292.865234
62.247, 60, 26293.310547
62.247, 60, 26293.755859
62.247, 60, 26294.201172
62.247, 60, 26294.644531
62.247, 60, 26295.089844
62.247, 60, 26295.535156
62.247, 60, 26295.980469
62.247, 60, 26296.425781
62.247, 60, 26296.871094
62.247, 60, 26297.316406
62.247, 60, 26297.759766
62.247, 60, 26298.205078
62.247, 60, 26298.650391
62.247, 60, 26299.095703
62.247, 60, 26299.541016
62.247, 60, 26299.986328
62.247, 60, 26300.431641
62.247, 60, 26300.875000
62.247, 60, 26301.320312
62.247, 60, 26301.765625
62.247, 60, 26302.210938
62.247, 60, 26302.656250
62.247, 60, 26303.101562
62.247, 60, 26303.546875
62.247, 60, 26303.990234
62.247, 60, 26304.435547
62.247, 60, 26304.880859
62.247, 60, 26305.326172
62.247, 60, 26305.771484
62.247, 60, 26306.216797
62.247, 60, 26306.662109
62.247, 60, 26307.105469
62.247, 60, 26307.550781
62.247, 60, 26307.996094
62.247, 60, 26308.441406
62.247, 60, 26308.886719
62.247, 60, 26309.332031
62.247, 60, 26309.775391
62.247, 60, 26310.220703
62.247, 60, 26310.666016
62.247, 60, 26311.111328
62.247, 60, 26311.556641
62.247, 60, 26312.001953
62.247, 60, 26312.447266
62.247, 60, 26312.890625
62.247, 60, 26313.335938
62.247, 60, 26313.781250
62.247, 60, 26314.226562
62.247, 60, 26314.671875
62.247, 60, 26315.117188
62.247, 60, 26315.562500
62.342, 60, 26316.005859
62.342, 60, 26316.451172
62.342, 60, 26316.896484
62.342, 60, 26317.341797
62.342, 60, 26317.787109
62.342, 60, 26318.232422
62.342, 60, 26318.677734
62.342, 60, 26319.121094
62.342, 60, 26319.566406
62.342, 60, 26320.011719
62.342, 60, 26320.457031
62.342, 60, 26320.902344
62.342, 60, 26321.347656
62.342, 60, 26321.792969
62.342, 60, 26322.236328
62.342, 60, 26322.681641
62.342, 60, 26323.126953
62.342, 60, 26323.572266
62.342, 60, 26324.017578
62.342, 60, 26324.462891
62.342, 60, 26324.908203
62.342, 60, 26325.351562
62.342, 60, 26325.796875
62.342, 60, 26326.242188
62.342, 60, 26326.687500
62.342, 60, 26327.132812
62.342, 60, 26327.578125
62.342, 60, 26328.023438
62.342, 60, 26328.466797
62.342, 60, 26328.912109
62.342, 60, 26329.357422
62.342, 60, 26329.802734
62.342, 60, 26330.248047
62.342, 60, 26330.693359
62.247, 60, 26331.138672
62.247, 60, 26331.582031
62.247, 60, 26332.027344
62.247, 60, 26332.472656
62.247, 60, 26332.917969
62.247, 60, 26333.363281
62.247, 60, 26333.808594
62.247, 60, 26334.253906
62.247, 60, 26334.697266
62.247, 60, 26335.142578
62.247, 60, 26335.587891
62.247, 60, 26336.033203
62.247, 60, 26336.478516
62.247, 60, 26336.923828
62.247, 60, 26337.369141
62.247, 60, 26337.812500
62.247, 60, 26338.257812
62.247, 60, 26338.703125
62.247, 60, 26339.148438
62.247, 60, 26339.593750
62.247, 60, 26340.039062
62.247, 60, 26340.484375
62.247, 60, 26340.927734
62.247, 60, 26341.373047
62.247, 60, 26341.818359
62.247, 60, 26342.263672
62.247, 60, 26342.708984
62.247, 60, 26343.154297
62.247, 60, 26343.599609
62.247, 60, 26344.042969
62.247, 60, 26344.488281
62.247, 60, 26344.933594
62.247, 60, 26345.378906
62.247, 60, 26345.824219
62.247, 60, 26346.269531
62.247, 60, 26346.714844
62.247, 60, 26347.158203
62.247, 60, 26347.603516
62.247, 60, 26348.048828
62.247, 60, 26348.494141
62.247, 60, 26348.939453
62.247, 60, 26349.384766
62.247, 60, 26349.830078
62.247, 60, 26350.273438
62.247, 60, 26350.718750
62.247, 60, 26351.164062
62.247, 60, 26351.609375
62.247, 60, 26352.054688
62.247, 60, 26352.500000
62.247, 60, 26352.945312
62.247, 60, 26353.388672
62.247, 60, 26353.833984
62.247, 60, 26354.279297
62.247, 60, 26354.724609
62.247, 60, 26355.169922
62.247, 60, 26355.615234
62.247, 60, 26356.058594
62.247, 60, 26356.503906
62.247, 60, 26356.949219
62.247, 60, 26357.394531
62.247, 60, 26357.839844
62.247, 60, 26358.285156
62.247, 60, 26358.730469
62.247, 60, 26359.173828
62.247, 60, 26359.619141
62.247, 60, 26360.064453
62.247, 60, 26360.509766
62.247, 60, 26360.955078
62.247, 60, 26361.400391
62.342, 60, 26361.845703
62.342, 60, 26362.289062
62.342, 60, 26362.734375
62.342, 60, 26363.179688
62.342, 60, 26363.625000
62.342, 60, 26364.070312
62.342, 60, 26364.515625
62.342, 60, 26364.960938
62.342, 60, 26365.404297
62.342, 60, 26365.849609
62.342, 60, 26366.294922
62.342, 60, 26366.740234
62.342, 60, 26367.185547
62.342, 60, 26367.630859
62.342, 60, 26368.076172
62.342, 60, 26368.519531
62.342, 60, 26368.964844
62.342, 60, 26369.410156
62.342, 60, 26369.855469
62.342, 60, 26370.300781
62.342, 60, 26370.746094
62.342, 60, 26371.191406
62.342, 60, 26371.634766
62.342, 60, 26372.080078
62.342, 60, 26372.525391
62.342, 60, 26372.970703
62.342, 60, 26373.416016
62.342, 60, 26373.861328
62.342, 60, 26374.306641
62.342, 60, 26374.750000
62.342, 60, 26375.195312
62.342, 60, 26375.640625
62.342, 60, 26376.085938
62.342, 60, 26376.531250
62.342, 60, 26376.976562
62.342, 60, 26377.421875
62.342, 60, 26377.865234
62.342, 60, 26378.310547
62.342, 60, 26378.755859
62.342, 60, 26379.201172
62.342, 60, 26379.646484
62.342, 60, 26380.091797
62.342, 60, 26380.537109
62.342, 60, 26380.980469
62.342, 60, 26381.425781
62.342, 60, 26381.871094
62.342, 60, 26382.316406
62.342, 60, 26382.761719
62.342, 60, 26383.207031
62.342, 60, 26383.652344
62.342, 60, 26384.095703
62.342, 60, 26384.541016
62.342, 60, 26384.986328
62.342, 60, 26385.431641
62.342, 60, 26385.876953
62.342, 60, 26386.322266
62.342, 60, 26386.767578
62.342, 60, 26387.210938
62.342, 60, 26387.656250
62.342, 60, 26388.101562
62.342, 60, 26388.546875
62.342, 60, 26388.992188
62.342, 60, 26389.437500
62.342, 60, 26389.882812
62.342, 60, 26390.326172
62.342, 60, 26390.771484
62.342, 60, 26391.216797
62.342, 60, 26391.662109
62.342, 60, 26392.107422
62.342, 60, 26392.552734
62.342, 60, 26392.998047
62.342, 60, 26393.441406
62.342, 60, 26393.886719
62.342, 60, 26394.332031
62.342, 60, 26394.777344
62.342, 60, 26395.222656
62.342, 60, 26395.667969
62.342, 60, 26396.113281
62.342, 60, 26396.556641
62.342, 60, 26397.001953
62.342, 60, 26397.447266
62.342, 60, 26397.892578
62.342, 60, 26398.337891
62.342, 60, 26398.783203
62.342, 60, 26399.228516
62.342, 60, 26399.671875
62.342, 60, 26400.117188
62.342, 60, 26400.562500
62.342, 60, 26401.007812
62.342, 60, 26401.453125
62.342, 60, 26401.898438
62.342, 60, 26402.341797
62.342, 60, 26402.787109
62.342, 60, 26403.232422
62.342, 60, 26403.677734
62.342, 60, 26404.123047
62.342, 60, 26404.568359
62.342, 60, 26405.013672
62.342, 60, 26405.457031
62.342, 60, 26405.902344
62.342, 60, 26406.347656
62.342, 60, 26406.792969
62.342, 60, 26407.238281
62.342, 60, 26407.683594
62.342, 60, 26408.128906
62.342, 60, 26408.572266
62.342, 60, 26409.017578
62.342, 60, 26409.462891
62.342, 60, 26409.908203
62.342, 60, 26410.353516
62.342, 60, 26410.798828
62.342, 60, 26411.244141
62.342, 60, 26411.687500
62.342, 60, 26412.132812
62.342, 60, 26412.578125
62.342, 60, 26413.023438
62.342, 60, 26413.468750
62.342, 60, 26413.914062
62.342, 60, 26414.359375
62.342, 60, 26414.802734
62.342, 60, 26415.248047
62.342, 60, 26415.693359
62.342, 60, 26416.138672
62.342, 60, 26416.583984
62.342, 60, 26417.029297
62.342, 60, 26417.474609
62.342, 60, 26417.917969
62.342, 60, 26418.363281
62.342, 60, 26418.808594
62.342, 60, 26419.253906
62.342, 60, 26419.699219
62.342, 60, 26420.144531
62.342, 60, 26420.589844
62.342, 60, 26421.033203
62.342, 60, 26421.478516
62.342, 60, 26421.923828
62.342, 60, 26422.369141
62.342, 60, 26422.814453
62.342, 60, 26423.259766
62.342, 60, 26423.705078
62.342, 60, 26424.148438
62.342, 60, 26424.593750
62.342, 60, 26425.039062
62.342, 60, 26425.484375
62.342, 60, 26425.929688
62.342, 60, 26426.375000
62.342, 60, 26426.820312
62.342, 60, 26427.263672
62.342, 60, 26427.708984
62.342, 60, 26428.154297
62.342, 60, 26428.599609
62.342, 60, 26429.044922
62.342, 60, 26429.490234
62.342, 60, 26429.935547
62.342, 60, 26430.378906
62.342, 60, 26430.824219
62.342, 60, 26431.269531
62.342, 60, 26431.714844
62.342, 60, 26432.160156
62.342, 60, 26432.605469
62.342, 60, 26433.050781
62.342, 60, 26433.494141
62.342, 60, 26433.939453
62.342, 60, 26434.384766
62.342, 60, 26434.830078
62.342, 60, 26435.275391
62.342, 60, 26435.720703
62.342, 60, 26436.166016
62.342, 60, 26436.609375
62.342, 60, 26437.054688
62.342, 60, 26437.500000
62.531, 60, 26437.945312
62.531, 60, 26438.390625
62.531, 60, 26438.835938
62.531, 60, 26439.281250
62.531, 60, 26439.724609
62.531, 60, 26440.169922
62.531, 60, 26440.615234
62.531, 60, 26441.060547
62.531, 60, 26441.505859
62.531, 60, 26441.951172
62.531, 60, 26442.396484
62.531, 60, 26442.839844
62.531, 60, 26443.285156
62.531, 60, 26443.730469
62.531, 60, 26444.175781
62.531, 60, 26444.621094
62.531, 60, 26445.066406
62.531, 60, 26445.511719
62.531, 60, 26445.955078
62.531, 60, 26446.400391
62.531, 60, 26446.845703
62.531, 60, 26447.291016
62.531, 60, 26447.736328
62.531, 60, 26448.181641
62.531, 60, 26448.626953
62.531, 60, 26449.070312
62.531, 60, 26449.515625
62.531, 60, 26449.960938
62.531, 60, 26450.406250
62.531, 60, 26450.851562
62.531, 60, 26451.296875
62.531, 60, 26451.740234
62.531, 60, 26452.185547
62.531, 60, 26452.630859
62.531, 60, 26453.076172
62.531, 60, 26453.521484
62.531, 60, 26453.966797
62.531, 60, 26454.412109
62.531, 60, 26454.855469
62.531, 60, 26455.300781
62.531, 60, 26455.746094
62.531, 60, 26456.191406
62.531, 60, 26456.636719
62.531, 60, 26457.082031
62.531, 60, 26457.527344
62.531, 60, 26457.970703
62.531, 60, 26458.416016
62.531, 60, 26458.861328
62.531, 60, 26459.306641
62.531, 60, 26459.751953
62.531, 60, 26460.197266
62.531, 60, 26460.642578
62.531, 60, 26461.085938
62.531, 60, 26461.531250
62.531, 60, 26461.976562
62.531, 60, 26462.421875
62.531, 60, 26462.867188
62.531, 60, 26463.312500
62.531, 60, 26463.757812
62.531, 60, 26464.201172
62.531, 60, 26464.646484
62.531, 60, 26465.091797
62.531, 60, 26465.537109
62.531, 60, 26465.982422
62.531, 60, 26466.427734
62.531, 60, 26466.873047
62.531, 60, 26467.316406
62.531, 60, 26467.761719
62.531, 60, 26468.207031
62.247, 60, 26468.652344
62.247, 60, 26469.097656
62.247, 60, 26469.542969
62.247, 60, 26469.988281
62.247, 60, 26470.431641
62.247, 60, 26470.876953
62.247, 60, 26471.322266
62.247, 60, 26471.767578
62.247, 60, 26472.212891
62.247, 60, 26472.658203
62.247, 60, 26473.103516
62.247, 60, 26473.546875
62.247, 60, 26473.992188
62.247, 60, 26474.437500
62.247, 60, 26474.882812
62.247, 60, 26475.328125
62.247, 60, 26475.773438
62.247, 60, 26476.218750
62.247, 60, 26476.662109
62.247, 60, 26477.107422
62.247, 60, 26477.552734
62.247, 60, 26477.998047
62.247, 60, 26478.443359
62.247, 60, 26478.888672
62.247, 60, 26479.333984
62.247, 60, 26479.777344
62.247, 60, 26480.222656
62.247, 60, 26480.667969
62.247, 60, 26481.113281
62.247, 60, 26481.558594
62.247, 60, 26482.003906
62.247, 60, 26482.449219
62.247, 60, 26482.892578
62.247, 60, 26483.337891
62.247, 60, 26483.783203
62.151, 60, 26484.228516
62.151, 60, 26484.673828
62.151, 60, 26485.119141
62.151, 60, 26485.564453
62.151, 60, 26486.007812
62.151, 60, 26486.453125
62.151, 60, 26486.898438
62.151, 60, 26487.343750
62.151, 60, 26487.789062
62.151, 60, 26488.234375
62.151, 60, 26488.679688
62.151, 60, 26489.123047
62.151, 60, 26489.568359
62.151, 60, 26490.013672
62.151, 60, 26490.458984
62.151, 60, 26490.904297
62.151, 60, 26491.349609
62.151, 60, 26491.794922
62.151, 60, 26492.238281
62.151, 60, 26492.683594
62.151, 60, 26493.128906
62.151, 60, 26493.574219
62.151, 60, 26494.019531
62.151, 60, 26494.464844
62.151, 60, 26494.910156
62.151, 60, 26495.353516
62.151, 60, 26495.798828
62.151, 60, 26496.244141
62.151, 60, 26496.689453
62.151, 60, 26497.134766
62.151, 60, 26497.580078
62.151, 60, 26498.023438
62.151, 60, 26498.468750
62.151, 60, 26498.914062
62.056, 60, 26499.359375
62.056, 60, 26499.804688
62.056, 60, 26500.250000
62.056, 60, 26500.695312
62.056, 60, 26501.138672
62.056, 60, 26501.583984
62.056, 60, 26502.029297
62.056, 60, 26502.474609
62.056, 60, 26502.919922
62.056, 60, 26503.365234
62.056, 60, 26503.810547
62.056, 60, 26504.253906
62.056, 60, 26504.699219
62.056, 60, 26505.144531
62.056, 60, 26505.589844
62.056, 60, 26506.035156
62.056, 60, 26506.480469
62.056, 60, 26506.925781
62.056, 60, 26507.369141
62.056, 60, 26507.814453
62.056, 60, 26508.259766
62.056, 60, 26508.705078
62.056, 60, 26509.150391
62.056, 60, 26509.595703
62.056, 60, 26510.041016
62.056, 60, 26510.484375
62.056, 60, 26510.929688
62.056, 60, 26511.375000
62.056, 60, 26511.820312
62.056, 60, 26512.265625
62.056, 60, 26512.710938
62.056, 60, 26513.156250
62.056, 60, 26513.599609
62.056, 60, 26514.044922
61.961, 60, 26514.490234
61.961, 60, 26514.935547
61.961, 60, 26515.380859
61.961, 60, 26515.826172
61.961, 60, 26516.271484
61.961, 60, 26516.714844
61.961, 60, 26517.160156
61.961, 60, 26517.605469
61.961, 60, 26518.050781
61.961, 60, 26518.496094
61.961, 60, 26518.941406
61.961, 60, 26519.386719
61.961, 60, 26519.830078
61.961, 60, 26520.275391
61.961, 60, 26520.720703
61.961, 60, 26521.166016
61.961, 60, 26521.611328
61.961, 60, 26522.056641
61.961, 60, 26522.501953
61.961, 60, 26522.945312
61.961, 60, 26523.390625
61.961, 60, 26523.835938
61.961, 60, 26524.281250
61.961, 60, 26524.726562
61.961, 60, 26525.171875
61.961, 60, 26525.617188
61.961, 60, 26526.060547
61.961, 60, 26526.505859
61.961, 60, 26526.951172
61.961, 60, 26527.396484
61.961, 60, 26527.841797
61.961, 60, 26528.287109
61.961, 60, 26528.732422
61.961, 60, 26529.175781
61.961, 60, 26529.621094
61.961, 60, 26530.066406
61.961, 60, 26530.511719
61.961, 60, 26530.957031
61.961, 60, 26531.402344
61.961, 60, 26531.847656
61.961, 60, 26532.291016
61.961, 60, 26532.736328
61.961, 60, 26533.181641
61.961, 60, 26533.626953
61.961, 60, 26534.072266
61.961, 60, 26534.517578
61.961, 60, 26534.962891
61.961, 60, 26535.406250
61.961, 60, 26535.851562
61.961, 60, 26536.296875
61.961, 60, 26536.742188
61.961, 60, 26537.187500
61.961, 60, 26537.632812
61.961, 60, 26538.078125
61.961, 60, 26538.521484
61.961, 60, 26538.966797
61.961, 60, 26539.412109
61.961, 60, 26539.857422
61.961, 60, 26540.302734
61.961, 60, 26540.748047
61.961, 60, 26541.193359
61.961, 60, 26541.636719
61.961, 60, 26542.082031
61.961, 60, 26542.527344
61.961, 60, 26542.972656
61.961, 60, 26543.417969
61.961, 60, 26543.863281
61.961, 60, 26544.306641
61.961, 60, 26544.751953
61.961, 60, 26545.197266
61.961, 60, 26545.642578
61.961, 60, 26546.087891
61.961, 60, 26546.533203
61.961, 60, 26546.978516
61.961, 60, 26547.421875
61.961, 60, 26547.867188
61.961, 60, 26548.312500
61.961, 60, 26548.757812
61.961, 60, 26549.203125
61.961, 60, 26549.648438
61.961, 60, 26550.093750
61.961, 60, 26550.537109
61.961, 60, 26550.982422
61.961, 60, 26551.427734
61.961, 60, 26551.873047
61.961, 60, 26552.318359
61.961, 60, 26552.763672
61.961, 60, 26553.208984
61.961, 60, 26553.652344
61.961, 60, 26554.097656
61.961, 60, 26554.542969
61.961, 60, 26554.988281
61.961, 60, 26555.433594
61.961, 60, 26555.878906
61.961, 60, 26556.324219
61.961, 60, 26556.767578
61.961, 60, 26557.212891
61.961, 60, 26557.658203
61.961, 60, 26558.103516
61.961, 60, 26558.548828
61.961, 60, 26558.994141
61.961, 60, 26559.439453
61.961, 60, 26559.882812
61.961, 60, 26560.328125
61.961, 60, 26560.773438
61.961, 60, 26561.218750
61.961, 60, 26561.664062
61.961, 60, 26562.109375
61.961, 60, 26562.554688
61.961, 60, 26562.998047
61.961, 60, 26563.443359
61.961, 60, 26563.888672
61.961, 60, 26564.333984
61.961, 60, 26564.779297
61.961, 60, 26565.224609
61.961, 60, 26565.669922
61.961, 60, 26566.113281
61.961, 60, 26566.558594
61.961, 60, 26567.003906
61.961, 60, 26567.449219
61.961, 60, 26567.894531
61.961, 60, 26568.339844
61.961, 60, 26568.785156
61.961, 60, 26569.228516
61.961, 60, 26569.673828
61.961, 60, 26570.119141
61.961, 60, 26570.564453
61.961, 60, 26571.009766
61.961, 60, 26571.455078
61.961, 60, 26571.900391
61.961, 60, 26572.343750
61.961, 60, 26572.789062
61.961, 60, 26573.234375
61.961, 60, 26573.679688
61.961, 60, 26574.125000
61.961, 60, 26574.570312
61.961, 60, 26575.015625
61.961, 60, 26575.458984
61.961, 60, 26575.904297
61.961, 60, 26576.349609
61.961, 60, 26576.794922
61.961, 60, 26577.240234
61.961, 60, 26577.685547
61.961, 60, 26578.130859
61.961, 60, 26578.574219
61.961, 60, 26579.019531
61.961, 60, 26579.464844
61.961, 60, 26579.910156
61.961, 60, 26580.355469
61.961, 60, 26580.800781
61.961, 60, 26581.246094
61.961, 60, 26581.689453
61.961, 60, 26582.134766
61.961, 60, 26582.580078
61.961, 60, 26583.025391
61.961, 60, 26583.470703
61.961, 60, 26583.916016
61.961, 60, 26584.361328
61.961, 60, 26584.804688
61.961, 60, 26585.250000
61.961, 60, 26585.695312
61.961, 60, 26586.140625
61.961, 60, 26586.585938
61.961, 60, 26587.031250
61.961, 60, 26587.476562
61.961, 60, 26587.919922
61.961, 60, 26588.365234
61.961, 60, 26588.810547
61.961, 60, 26589.255859
61.961, 60, 26589.701172
61.961, 60, 26590.146484
61.961, 60, 26590.589844
61.961, 60, 26591.035156
61.961, 60, 26591.480469
61.961, 60, 26591.925781
61.961, 60, 26592.371094
61.961, 60, 26592.816406
61.961, 60, 26593.261719
61.961, 60, 26593.705078
61.961, 60, 26594.150391
61.961, 60, 26594.595703
61.961, 60, 26595.041016
61.961, 60, 26595.486328
61.961, 60, 26595.931641
61.961, 60, 26596.376953
61.961, 60, 26596.820312
61.961, 60, 26597.265625
61.961, 60, 26597.710938
61.961, 60, 26598.156250
61.961, 60, 26598.601562
61.961, 60, 26599.046875
61.961, 60, 26599.492188
61.961, 60, 26599.935547
61.961, 60, 26600.380859
61.961, 60, 26600.826172
61.961, 60, 26601.271484
61.961, 60, 26601.716797
61.961, 60, 26602.162109
61.961, 60, 26602.607422
61.961, 60, 26603.050781
61.961, 60, 26603.496094
61.961, 60, 26603.941406
61.961, 60, 26604.386719
61.961, 60, 26604.832031
61.961, 60, 26605.277344
61.961, 60, 26605.722656
61.961, 60, 26606.166016
62.151, 60, 26606.611328
62.151, 60, 26607.056641
62.151, 60, 26607.501953
62.151, 60, 26607.947266
62.151, 60, 26608.392578
62.151, 60, 26608.837891
62.151, 60, 26609.281250
62.151, 60, 26609.726562
62.151, 60, 26610.171875
62.151, 60, 26610.617188
62.151, 60, 26611.062500
62.151, 60, 26611.507812
62.151, 60, 26611.953125
62.151, 60, 26612.396484
62.151, 60, 26612.841797
62.151, 60, 26613.287109
62.151, 60, 26613.732422
62.151, 60, 26614.177734
62.151, 60, 26614.623047
62.151, 60, 26615.068359
62.151, 60, 26615.511719
62.151, 60, 26615.957031
62.151, 60, 26616.402344
62.151, 60, 26616.847656
62.151, 60, 26617.292969
62.151, 60, 26617.738281
62.151, 60, 26618.183594
62.151, 60, 26618.626953
62.151, 60, 26619.072266
62.151, 60, 26619.517578
62.151, 60, 26619.962891
62.151, 60, 26620.408203
62.151, 60, 26620.853516
62.151, 60, 26621.298828
62.151, 60, 26621.742188
62.151, 60, 26622.187500
62.151, 60, 26622.632812
62.151, 60, 26623.078125
62.151, 60, 26623.523438
62.151, 60, 26623.968750
62.151, 60, 26624.414062
62.151, 60, 26624.857422
62.151, 60, 26625.302734
62.151, 60, 26625.748047
62.151, 60, 26626.193359
62.151, 60, 26626.638672
62.151, 60, 26627.083984
62.151, 60, 26627.529297
62.151, 60, 26627.972656
62.151, 60, 26628.417969
62.151, 60, 26628.863281
62.151, 60, 26629.308594
62.151, 60, 26629.753906
62.151, 60, 26630.199219
62.151, 60, 26630.644531
62.151, 60, 26631.087891
62.151, 60, 26631.533203
62.151, 60, 26631.978516
62.151, 60, 26632.423828
62.151, 60, 26632.869141
62.151, 60, 26633.314453
62.151, 60, 26633.759766
62.151, 60, 26634.203125
62.151, 60, 26634.648438
62.151, 60, 26635.093750
62.151, 60, 26635.539062
62.151, 60, 26635.984375
62.151, 60, 26636.429688
62.151, 60, 26636.873047
62.151, 60, 26637.318359
62.151, 60, 26637.763672
62.151, 60, 26638.208984
62.151, 60, 26638.654297
62.151, 60, 26639.099609
62.151, 60, 26639.544922
62.151, 60, 26639.988281
62.151, 60, 26640.433594
62.151, 60, 26640.878906
62.151, 60, 26641.324219
62.151, 60, 26641.769531
62.151, 60, 26642.214844
62.151, 60, 26642.660156
62.151, 60, 26643.103516
62.151, 60, 26643.548828
62.151, 60, 26643.994141
62.151, 60, 26644.439453
62.151, 60, 26644.884766
62.151, 60, 26645.330078
62.151, 60, 26645.775391
62.151, 60, 26646.218750
62.151, 60, 26646.664062
62.151, 60, 26647.109375
62.151, 60, 26647.554688
62.151, 60, 26648.000000
62.151, 60, 26648.445312
62.151, 60, 26648.890625
62.151, 60, 26649.333984
62.151, 60, 26649.779297
62.151, 60, 26650.224609
62.151, 60, 26650.669922
62.151, 60, 26651.115234
62.151, 60, 26651.560547
62.151, 60, 26652.005859
62.056, 60, 26652.449219
62.056, 60, 26652.894531
62.056, 60, 26653.339844
62.056, 60, 26653.785156
62.056, 60, 26654.230469
62.056, 60, 26654.675781
62.056, 60, 26655.121094
62.056, 60, 26655.564453
62.056, 60, 26656.009766
62.056, 60, 26656.455078
62.056, 60, 26656.900391
62.056, 60, 26657.345703
62.056, 60, 26657.791016
62.056, 60, 26658.236328
62.056, 60, 26658.679688
62.056, 60, 26659.125000
62.056, 60, 26659.570312
62.056, 60, 26660.015625
62.056, 60, 26660.460938
62.056, 60, 26660.906250
62.056, 60, 26661.351562
62.056, 60, 26661.794922
62.056, 60, 26662.240234
62.056, 60, 26662.685547
62.056, 60, 26663.130859
62.056, 60, 26663.576172
62.056, 60, 26664.021484
62.056, 60, 26664.466797
62.056, 60, 26664.910156
62.056, 60, 26665.355469
62.056, 60, 26665.800781
62.056, 60, 26666.246094
62.056, 60, 26666.691406
62.056, 60, 26667.136719
62.056, 60, 26667.582031
62.056, 60, 26668.025391
62.056, 60, 26668.470703
62.056, 60, 26668.916016
62.056, 60, 26669.361328
62.056, 60, 26669.806641
62.056, 60, 26670.251953
62.056, 60, 26670.697266
62.056, 60, 26671.140625
62.056, 60, 26671.585938
62.056, 60, 26672.031250
62.056, 60, 26672.476562
62.056, 60, 26672.921875
62.056, 60, 26673.367188
62.056, 60, 26673.812500
62.056, 60, 26674.255859
62.056, 60, 26674.701172
62.056, 60, 26675.146484
62.056, 60, 26675.591797
62.056, 60, 26676.037109
62.056, 60, 26676.482422
62.056, 60, 26676.927734
62.056, 60, 26677.371094
62.056, 60, 26677.816406
62.056, 60, 26678.261719
62.056, 60, 26678.707031
62.056, 60, 26679.152344
62.056, 60, 26679.597656
62.056, 60, 26680.042969
62.056, 60, 26680.486328
62.056, 60, 26680.931641
62.056, 60, 26681.376953
62.056, 60, 26681.822266
62.056, 60, 26682.267578
62.056, 60, 26682.712891
62.056, 60, 26683.156250
62.151, 60, 26683.601562
62.151, 60, 26684.046875
62.151, 60, 26684.492188
62.151, 60, 26684.937500
62.151, 60, 26685.382812
62.151, 60, 26685.828125
62.151, 60, 26686.271484
62.151, 60, 26686.716797
62.151, 60, 26687.162109
62.151, 60, 26687.607422
62.151, 60, 26688.052734
62.151, 60, 26688.498047
62.151, 60, 26688.943359
62.151, 60, 26689.386719
62.151, 60, 26689.832031
62.151, 60, 26690.277344
62.151, 60, 26690.722656
62.151, 60, 26691.167969
62.151, 60, 26691.613281
62.151, 60, 26692.058594
62.151, 60, 26692.501953
62.151, 60, 26692.947266
62.151, 60, 26693.392578
62.151, 60, 26693.837891
62.151, 60, 26694.283203
62.151, 60, 26694.728516
62.151, 60, 26695.173828
62.151, 60, 26695.617188
62.151, 60, 26696.062500
62.151, 60, 26696.507812
62.151, 60, 26696.953125
62.151, 60, 26697.398438
62.151, 60, 26697.843750
62.151, 60, 26698.289062
62.151, 60, 26698.732422
62.151, 60, 26699.177734
62.151, 60, 26699.623047
62.151, 60, 26700.068359
62.151, 60, 26700.513672
62.151, 60, 26700.958984
62.151, 60, 26701.404297
62.151, 60, 26701.847656
62.151, 60, 26702.292969
62.151, 60, 26702.738281
62.151, 60, 26703.183594
62.151, 60, 26703.628906
62.151, 60, 26704.074219
62.151, 60, 26704.519531
62.151, 60, 26704.962891
62.151, 60, 26705.408203
62.151, 60, 26705.853516
62.151, 60, 26706.298828
62.151, 60, 26706.744141
62.151, 60, 26707.189453
62.151, 60, 26707.634766
62.151, 60, 26708.078125
62.151, 60, 26708.523438
62.151, 60, 26708.968750
62.151, 60, 26709.414062
62.151, 60, 26709.859375
62.151, 60, 26710.304688
62.151, 60, 26710.750000
62.151, 60, 26711.193359
62.151, 60, 26711.638672
62.151, 60, 26712.083984
62.151, 60, 26712.529297
62.151, 60, 26712.974609
62.151, 60, 26713.419922
62.151, 60, 26713.865234
62.151, 60, 26714.308594
62.151, 60, 26714.753906
62.151, 60, 26715.199219
62.151, 60, 26715.644531
62.151, 60, 26716.089844
62.151, 60, 26716.535156
62.151, 60, 26716.980469
62.151, 60, 26717.423828
62.151, 60, 26717.869141
62.151, 60, 26718.314453
62.151, 60, 26718.759766
62.151, 60, 26719.205078
62.151, 60, 26719.650391
62.151, 60, 26720.095703
62.151, 60, 26720.539062
62.151, 60, 26720.984375
62.151, 60, 26721.429688
62.151, 60, 26721.875000
62.151, 60, 26722.320312
62.151, 60, 26722.765625
62.151, 60, 26723.210938
62.151, 60, 26723.654297
62.151, 60, 26724.099609
62.151, 60, 26724.544922
62.151, 60, 26724.990234
62.151, 60, 26725.435547
62.151, 60, 26725.880859
62.151, 60, 26726.326172
62.151, 60, 26726.769531
62.151, 60, 26727.214844
62.151, 60, 26727.660156
62.151, 60, 26728.105469
62.151, 60, 26728.550781
62.151, 60, 26728.996094
62.151, 60, 26729.439453
62.151, 60, 26729.884766
62.151, 60, 26730.330078
62.151, 60, 26730.775391
62.151, 60, 26731.220703
62.151, 60, 26731.666016
62.151, 60, 26732.111328
62.151, 60, 26732.554688
62.151, 60, 26733.000000
62.151, 60, 26733.445312
62.151, 60, 26733.890625
62.151, 60, 26734.335938
62.151, 60, 26734.781250
62.151, 60, 26735.226562
62.151, 60, 26735.669922
62.151, 60, 26736.115234
62.151, 60, 26736.560547
62.151, 60, 26737.005859
62.151, 60, 26737.451172
62.151, 60, 26737.896484
62.151, 60, 26738.341797
62.151, 60, 26738.785156
62.151, 60, 26739.230469
62.151, 60, 26739.675781
62.151, 60, 26740.121094
62.151, 60, 26740.566406
62.151, 60, 26741.011719
62.151, 60, 26741.457031
62.151, 60, 26741.900391
62.151, 60, 26742.345703
62.151, 60, 26742.791016
62.151, 60, 26743.236328
62.151, 60, 26743.681641
62.151, 60, 26744.126953
62.151, 60, 26744.572266
62.151, 60, 26745.015625
62.247, 60, 26745.460938
62.247, 60, 26745.906250
62.247, 60, 26746.351562
62.247, 60, 26746.796875
62.247, 60, 26747.242188
62.247, 60, 26747.687500
62.247, 60, 26748.130859
62.247, 60, 26748.576172
62.247, 60, 26749.021484
62.247, 60, 26749.466797
62.247, 60, 26749.912109
62.247, 60, 26750.357422
62.247, 60, 26750.802734
62.247, 60, 26751.246094
62.247, 60, 26751.691406
62.247, 60, 26752.136719
62.247, 60, 26752.582031
62.247, 60, 26753.027344
62.247, 60, 26753.472656
62.247, 60, 26753.917969
62.247, 60, 26754.361328
62.247, 60, 26754.806641
62.247, 60, 26755.251953
62.247, 60, 26755.697266
62.247, 60, 26756.142578
62.247, 60, 26756.587891
62.247, 60, 26757.033203
62.247, 60, 26757.476562
62.247, 60, 26757.921875
62.247, 60, 26758.367188
62.247, 60, 26758.812500
62.247, 60, 26759.257812
62.247, 60, 26759.703125
62.247, 60, 26760.148438
62.247, 60, 26760.591797
62.247, 60, 26761.037109
62.247, 60, 26761.482422
62.247, 60, 26761.927734
62.247, 60, 26762.373047
62.247, 60, 26762.818359
62.247, 60, 26763.263672
62.247, 60, 26763.707031
62.247, 60, 26764.152344
62.247, 60, 26764.597656
62.247, 60, 26765.042969
62.247, 60, 26765.488281
62.247, 60, 26765.933594
62.247, 60, 26766.378906
62.247, 60, 26766.822266
62.247, 60, 26767.267578
62.247, 60, 26767.712891
62.247, 60, 26768.158203
62.247, 60, 26768.603516
62.247, 60, 26769.048828
62.247, 60, 26769.494141
62.247, 60, 26769.937500
62.247, 60, 26770.382812
62.247, 60, 26770.828125
62.247, 60, 26771.273438
62.247, 60, 26771.718750
62.247, 60, 26772.164062
62.247, 60, 26772.609375
62.247, 60, 26773.052734
62.247, 60, 26773.498047
62.247, 60, 26773.943359
62.247, 60, 26774.388672
62.247, 60, 26774.833984
62.247, 60, 26775.279297
62.247, 60, 26775.722656
62.247, 60, 26776.167969
62.247, 60, 26776.613281
62.247, 60, 26777.058594
62.247, 60, 26777.503906
62.247, 60, 26777.949219
62.247, 60, 26778.394531
62.247, 60, 26778.837891
62.247, 60, 26779.283203
62.247, 60, 26779.728516
62.247, 60, 26780.173828
62.247, 60, 26780.619141
62.247, 60, 26781.064453
62.247, 60, 26781.509766
62.247, 60, 26781.953125
62.247, 60, 26782.398438
62.247, 60, 26782.843750
62.247, 60, 26783.289062
62.247, 60, 26783.734375
62.247, 60, 26784.179688
62.247, 60, 26784.625000
62.247, 60, 26785.068359
62.247, 60, 26785.513672
62.247, 60, 26785.958984
62.247, 60, 26786.404297
62.247, 60, 26786.849609
62.247, 60, 26787.294922
62.247, 60, 26787.740234
62.247, 60, 26788.183594
62.247, 60, 26788.628906
62.247, 60, 26789.074219
62.247, 60, 26789.519531
62.247, 60, 26789.964844
62.247, 60, 26790.410156
62.247, 60, 26790.855469
62.342, 60, 26791.298828
62.342, 60, 26791.744141
62.342, 60, 26792.189453
62.342, 60, 26792.634766
62.342, 60, 26793.080078
62.342, 60, 26793.525391
62.342, 60, 26793.970703
62.342, 60, 26794.414062
62.342, 60, 26794.859375
62.342, 60, 26795.304688
62.342, 60, 26795.750000
62.342, 60, 26796.195312
62.342, 60, 26796.640625
62.342, 60, 26797.085938
62.342, 60, 26797.529297
62.342, 60, 26797.974609
62.342, 60, 26798.419922
62.342, 60, 26798.865234
62.342, 60, 26799.310547
62.342, 60, 26799.755859
62.342, 60, 26800.201172
62.342, 60, 26800.644531
62.342, 60, 26801.089844
62.342, 60, 26801.535156
62.342, 60, 26801.980469
62.342, 60, 26802.425781
62.342, 60, 26802.871094
62.342, 60, 26803.316406
62.342, 60, 26803.759766
62.342, 60, 26804.205078
62.342, 60, 26804.650391
62.342, 60, 26805.095703
62.342, 60, 26805.541016
62.342, 60, 26805.986328
62.342, 60, 26806.431641
62.247, 60, 26806.875000
62.247, 60, 26807.320312
62.247, 60, 26807.765625
62.247, 60, 26808.210938
62.247, 60, 26808.656250
62.247, 60, 26809.101562
62.247, 60, 26809.546875
62.247, 60, 26809.990234
62.247, 60, 26810.435547
62.247, 60, 26810.880859
62.247, 60, 26811.326172
62.247, 60, 26811.771484
62.247, 60, 26812.216797
62.247, 60, 26812.662109
62.247, 60, 26813.105469
62.247, 60, 26813.550781
62.247, 60, 26813.996094
62.247, 60, 26814.441406
62.247, 60, 26814.886719
62.247, 60, 26815.332031
62.247, 60, 26815.777344
62.247, 60, 26816.220703
62.247, 60, 26816.666016
62.247, 60, 26817.111328
62.247, 60, 26817.556641
62.247, 60, 26818.001953
62.247, 60, 26818.447266
62.247, 60, 26818.892578
62.247, 60, 26819.335938
62.247, 60, 26819.781250
62.247, 60, 26820.226562
62.247, 60, 26820.671875
62.247, 60, 26821.117188
62.247, 60, 26821.562500
62.247, 60, 26822.005859
62.151, 60, 26822.451172
62.151, 60, 26822.896484
62.151, 60, 26823.341797
62.151, 60, 26823.787109
62.151, 60, 26824.232422
62.151, 60, 26824.677734
62.151, 60, 26825.121094
62.151, 60, 26825.566406
62.151, 60, 26826.011719
62.151, 60, 26826.457031
62.151, 60, 26826.902344
62.151, 60, 26827.347656
62.151, 60, 26827.792969
62.151, 60, 26828.236328
62.151, 60, 26828.681641
62.151, 60, 26829.126953
62.151, 60, 26829.572266
62.151, 60, 26830.017578
62.151, 60, 26830.462891
62.151, 60, 26830.908203
62.151, 60, 26831.351562
62.151, 60, 26831.796875
62.151, 60, 26832.242188
62.151, 60, 26832.687500
62.151, 60, 26833.132812
62.151, 60, 26833.578125
62.151, 60, 26834.023438
62.151, 60, 26834.466797
62.151, 60, 26834.912109
62.151, 60, 26835.357422
62.151, 60, 26835.802734
62.151, 60, 26836.248047
62.151, 60, 26836.693359
62.151, 60, 26837.138672
62.151, 60, 26837.582031
62.151, 60, 26838.027344
62.151, 60, 26838.472656
62.151, 60, 26838.917969
62.151, 60, 26839.363281
62.151, 60, 26839.808594
62.151, 60, 26840.253906
62.151, 60, 26840.697266
62.151, 60, 26841.142578
62.151, 60, 26841.587891
62.151, 60, 26842.033203
62.151, 60, 26842.478516
62.151, 60, 26842.923828
62.151, 60, 26843.369141
62.151, 60, 26843.812500
62.151, 60, 26844.257812
62.151, 60, 26844.703125
62.151, 60, 26845.148438
62.151, 60, 26845.593750
62.151, 60, 26846.039062
62.151, 60, 26846.484375
62.151, 60, 26846.927734
62.151, 60, 26847.373047
62.151, 60, 26847.818359
62.151, 60, 26848.263672
62.151, 60, 26848.708984
62.151, 60, 26849.154297
62.151, 60, 26849.599609
62.151, 60, 26850.042969
62.151, 60, 26850.488281
62.151, 60, 26850.933594
62.151, 60, 26851.378906
62.151, 60, 26851.824219
62.151, 60, 26852.269531
62.151, 60, 26852.714844
62.151, 60, 26853.158203
62.151, 60, 26853.603516
62.151, 60, 26854.048828
62.151, 60, 26854.494141
62.151, 60, 26854.939453
62.151, 60, 26855.384766
62.151, 60, 26855.830078
62.151, 60, 26856.273438
62.151, 60, 26856.718750
62.151, 60, 26857.164062
62.151, 60, 26857.609375
62.151, 60, 26858.054688
62.151, 60, 26858.500000
62.151, 60, 26858.945312
62.151, 60, 26859.388672
62.151, 60, 26859.833984
62.151, 60, 26860.279297
62.151, 60, 26860.724609
62.151, 60, 26861.169922
62.151, 60, 26861.615234
62.151, 60, 26862.060547
62.151, 60, 26862.503906
62.151, 60, 26862.949219
62.151, 60, 26863.394531
62.151, 60, 26863.839844
62.151, 60, 26864.285156
62.151, 60, 26864.730469
62.151, 60, 26865.175781
62.151, 60, 26865.619141
62.151, 60, 26866.064453
62.151, 60, 26866.509766
62.151, 60, 26866.955078
62.151, 60, 26867.400391
62.247, 60, 26867.845703
62.247, 60, 26868.289062
62.247, 60, 26868.734375
62.247, 60, 26869.179688
62.247, 60, 26869.625000
62.247, 60, 26870.070312
62.247, 60, 26870.515625
62.247, 60, 26870.960938
62.247, 60, 26871.404297
62.247, 60, 26871.849609
62.247, 60, 26872.294922
62.247, 60, 26872.740234
62.247, 60, 26873.185547
62.247, 60, 26873.630859
62.247, 60, 26874.076172
62.247, 60, 26874.519531
62.247, 60, 26874.964844
62.247, 60, 26875.410156
62.247, 60, 26875.855469
62.247, 60, 26876.300781
62.247, 60, 26876.746094
62.247, 60, 26877.191406
62.247, 60, 26877.634766
62.247, 60, 26878.080078
62.247, 60, 26878.525391
62.247, 60, 26878.970703
62.247, 60, 26879.416016
62.247, 60, 26879.861328
62.247, 60, 26880.306641
62.247, 60, 26880.750000
62.247, 60, 26881.195312
62.247, 60, 26881.640625
62.247, 60, 26882.085938
62.247, 60, 26882.531250
62.247, 60, 26882.976562
62.247, 60, 26883.421875
62.247, 60, 26883.865234
62.247, 60, 26884.310547
62.247, 60, 26884.755859
62.247, 60, 26885.201172
62.247, 60, 26885.646484
62.247, 60, 26886.091797
62.247, 60, 26886.537109
62.247, 60, 26886.980469
62.247, 60, 26887.425781
62.247, 60, 26887.871094
62.247, 60, 26888.316406
62.247, 60, 26888.761719
62.247, 60, 26889.207031
62.247, 60, 26889.652344
62.247, 60, 26890.095703
62.247, 60, 26890.541016
62.247, 60, 26890.986328
62.247, 60, 26891.431641
62.247, 60, 26891.876953
62.247, 60, 26892.322266
62.247, 60, 26892.767578
62.247, 60, 26893.210938
62.247, 60, 26893.656250
62.247, 60, 26894.101562
62.247, 60, 26894.546875
62.247, 60, 26894.992188
62.247, 60, 26895.437500
62.247, 60, 26895.882812
62.247, 60, 26896.326172
62.247, 60, 26896.771484
62.247, 60, 26897.216797
62.247, 60, 26897.662109
62.247, 60, 26898.107422
62.247, 60, 26898.552734
62.247, 60, 26898.998047
62.247, 60, 26899.441406
62.247, 60, 26899.886719
62.247, 60, 26900.332031
62.247, 60, 26900.777344
62.247, 60, 26901.222656
62.247, 60, 26901.667969
62.247, 60, 26902.113281
62.247, 60, 26902.556641
62.247, 60, 26903.001953
62.247, 60, 26903.447266
62.247, 60, 26903.892578
62.247, 60, 26904.337891
62.247, 60, 26904.783203
62.247, 60, 26905.228516
62.247, 60, 26905.671875
62.247, 60, 26906.117188
62.247, 60, 26906.562500
62.247, 60, 26907.007812
62.247, 60, 26907.453125
62.247, 60, 26907.898438
62.247, 60, 26908.343750
62.247, 60, 26908.787109
62.247, 60, 26909.232422
62.247, 60, 26909.677734
62.247, 60, 26910.123047
62.247, 60, 26910.568359
62.247, 60, 26911.013672
62.247, 60, 26911.458984
62.247, 60, 26911.902344
62.247, 60, 26912.347656
62.247, 60, 26912.792969
62.247, 60, 26913.238281
62.247, 60, 26913.683594
62.247, 60, 26914.128906
62.247, 60, 26914.572266
62.247, 60, 26915.017578
62.247, 60, 26915.462891
62.247, 60, 26915.908203
62.247, 60, 26916.353516
62.247, 60, 26916.798828
62.247, 60, 26917.244141
62.247, 60, 26917.687500
62.247, 60, 26918.132812
62.247, 60, 26918.578125
62.247, 60, 26919.023438
62.247, 60, 26919.468750
62.247, 60, 26919.914062
62.247, 60, 26920.359375
62.247, 60, 26920.802734
62.247, 60, 26921.248047
62.247, 60, 26921.693359
62.247, 60, 26922.138672
62.247, 60, 26922.583984
62.247, 60, 26923.029297
62.247, 60, 26923.474609
62.247, 60, 26923.917969
62.247, 60, 26924.363281
62.247, 60, 26924.808594
62.247, 60, 26925.253906
62.247, 60, 26925.699219
62.247, 60, 26926.144531
62.247, 60, 26926.589844
62.247, 60, 26927.033203
62.247, 60, 26927.478516
62.247, 60, 26927.923828
62.247, 60, 26928.369141
62.247, 60, 26928.814453
62.247, 60, 26929.259766
62.247, 60, 26929.705078
62.247, 60, 26930.148438
62.247, 60, 26930.593750
62.247, 60, 26931.039062
62.247, 60, 26931.484375
62.247, 60, 26931.929688
62.247, 60, 26932.375000
62.247, 60, 26932.820312
62.247, 60, 26933.263672
62.247, 60, 26933.708984
62.247, 60, 26934.154297
62.247, 60, 26934.599609
62.247, 60, 26935.044922
62.247, 60, 26935.490234
62.247, 60, 26935.935547
62.247, 60, 26936.378906
62.247, 60, 26936.824219
62.247, 60, 26937.269531
62.247, 60, 26937.714844
62.247, 60, 26938.160156
62.247, 60, 26938.605469
62.247, 60, 26939.050781
62.247, 60, 26939.494141
62.247, 60, 26939.939453
62.247, 60, 26940.384766
62.247, 60, 26940.830078
62.247, 60, 26941.275391
62.247, 60, 26941.720703
62.247, 60, 26942.166016
62.247, 60, 26942.609375
62.247, 60, 26943.054688
62.247, 60, 26943.500000
62.247, 60, 26943.945312
62.247, 60, 26944.390625
62.247, 60, 26944.835938
62.247, 60, 26945.281250
62.247, 60, 26945.724609
62.247, 60, 26946.169922
62.247, 60, 26946.615234
62.247, 60, 26947.060547
62.247, 60, 26947.505859
62.247, 60, 26947.951172
62.247, 60, 26948.396484
62.247, 60, 26948.839844
62.247, 60, 26949.285156
62.247, 60, 26949.730469
62.247, 60, 26950.175781
62.247, 60, 26950.621094
62.247, 60, 26951.066406
62.247, 60, 26951.511719
62.247, 60, 26951.955078
62.247, 60, 26952.400391
62.247, 60, 26952.845703
62.247, 60, 26953.291016
62.247, 60, 26953.736328
62.247, 60, 26954.181641
62.247, 60, 26954.626953
62.247, 60, 26955.070312
62.247, 60, 26955.515625
62.247, 60, 26955.960938
62.247, 60, 26956.406250
62.247, 60, 26956.851562
62.247, 60, 26957.296875
62.247, 60, 26957.742188
62.247, 60, 26958.185547
62.247, 60, 26958.630859
62.342, 60, 26959.076172
62.342, 60, 26959.521484
62.342, 60, 26959.966797
62.342, 60, 26960.412109
62.342, 60, 26960.855469
62.342, 60, 26961.300781
62.342, 60, 26961.746094
62.342, 60, 26962.191406
62.342, 60, 26962.636719
62.342, 60, 26963.082031
62.342, 60, 26963.527344
62.342, 60, 26963.970703
62.342, 60, 26964.416016
62.342, 60, 26964.861328
62.342, 60, 26965.306641
62.342, 60, 26965.751953
62.342, 60, 26966.197266
62.342, 60, 26966.642578
62.342, 60, 26967.085938
62.342, 60, 26967.531250
62.342, 60, 26967.976562
62.342, 60, 26968.421875
62.342, 60, 26968.867188
62.342, 60, 26969.312500
62.342, 60, 26969.757812
62.342, 60, 26970.201172
62.342, 60, 26970.646484
62.342, 60, 26971.091797
62.342, 60, 26971.537109
62.342, 60, 26971.982422
62.342, 60, 26972.427734
62.342, 60, 26972.873047
62.342, 60, 26973.316406
62.342, 60, 26973.761719
62.342, 60, 26974.207031
62.247, 60, 26974.652344
62.247, 60, 26975.097656
62.247, 60, 26975.542969
62.247, 60, 26975.988281
62.247, 60, 26976.431641
62.247, 60, 26976.876953
62.247, 60, 26977.322266
62.247, 60, 26977.767578
62.247, 60, 26978.212891
62.247, 60, 26978.658203
62.247, 60, 26979.103516
62.247, 60, 26979.546875
62.247, 60, 26979.992188
62.247, 60, 26980.437500
62.247, 60, 26980.882812
62.247, 60, 26981.328125
62.247, 60, 26981.773438
62.247, 60, 26982.218750
62.247, 60, 26982.662109
62.247, 60, 26983.107422
62.247, 60, 26983.552734
62.247, 60, 26983.998047
62.247, 60, 26984.443359
62.247, 60, 26984.888672
62.247, 60, 26985.333984
62.247, 60, 26985.777344
62.247, 60, 26986.222656
62.247, 60, 26986.667969
62.247, 60, 26987.113281
62.247, 60, 26987.558594
62.247, 60, 26988.003906
62.247, 60, 26988.449219
62.247, 60, 26988.892578
62.247, 60, 26989.337891
62.247, 60, 26989.783203
62.342, 60, 26990.228516
62.342, 60, 26990.673828
62.342, 60, 26991.119141
62.342, 60, 26991.564453
62.342, 60, 26992.007812
62.342, 60, 26992.453125
62.342, 60, 26992.898438
62.342, 60, 26993.343750
62.342, 60, 26993.789062
62.342, 60, 26994.234375
62.342, 60, 26994.679688
62.342, 60, 26995.123047
62.342, 60, 26995.568359
62.342, 60, 26996.013672
62.342, 60, 26996.458984
62.342, 60, 26996.904297
62.342, 60, 26997.349609
62.342, 60, 26997.794922
62.342, 60, 26998.238281
62.342, 60, 26998.683594
62.342, 60, 26999.128906
62.342, 60, 26999.574219
62.342, 60, 27000.019531
62.342, 60, 27000.464844
62.342, 60, 27000.910156
62.342, 60, 27001.353516
62.342, 60, 27001.798828
62.342, 60, 27002.244141
62.342, 60, 27002.689453
62.342, 60, 27003.134766
62.342, 60, 27003.580078
62.342, 60, 27004.025391
62.342, 60, 27004.468750
62.342, 60, 27004.914062
62.342, 60, 27005.359375
62.342, 60, 27005.804688
62.342, 60, 27006.250000
62.342, 60, 27006.695312
62.342, 60, 27007.138672
62.342, 60, 27007.583984
62.342, 60, 27008.029297
62.342, 60, 27008.474609
62.342, 60, 27008.919922
62.342, 60, 27009.365234
62.342, 60, 27009.810547
62.342, 60, 27010.253906
62.342, 60, 27010.699219
62.342, 60, 27011.144531
62.342, 60, 27011.589844
62.342, 60, 27012.035156
62.342, 60, 27012.480469
62.342, 60, 27012.925781
62.342, 60, 27013.369141
62.342, 60, 27013.814453
62.342, 60, 27014.259766
62.342, 60, 27014.705078
62.342, 60, 27015.150391
62.342, 60, 27015.595703
62.342, 60, 27016.041016
62.342, 60, 27016.484375
62.342, 60, 27016.929688
62.342, 60, 27017.375000
62.342, 60, 27017.820312
62.342, 60, 27018.265625
62.342, 60, 27018.710938
62.342, 60, 27019.156250
62.342, 60, 27019.599609
62.342, 60, 27020.044922
62.342, 60, 27020.490234
62.342, 60, 27020.935547
62.342, 60, 27021.380859
62.342, 60, 27021.826172
62.342, 60, 27022.271484
62.342, 60, 27022.714844
62.342, 60, 27023.160156
62.342, 60, 27023.605469
62.342, 60, 27024.050781
62.342, 60, 27024.496094
62.342, 60, 27024.941406
62.342, 60, 27025.386719
62.342, 60, 27025.830078
62.342, 60, 27026.275391
62.342, 60, 27026.720703
62.342, 60, 27027.166016
62.342, 60, 27027.611328
62.342, 60, 27028.056641
62.342, 60, 27028.501953
62.342, 60, 27028.945312
62.342, 60, 27029.390625
62.342, 60, 27029.835938
62.342, 60, 27030.281250
62.342, 60, 27030.726562
62.342, 60, 27031.171875
62.342, 60, 27031.617188
62.342, 60, 27032.060547
62.342, 60, 27032.505859
62.342, 60, 27032.951172
62.342, 60, 27033.396484
62.342, 60, 27033.841797
62.342, 60, 27034.287109
62.342, 60, 27034.732422
62.342, 60, 27035.175781
62.342, 60, 27035.621094
62.342, 60, 27036.066406
62.342, 60, 27036.511719
62.342, 60, 27036.957031
62.342, 60, 27037.402344
62.342, 60, 27037.847656
62.342, 60, 27038.291016
62.342, 60, 27038.736328
62.342, 60, 27039.181641
62.342, 60, 27039.626953
62.342, 60, 27040.072266
62.342, 60, 27040.517578
62.342, 60, 27040.962891
62.342, 60, 27041.406250
62.342, 60, 27041.851562
62.342, 60, 27042.296875
62.342, 60, 27042.742188
62.342, 60, 27043.187500
62.342, 60, 27043.632812
62.342, 60, 27044.078125
62.342, 60, 27044.521484
62.342, 60, 27044.966797
62.342, 60, 27045.412109
62.342, 60, 27045.857422
62.342, 60, 27046.302734
62.342, 60, 27046.748047
62.342, 60, 27047.193359
62.342, 60, 27047.636719
62.342, 60, 27048.082031
62.342, 60, 27048.527344
62.342, 60, 27048.972656
62.342, 60, 27049.417969
62.342, 60, 27049.863281
62.342, 60, 27050.308594
62.342, 60, 27050.751953
62.342, 60, 27051.197266
62.342, 60, 27051.642578
62.342, 60, 27052.087891
62.342, 60, 27052.533203
62.342, 60, 27052.978516
62.342, 60, 27053.421875
62.342, 60, 27053.867188
62.342, 60, 27054.312500
62.342, 60, 27054.757812
62.342, 60, 27055.203125
62.342, 60, 27055.648438
62.342, 60, 27056.093750
62.342, 60, 27056.537109
62.342, 60, 27056.982422
62.342, 60, 27057.427734
62.342, 60, 27057.873047
62.342, 60, 27058.318359
62.342, 60, 27058.763672
62.342, 60, 27059.208984
62.342, 60, 27059.652344
62.342, 60, 27060.097656
62.342, 60, 27060.542969
62.342, 60, 27060.988281
62.342, 60, 27061.433594
62.342, 60, 27061.878906
62.342, 60, 27062.324219
62.342, 60, 27062.767578
62.342, 60, 27063.212891
62.342, 60, 27063.658203
62.342, 60, 27064.103516
62.342, 60, 27064.548828
62.342, 60, 27064.994141
62.342, 60, 27065.439453
62.342, 60, 27065.882812
62.342, 60, 27066.328125
62.342, 60, 27066.773438
62.342, 60, 27067.218750
62.342, 60, 27067.664062
62.342, 60, 27068.109375
62.342, 60, 27068.554688
62.342, 60, 27068.998047
62.342, 60, 27069.443359
62.342, 60, 27069.888672
62.342, 60, 27070.333984
62.342, 60, 27070.779297
62.342, 60, 27071.224609
62.342, 60, 27071.669922
62.342, 60, 27072.113281
62.342, 60, 27072.558594
62.342, 60, 27073.003906
62.342, 60, 27073.449219
62.342, 60, 27073.894531
62.342, 60, 27074.339844
62.342, 60, 27074.785156
62.342, 60, 27075.228516
62.342, 60, 27075.673828
62.342, 60, 27076.119141
62.342, 60, 27076.564453
62.342, 60, 27077.009766
62.342, 60, 27077.455078
62.342, 60, 27077.900391
62.342, 60, 27078.343750
62.342, 60, 27078.789062
62.342, 60, 27079.234375
62.342, 60, 27079.679688
62.342, 60, 27080.125000
62.342, 60, 27080.570312
62.342, 60, 27081.015625
62.342, 60, 27081.458984
62.342, 60, 27081.904297
62.342, 60, 27082.349609
62.531, 60, 27082.794922
62.531, 60, 27083.240234
62.531, 60, 27083.685547
62.531, 60, 27084.130859
62.531, 60, 27084.574219
62.531, 60, 27085.019531
62.531, 60, 27085.464844
62.531, 60, 27085.910156
62.531, 60, 27086.355469
62.531, 60, 27086.800781
62.531, 60, 27087.246094
62.531, 60, 27087.689453
62.531, 60, 27088.134766
62.531, 60, 27088.580078
62.531, 60, 27089.025391
62.531, 60, 27089.470703
62.531, 60, 27089.916016
62.531, 60, 27090.361328
62.531, 60, 27090.804688
62.531, 60, 27091.250000
62.531, 60, 27091.695312
62.531, 60, 27092.140625
62.531, 60, 27092.585938
62.531, 60, 27093.031250
62.531, 60, 27093.476562
62.531, 60, 27093.919922
62.531, 60, 27094.365234
62.531, 60, 27094.810547
62.531, 60, 27095.255859
62.531, 60, 27095.701172
62.531, 60, 27096.146484
62.531, 60, 27096.591797
62.531, 60, 27097.035156
62.531, 60, 27097.480469
62.531, 60, 27097.925781
62.531, 60, 27098.371094
62.531, 60, 27098.816406
62.531, 60, 27099.261719
62.531, 60, 27099.705078
62.531, 60, 27100.150391
62.531, 60, 27100.595703
62.531, 60, 27101.041016
62.531, 60, 27101.486328
62.531, 60, 27101.931641
62.531, 60, 27102.376953
62.531, 60, 27102.820312
62.531, 60, 27103.265625
62.531, 60, 27103.710938
62.531, 60, 27104.156250
62.531, 60, 27104.601562
62.531, 60, 27105.046875
62.531, 60, 27105.492188
62.531, 60, 27105.935547
62.531, 60, 27106.380859
62.531, 60, 27106.826172
62.531, 60, 27107.271484
62.531, 60, 27107.716797
62.531, 60, 27108.162109
62.531, 60, 27108.607422
62.531, 60, 27109.050781
62.531, 60, 27109.496094
62.531, 60, 27109.941406
62.531, 60, 27110.386719
62.531, 60, 27110.832031
62.531, 60, 27111.277344
62.531, 60, 27111.722656
62.531, 60, 27112.166016
62.531, 60, 27112.611328
62.531, 60, 27113.056641
62.247, 60, 27113.501953
62.247, 60, 27113.947266
62.247, 60, 27114.392578
62.247, 60, 27114.837891
62.247, 60, 27115.281250
62.247, 60, 27115.726562
62.247, 60, 27116.171875
62.247, 60, 27116.617188
62.247, 60, 27117.062500
62.247, 60, 27117.507812
62.247, 60, 27117.953125
62.247, 60, 27118.396484
62.247, 60, 27118.841797
62.247, 60, 27119.287109
62.247, 60, 27119.732422
62.247, 60, 27120.177734
62.247, 60, 27120.623047
62.247, 60, 27121.068359
62.247, 60, 27121.511719
62.247, 60, 27121.957031
62.247, 60, 27122.402344
62.247, 60, 27122.847656
62.247, 60, 27123.292969
62.247, 60, 27123.738281
62.247, 60, 27124.183594
62.247, 60, 27124.626953
62.247, 60, 27125.072266
62.247, 60, 27125.517578
62.247, 60, 27125.962891
62.247, 60, 27126.408203
62.247, 60, 27126.853516
62.247, 60, 27127.298828
62.247, 60, 27127.742188
62.247, 60, 27128.187500
62.151, 60, 27128.632812
62.151, 60, 27129.078125
62.151, 60, 27129.523438
62.151, 60, 27129.968750
62.151, 60, 27130.414062
62.151, 60, 27130.857422
62.151, 60, 27131.302734
62.151, 60, 27131.748047
62.151, 60, 27132.193359
62.151, 60, 27132.638672
62.151, 60, 27133.083984
62.151, 60, 27133.529297
62.151, 60, 27133.972656
62.151, 60, 27134.417969
62.151, 60, 27134.863281
62.151, 60, 27135.308594
62.151, 60, 27135.753906
62.151, 60, 27136.199219
62.151, 60, 27136.644531
62.151, 60, 27137.087891
62.151, 60, 27137.533203
62.151, 60, 27137.978516
62.151, 60, 27138.423828
62.151, 60, 27138.869141
62.151, 60, 27139.314453
62.151, 60, 27139.759766
62.151, 60, 27140.203125
62.151, 60, 27140.648438
62.151, 60, 27141.093750
62.151, 60, 27141.539062
62.151, 60, 27141.984375
62.151, 60, 27142.429688
62.151, 60, 27142.875000
62.151, 60, 27143.318359
62.151, 60, 27143.763672
62.056, 60, 27144.208984
62.056, 60, 27144.654297
62.056, 60, 27145.099609
62.056, 60, 27145.544922
62.056, 60, 27145.988281
62.056, 60, 27146.433594
62.056, 60, 27146.878906
62.056, 60, 27147.324219
62.056, 60, 27147.769531
62.056, 60, 27148.214844
62.056, 60, 27148.660156
62.056, 60, 27149.103516
62.056, 60, 27149.548828
62.056, 60, 27149.994141
62.056, 60, 27150.439453
62.056, 60, 27150.884766
62.056, 60, 27151.330078
62.056, 60, 27151.775391
62.056, 60, 27152.218750
62.056, 60, 27152.664062
62.056, 60, 27153.109375
62.056, 60, 27153.554688
62.056, 60, 27154.000000
62.056, 60, 27154.445312
62.056, 60, 27154.890625
62.056, 60, 27155.333984
62.056, 60, 27155.779297
62.056, 60, 27156.224609
62.056, 60, 27156.669922
62.056, 60, 27157.115234
62.056, 60, 27157.560547
62.056, 60, 27158.005859
62.056, 60, 27158.449219
62.056, 60, 27158.894531
62.056, 60, 27159.339844
61.961, 60, 27159.785156
61.961, 60, 27160.230469
61.961, 60, 27160.675781
61.961, 60, 27161.121094
61.961, 60, 27161.564453
61.961, 60, 27162.009766
61.961, 60, 27162.455078
61.961, 60, 27162.900391
61.961, 60, 27163.345703
61.961, 60, 27163.791016
61.961, 60, 27164.236328
61.961, 60, 27164.679688
61.961, 60, 27165.125000
61.961, 60, 27165.570312
61.961, 60, 27166.015625
61.961, 60, 27166.460938
61.961, 60, 27166.906250
61.961, 60, 27167.351562
61.961, 60, 27167.794922
61.961, 60, 27168.240234
61.961, 60, 27168.685547
61.961, 60, 27169.130859
61.961, 60, 27169.576172
61.961, 60, 27170.021484
61.961, 60, 27170.466797
61.961, 60, 27170.910156
61.961, 60, 27171.355469
61.961, 60, 27171.800781
61.961, 60, 27172.246094
61.961, 60, 27172.691406
61.961, 60, 27173.136719
61.961, 60, 27173.582031
61.961, 60, 27174.025391
61.961, 60, 27174.470703
61.961, 60, 27174.916016
61.961, 60, 27175.361328
61.961, 60, 27175.806641
61.961, 60, 27176.251953
61.961, 60, 27176.697266
61.961, 60, 27177.140625
61.961, 60, 27177.585938
61.961, 60, 27178.031250
61.961, 60, 27178.476562
61.961, 60, 27178.921875
61.961, 60, 27179.367188
61.961, 60, 27179.812500
61.961, 60, 27180.255859
61.961, 60, 27180.701172
61.961, 60, 27181.146484
61.961, 60, 27181.591797
61.961, 60, 27182.037109
61.961, 60, 27182.482422
61.961, 60, 27182.927734
61.961, 60, 27183.371094
61.961, 60, 27183.816406
61.961, 60, 27184.261719
61.961, 60, 27184.707031
61.961, 60, 27185.152344
61.961, 60, 27185.597656
61.961, 60, 27186.042969
61.961, 60, 27186.486328
61.961, 60, 27186.931641
61.961, 60, 27187.376953
61.961, 60, 27187.822266
61.961, 60, 27188.267578
61.961, 60, 27188.712891
61.961, 60, 27189.158203
61.961, 60, 27189.601562
61.961, 60, 27190.046875
61.961, 60, 27190.492188
61.961, 60, 27190.937500
61.961, 60, 27191.382812
61.961, 60, 27191.828125
61.961, 60, 27192.271484
61.961, 60, 27192.716797
61.961, 60, 27193.162109
61.961, 60, 27193.607422
61.961, 60, 27194.052734
61.961, 60, 27194.498047
61.961, 60, 27194.943359
61.961, 60, 27195.386719
61.961, 60, 27195.832031
61.961, 60, 27196.277344
61.961, 60, 27196.722656
61.961, 60, 27197.167969
61.961, 60, 27197.613281
61.961, 60, 27198.058594
61.961, 60, 27198.501953
61.961, 60, 27198.947266
61.961, 60, 27199.392578
61.961, 60, 27199.837891
61.961, 60, 27200.283203
61.961, 60, 27200.728516
61.961, 60, 27201.173828
61.961, 60, 27201.617188
61.961, 60, 27202.062500
61.961, 60, 27202.507812
61.961, 60, 27202.953125
61.961, 60, 27203.398438
61.961, 60, 27203.843750
61.961, 60, 27204.289062
61.961, 60, 27204.732422
61.961, 60, 27205.177734
61.961, 60, 27205.623047
61.961, 60, 27206.068359
61.961, 60, 27206.513672
61.961, 60, 27206.958984
61.961, 60, 27207.404297
61.961, 60, 27207.847656
61.961, 60, 27208.292969
61.961, 60, 27208.738281
61.961, 60, 27209.183594
61.961, 60, 27209.628906
61.961, 60, 27210.074219
61.961, 60, 27210.519531
61.961, 60, 27210.962891
61.961, 60, 27211.408203
61.961, 60, 27211.853516
61.961, 60, 27212.298828
61.961, 60, 27212.744141
61.961, 60, 27213.189453
61.961, 60, 27213.634766
61.961, 60, 27214.078125
61.961, 60, 27214.523438
61.961, 60, 27214.968750
61.961, 60, 27215.414062
61.961, 60, 27215.859375
61.961, 60, 27216.304688
61.961, 60, 27216.750000
61.961, 60, 27217.193359
61.961, 60, 27217.638672
61.961, 60, 27218.083984
61.961, 60, 27218.529297
61.961, 60, 27218.974609
61.961, 60, 27219.419922
61.961, 60, 27219.865234
61.961, 60, 27220.308594
61.961, 60, 27220.753906
61.961, 60, 27221.199219
61.961, 60, 27221.644531
61.961, 60, 27222.089844
61.961, 60, 27222.535156
61.961, 60, 27222.980469
61.961, 60, 27223.423828
61.961, 60, 27223.869141
61.961, 60, 27224.314453
61.961, 60, 27224.759766
61.961, 60, 27225.205078
61.961, 60, 27225.650391
61.961, 60, 27226.095703
61.961, 60, 27226.539062
61.961, 60, 27226.984375
61.961, 60, 27227.429688
61.961, 60, 27227.875000
61.961, 60, 27228.320312
61.961, 60, 27228.765625
61.961, 60, 27229.210938
61.961, 60, 27229.654297
61.961, 60, 27230.099609
61.961, 60, 27230.544922
61.961, 60, 27230.990234
61.961, 60, 27231.435547
61.961, 60, 27231.880859
61.961, 60, 27232.326172
61.961, 60, 27232.769531
61.961, 60, 27233.214844
61.961, 60, 27233.660156
61.961, 60, 27234.105469
61.961, 60, 27234.550781
61.961, 60, 27234.996094
61.961, 60, 27235.441406
61.961, 60, 27235.884766
61.961, 60, 27236.330078
61.961, 60, 27236.775391
61.961, 60, 27237.220703
61.961, 60, 27237.666016
61.961, 60, 27238.111328
61.961, 60, 27238.554688
61.961, 60, 27239.000000
61.961, 60, 27239.445312
61.961, 60, 27239.890625
61.961, 60, 27240.335938
61.961, 60, 27240.781250
61.961, 60, 27241.226562
61.961, 60, 27241.669922
61.961, 60, 27242.115234
61.961, 60, 27242.560547
61.961, 60, 27243.005859
61.961, 60, 27243.451172
61.961, 60, 27243.896484
61.961, 60, 27244.341797
61.961, 60, 27244.785156
61.961, 60, 27245.230469
61.961, 60, 27245.675781
61.961, 60, 27246.121094
61.961, 60, 27246.566406
61.961, 60, 27247.011719
61.961, 60, 27247.457031
61.961, 60, 27247.900391
61.961, 60, 27248.345703
61.961, 60, 27248.791016
61.961, 60, 27249.236328
61.961, 60, 27249.681641
61.961, 60, 27250.126953
61.961, 60, 27250.572266
61.961, 60, 27251.015625
62.151, 60, 27251.460938
62.151, 60, 27251.906250
62.151, 60, 27252.351562
62.151, 60, 27252.796875
62.151, 60, 27253.242188
62.151, 60, 27253.687500
62.151, 60, 27254.130859
62.151, 60, 27254.576172
62.151, 60, 27255.021484
62.151, 60, 27255.466797
62.151, 60, 27255.912109
62.151, 60, 27256.357422
62.151, 60, 27256.802734
62.151, 60, 27257.246094
62.151, 60, 27257.691406
62.151, 60, 27258.136719
62.151, 60, 27258.582031
62.151, 60, 27259.027344
62.151, 60, 27259.472656
62.151, 60, 27259.917969
62.151, 60, 27260.361328
62.151, 60, 27260.806641
62.151, 60, 27261.251953
62.151, 60, 27261.697266
62.151, 60, 27262.142578
62.151, 60, 27262.587891
62.151, 60, 27263.033203
62.151, 60, 27263.476562
62.151, 60, 27263.921875
62.151, 60, 27264.367188
62.151, 60, 27264.812500
62.151, 60, 27265.257812
62.151, 60, 27265.703125
62.151, 60, 27266.148438
62.151, 60, 27266.591797
62.151, 60, 27267.037109
62.151, 60, 27267.482422
62.151, 60, 27267.927734
62.151, 60, 27268.373047
62.151, 60, 27268.818359
62.151, 60, 27269.263672
62.151, 60, 27269.707031
62.151, 60, 27270.152344
62.151, 60, 27270.597656
62.151, 60, 27271.042969
62.151, 60, 27271.488281
62.151, 60, 27271.933594
62.151, 60, 27272.378906
62.151, 60, 27272.822266
62.151, 60, 27273.267578
62.151, 60, 27273.712891
62.151, 60, 27274.158203
62.151, 60, 27274.603516
62.151, 60, 27275.048828
62.151, 60, 27275.494141
62.151, 60, 27275.937500
62.151, 60, 27276.382812
62.151, 60, 27276.828125
62.151, 60, 27277.273438
62.151, 60, 27277.718750
62.151, 60, 27278.164062
62.151, 60, 27278.609375
62.151, 60, 27279.052734
62.151, 60, 27279.498047
62.151, 60, 27279.943359
62.151, 60, 27280.388672
62.151, 60, 27280.833984
62.151, 60, 27281.279297
62.151, 60, 27281.724609
62.151, 60, 27282.167969
62.056, 60, 27282.613281
62.056, 60, 27283.058594
62.056, 60, 27283.503906
62.056, 60, 27283.949219
62.056, 60, 27284.394531
62.056, 60, 27284.837891
62.056, 60, 27285.283203
62.056, 60, 27285.728516
62.056, 60, 27286.173828
62.056, 60, 27286.619141
62.056, 60, 27287.064453
62.056, 60, 27287.509766
62.056, 60, 27287.953125
62.056, 60, 27288.398438
62.056, 60, 27288.843750
62.056, 60, 27289.289062
62.056, 60, 27289.734375
62.056, 60, 27290.179688
62.056, 60, 27290.625000
62.056, 60, 27291.068359
62.056, 60, 27291.513672
62.056, 60, 27291.958984
62.056, 60, 27292.404297
62.056, 60, 27292.849609
62.056, 60, 27293.294922
62.056, 60, 27293.740234
62.056, 60, 27294.183594
62.056, 60, 27294.628906
62.056, 60, 27295.074219
62.056, 60, 27295.519531
62.056, 60, 27295.964844
62.056, 60, 27296.410156
62.056, 60, 27296.855469
62.056, 60, 27297.298828
61.961, 60, 27297.744141
61.961, 60, 27298.189453
61.961, 60, 27298.634766
61.961, 60, 27299.080078
61.961, 60, 27299.525391
61.961, 60, 27299.970703
61.961, 60, 27300.414062
61.961, 60, 27300.859375
61.961, 60, 27301.304688
61.961, 60, 27301.750000
61.961, 60, 27302.195312
61.961, 60, 27302.640625
61.961, 60, 27303.085938
61.961, 60, 27303.529297
61.961, 60, 27303.974609
61.961, 60, 27304.419922
61.961, 60, 27304.865234
61.961, 60, 27305.310547
61.961, 60, 27305.755859
61.961, 60, 27306.201172
61.961, 60, 27306.644531
61.961, 60, 27307.089844
61.961, 60, 27307.535156
61.961, 60, 27307.980469
61.961, 60, 27308.425781
61.961, 60, 27308.871094
61.961, 60, 27309.316406
61.961, 60, 27309.759766
61.961, 60, 27310.205078
61.961, 60, 27310.650391
61.961, 60, 27311.095703
61.961, 60, 27311.541016
61.961, 60, 27311.986328
61.961, 60, 27312.431641
61.961, 60, 27312.875000
61.961, 60, 27313.320312
61.961, 60, 27313.765625
61.961, 60, 27314.210938
61.961, 60, 27314.656250
61.961, 60, 27315.101562
61.961, 60, 27315.546875
61.961, 60, 27315.990234
61.961, 60, 27316.435547
61.961, 60, 27316.880859
61.961, 60, 27317.326172
61.961, 60, 27317.771484
61.961, 60, 27318.216797
61.961, 60, 27318.662109
61.961, 60, 27319.105469
61.961, 60, 27319.550781
61.961, 60, 27319.996094
61.961, 60, 27320.441406
61.961, 60, 27320.886719
61.961, 60, 27321.332031
61.961, 60, 27321.777344
61.961, 60, 27322.220703
61.961, 60, 27322.666016
61.961, 60, 27323.111328
61.961, 60, 27323.556641
61.961, 60, 27324.001953
61.961, 60, 27324.447266
61.961, 60, 27324.892578
61.961, 60, 27325.335938
61.961, 60, 27325.781250
61.961, 60, 27326.226562
61.961, 60, 27326.671875
61.961, 60, 27327.117188
61.961, 60, 27327.562500
61.961, 60, 27328.007812
62.151, 60, 27328.451172
62.151, 60, 27328.896484
62.151, 60, 27329.341797
62.151, 60, 27329.787109
62.151, 60, 27330.232422
62.151, 60, 27330.677734
62.151, 60, 27331.121094
62.151, 60, 27331.566406
62.151, 60, 27332.011719
62.151, 60, 27332.457031
62.151, 60, 27332.902344
62.151, 60, 27333.347656
62.151, 60, 27333.792969
62.151, 60, 27334.236328
62.151, 60, 27334.681641
62.151, 60, 27335.126953
62.151, 60, 27335.572266
62.151, 60, 27336.017578
62.151, 60, 27336.462891
62.151, 60, 27336.908203
62.151, 60, 27337.351562
62.151, 60, 27337.796875
62.151, 60, 27338.242188
62.151, 60, 27338.687500
62.151, 60, 27339.132812
62.151, 60, 27339.578125
62.151, 60, 27340.023438
62.151, 60, 27340.466797
62.151, 60, 27340.912109
62.151, 60, 27341.357422
62.151, 60, 27341.802734
62.151, 60, 27342.248047
62.151, 60, 27342.693359
62.151, 60, 27343.138672
62.151, 60, 27343.582031
62.151, 60, 27344.027344
62.151, 60, 27344.472656
62.151, 60, 27344.917969
62.151, 60, 27345.363281
62.151, 60, 27345.808594
62.151, 60, 27346.253906
62.151, 60, 27346.697266
62.151, 60, 27347.142578
62.151, 60, 27347.587891
62.151, 60, 27348.033203
62.151, 60, 27348.478516
62.151, 60, 27348.923828
62.151, 60, 27349.369141
62.151, 60, 27349.812500
62.151, 60, 27350.257812
62.151, 60, 27350.703125
62.151, 60, 27351.148438
62.151, 60, 27351.593750
62.151, 60, 27352.039062
62.151, 60, 27352.484375
62.151, 60, 27352.927734
62.151, 60, 27353.373047
62.151, 60, 27353.818359
62.151, 60, 27354.263672
62.151, 60, 27354.708984
62.151, 60, 27355.154297
62.151, 60, 27355.599609
62.151, 60, 27356.042969
62.151, 60, 27356.488281
62.151, 60, 27356.933594
62.151, 60, 27357.378906
62.151, 60, 27357.824219
62.151, 60, 27358.269531
62.151, 60, 27358.714844
62.151, 60, 27359.158203
62.151, 60, 27359.603516
62.151, 60, 27360.048828
62.151, 60, 27360.494141
62.151, 60, 27360.939453
62.151, 60, 27361.384766
62.151, 60, 27361.830078
62.151, 60, 27362.273438
62.151, 60, 27362.718750
62.151, 60, 27363.164062
62.151, 60, 27363.609375
62.151, 60, 27364.054688
62.151, 60, 27364.500000
62.151, 60, 27364.945312
62.151, 60, 27365.388672
62.151, 60, 27365.833984
62.151, 60, 27366.279297
62.151, 60, 27366.724609
62.151, 60, 27367.169922
62.151, 60, 27367.615234
62.151, 60, 27368.060547
62.151, 60, 27368.503906
62.151, 60, 27368.949219
62.151, 60, 27369.394531
62.151, 60, 27369.839844
62.151, 60, 27370.285156
62.151, 60, 27370.730469
62.151, 60, 27371.175781
62.151, 60, 27371.619141
62.151, 60, 27372.064453
62.151, 60, 27372.509766
62.151, 60, 27372.955078
62.151, 60, 27373.400391
62.151, 60, 27373.845703
62.151, 60, 27374.291016
62.151, 60, 27374.734375
62.151, 60, 27375.179688
62.151, 60, 27375.625000
62.151, 60, 27376.070312
62.151, 60, 27376.515625
62.151, 60, 27376.960938
62.151, 60, 27377.406250
62.151, 60, 27377.849609
62.151, 60, 27378.294922
62.151, 60, 27378.740234
62.151, 60, 27379.185547
62.151, 60, 27379.630859
62.151, 60, 27380.076172
62.151, 60, 27380.519531
62.151, 60, 27380.964844
62.151, 60, 27381.410156
62.151, 60, 27381.855469
62.151, 60, 27382.300781
62.151, 60, 27382.746094
62.151, 60, 27383.191406
62.151, 60, 27383.634766
62.151, 60, 27384.080078
62.151, 60, 27384.525391
62.151, 60, 27384.970703
62.151, 60, 27385.416016
62.151, 60, 27385.861328
62.151, 60, 27386.306641
62.151, 60, 27386.750000
62.151, 60, 27387.195312
62.151, 60, 27387.640625
62.151, 60, 27388.085938
62.151, 60, 27388.531250
62.151, 60, 27388.976562
62.151, 60, 27389.421875
62.151, 60, 27389.865234
62.151, 60, 27390.310547
62.151, 60, 27390.755859
62.151, 60, 27391.201172
62.151, 60, 27391.646484
62.151, 60, 27392.091797
62.151, 60, 27392.537109
62.151, 60, 27392.980469
62.151, 60, 27393.425781
62.151, 60, 27393.871094
62.151, 60, 27394.316406
62.151, 60, 27394.761719
62.151, 60, 27395.207031
62.151, 60, 27395.652344
62.151, 60, 27396.095703
62.151, 60, 27396.541016
62.151, 60, 27396.986328
62.151, 60, 27397.431641
62.151, 60, 27397.876953
62.151, 60, 27398.322266
62.151, 60, 27398.767578
62.151, 60, 27399.210938
62.151, 60, 27399.656250
62.151, 60, 27400.101562
62.151, 60, 27400.546875
62.151, 60, 27400.992188
62.151, 60, 27401.437500
62.151, 60, 27401.882812
62.151, 60, 27402.326172
62.151, 60, 27402.771484
62.151, 60, 27403.216797
62.151, 60, 27403.662109
62.151, 60, 27404.107422
62.151, 60, 27404.552734
62.247, 60, 27404.998047
62.247, 60, 27405.441406
62.247, 60, 27405.886719
62.247, 60, 27406.332031
62.247, 60, 27406.777344
62.247, 60, 27407.222656
62.247, 60, 27407.667969
62.247, 60, 27408.113281
62.247, 60, 27408.556641
62.247, 60, 27409.001953
62.247, 60, 27409.447266
62.247, 60, 27409.892578
62.247, 60, 27410.337891
62.247, 60, 27410.783203
62.247, 60, 27411.228516
62.247, 60, 27411.671875
62.247, 60, 27412.117188
62.247, 60, 27412.562500
62.247, 60, 27413.007812
62.247, 60, 27413.453125
62.247, 60, 27413.898438
62.247, 60, 27414.343750
62.247, 60, 27414.787109
62.247, 60, 27415.232422
62.247, 60, 27415.677734
62.247, 60, 27416.123047
62.247, 60, 27416.568359
62.247, 60, 27417.013672
62.247, 60, 27417.458984
62.247, 60, 27417.902344
62.247, 60, 27418.347656
62.247, 60, 27418.792969
62.247, 60, 27419.238281
62.247, 60, 27419.683594
62.247, 60, 27420.128906
62.247, 60, 27420.574219
62.247, 60, 27421.017578
62.247, 60, 27421.462891
62.247, 60, 27421.908203
62.247, 60, 27422.353516
62.247, 60, 27422.798828
62.247, 60, 27423.244141
62.247, 60, 27423.689453
62.247, 60, 27424.132812
62.247, 60, 27424.578125
62.247, 60, 27425.023438
62.247, 60, 27425.468750
62.247, 60, 27425.914062
62.247, 60, 27426.359375
62.247, 60, 27426.802734
62.247, 60, 27427.248047
62.247, 60, 27427.693359
62.247, 60, 27428.138672
62.247, 60, 27428.583984
62.247, 60, 27429.029297
62.247, 60, 27429.474609
62.247, 60, 27429.917969
62.247, 60, 27430.363281
62.247, 60, 27430.808594
62.247, 60, 27431.253906
62.247, 60, 27431.699219
62.247, 60, 27432.144531
62.247, 60, 27432.589844
62.247, 60, 27433.033203
62.247, 60, 27433.478516
62.247, 60, 27433.923828
62.247, 60, 27434.369141
62.247, 60, 27434.814453
62.247, 60, 27435.259766
62.342, 60, 27435.705078
62.342, 60, 27436.148438
62.342, 60, 27436.593750
62.342, 60, 27437.039062
62.342, 60, 27437.484375
62.342, 60, 27437.929688
62.342, 60, 27438.375000
62.342, 60, 27438.820312
62.342, 60, 27439.263672
62.342, 60, 27439.708984
62.342, 60, 27440.154297
62.342, 60, 27440.599609
62.342, 60, 27441.044922
62.342, 60, 27441.490234
62.342, 60, 27441.935547
62.342, 60, 27442.378906
62.342, 60, 27442.824219
62.342, 60, 27443.269531
62.342, 60, 27443.714844
62.342, 60, 27444.160156
62.342, 60, 27444.605469
62.342, 60, 27445.050781
62.342, 60, 27445.494141
62.342, 60, 27445.939453
62.342, 60, 27446.384766
62.342, 60, 27446.830078
62.342, 60, 27447.275391
62.342, 60, 27447.720703
62.342, 60, 27448.166016
62.342, 60, 27448.609375
62.342, 60, 27449.054688
62.342, 60, 27449.500000
62.342, 60, 27449.945312
62.247, 60, 27450.390625
62.247, 60, 27450.835938
62.247, 60, 27451.281250
62.247, 60, 27451.724609
62.247, 60, 27452.169922
62.247, 60, 27452.615234
62.247, 60, 27453.060547
62.247, 60, 27453.505859
62.247, 60, 27453.951172
62.247, 60, 27454.396484
62.247, 60, 27454.839844
62.247, 60, 27455.285156
62.247, 60, 27455.730469
62.247, 60, 27456.175781
62.247, 60, 27456.621094
62.247, 60, 27457.066406
62.247, 60, 27457.511719
62.247, 60, 27457.955078
62.247, 60, 27458.400391
62.247, 60, 27458.845703
62.247, 60, 27459.291016
62.247, 60, 27459.736328
62.247, 60, 27460.181641
62.247, 60, 27460.626953
62.247, 60, 27461.070312
62.247, 60, 27461.515625
62.247, 60, 27461.960938
62.247, 60, 27462.406250
62.247, 60, 27462.851562
62.247, 60, 27463.296875
62.247, 60, 27463.742188
62.247, 60, 27464.185547
62.247, 60, 27464.630859
62.247, 60, 27465.076172
62.247, 60, 27465.521484
62.151, 60, 27465.966797
62.151, 60, 27466.412109
62.151, 60, 27466.857422
62.151, 60, 27467.300781
62.151, 60, 27467.746094
62.151, 60, 27468.191406
62.151, 60, 27468.636719
62.151, 60, 27469.082031
62.151, 60, 27469.527344
62.151, 60, 27469.972656
62.151, 60, 27470.416016
62.151, 60, 27470.861328
62.151, 60, 27471.306641
62.151, 60, 27471.751953
62.151, 60, 27472.197266
62.151, 60, 27472.642578
62.151, 60, 27473.085938
62.151, 60, 27473.531250
62.151, 60, 27473.976562
62.151, 60, 27474.421875
62.151, 60, 27474.867188
62.151, 60, 27475.312500
62.151, 60, 27475.757812
62.151, 60, 27476.201172
62.151, 60, 27476.646484
62.151, 60, 27477.091797
62.151, 60, 27477.537109
62.151, 60, 27477.982422
62.151, 60, 27478.427734
62.151, 60, 27478.873047
62.151, 60, 27479.316406
62.151, 60, 27479.761719
62.151, 60, 27480.207031
62.151, 60, 27480.652344
62.151, 60, 27481.097656
62.151, 60, 27481.542969
62.151, 60, 27481.988281
62.151, 60, 27482.431641
62.151, 60, 27482.876953
62.151, 60, 27483.322266
62.151, 60, 27483.767578
62.151, 60, 27484.212891
62.151, 60, 27484.658203
62.151, 60, 27485.103516
62.151, 60, 27485.546875
62.151, 60, 27485.992188
62.151, 60, 27486.437500
62.151, 60, 27486.882812
62.151, 60, 27487.328125
62.151, 60, 27487.773438
62.151, 60, 27488.218750
62.151, 60, 27488.662109
62.151, 60, 27489.107422
62.151, 60, 27489.552734
62.151, 60, 27489.998047
62.151, 60, 27490.443359
62.151, 60, 27490.888672
62.151, 60, 27491.333984
62.151, 60, 27491.777344
62.151, 60, 27492.222656
62.151, 60, 27492.667969
62.151, 60, 27493.113281
62.151, 60, 27493.558594
62.151, 60, 27494.003906
62.151, 60, 27494.449219
62.151, 60, 27494.892578
62.151, 60, 27495.337891
62.151, 60, 27495.783203
62.151, 60, 27496.228516
62.151, 60, 27496.673828
62.151, 60, 27497.119141
62.151, 60, 27497.564453
62.151, 60, 27498.007812
62.151, 60, 27498.453125
62.151, 60, 27498.898438
62.151, 60, 27499.343750
62.151, 60, 27499.789062
62.151, 60, 27500.234375
62.151, 60, 27500.679688
62.151, 60, 27501.123047
62.151, 60, 27501.568359
62.151, 60, 27502.013672
62.151, 60, 27502.458984
62.151, 60, 27502.904297
62.151, 60, 27503.349609
62.151, 60, 27503.794922
62.151, 60, 27504.238281
62.151, 60, 27504.683594
62.151, 60, 27505.128906
62.151, 60, 27505.574219
62.151, 60, 27506.019531
62.151, 60, 27506.464844
62.151, 60, 27506.910156
62.151, 60, 27507.353516
62.151, 60, 27507.798828
62.151, 60, 27508.244141
62.151, 60, 27508.689453
62.151, 60, 27509.134766
62.151, 60, 27509.580078
62.151, 60, 27510.025391
62.151, 60, 27510.468750
62.151, 60, 27510.914062
62.151, 60, 27511.359375
62.151, 60, 27511.804688
62.151, 60, 27512.250000
62.151, 60, 27512.695312
62.151, 60, 27513.140625
62.151, 60, 27513.583984
62.151, 60, 27514.029297
62.151, 60, 27514.474609
62.151, 60, 27514.919922
62.151, 60, 27515.365234
62.151, 60, 27515.810547
62.151, 60, 27516.255859
62.151, 60, 27516.699219
62.151, 60, 27517.144531
62.151, 60, 27517.589844
62.151, 60, 27518.035156
62.151, 60, 27518.480469
62.151, 60, 27518.925781
62.151, 60, 27519.369141
62.151, 60, 27519.814453
62.151, 60, 27520.259766
62.151, 60, 27520.705078
62.151, 60, 27521.150391
62.151, 60, 27521.595703
62.151, 60, 27522.041016
62.151, 60, 27522.484375
62.151, 60, 27522.929688
62.151, 60, 27523.375000
62.151, 60, 27523.820312
62.151, 60, 27524.265625
62.151, 60, 27524.710938
62.151, 60, 27525.156250
62.151, 60, 27525.599609
62.151, 60, 27526.044922
62.151, 60, 27526.490234
62.151, 60, 27526.935547
62.151, 60, 27527.380859
62.151, 60, 27527.826172
62.151, 60, 27528.271484
62.151, 60, 27528.714844
62.151, 60, 27529.160156
62.151, 60, 27529.605469
62.151, 60, 27530.050781
62.151, 60, 27530.496094
62.151, 60, 27530.941406
62.151, 60, 27531.386719
62.151, 60, 27531.830078
62.151, 60, 27532.275391
62.151, 60, 27532.720703
62.151, 60, 27533.166016
62.151, 60, 27533.611328
62.151, 60, 27534.056641
62.151, 60, 27534.501953
62.151, 60, 27534.945312
62.151, 60, 27535.390625
62.151, 60, 27535.835938
62.151, 60, 27536.281250
62.151, 60, 27536.726562
62.151, 60, 27537.171875
62.151, 60, 27537.617188
62.151, 60, 27538.060547
62.151, 60, 27538.505859
62.151, 60, 27538.951172
62.151, 60, 27539.396484
62.151, 60, 27539.841797
62.151, 60, 27540.287109
62.151, 60, 27540.732422
62.151, 60, 27541.175781
62.151, 60, 27541.621094
62.151, 60, 27542.066406
62.151, 60, 27542.511719
62.151, 60, 27542.957031
62.151, 60, 27543.402344
62.151, 60, 27543.847656
62.151, 60, 27544.291016
62.151, 60, 27544.736328
62.151, 60, 27545.181641
62.151, 60, 27545.626953
62.151, 60, 27546.072266
62.151, 60, 27546.517578
62.151, 60, 27546.962891
62.151, 60, 27547.406250
62.151, 60, 27547.851562
62.151, 60, 27548.296875
62.151, 60, 27548.742188
62.151, 60, 27549.187500
62.151, 60, 27549.632812
62.151, 60, 27550.078125
62.151, 60, 27550.521484
62.151, 60, 27550.966797
62.151, 60, 27551.412109
62.151, 60, 27551.857422
62.151, 60, 27552.302734
62.151, 60, 27552.748047
62.151, 60, 27553.193359
62.151, 60, 27553.636719
62.151, 60, 27554.082031
62.151, 60, 27554.527344
62.151, 60, 27554.972656
62.151, 60, 27555.417969
62.151, 60, 27555.863281
62.151, 60, 27556.308594
62.151, 60, 27556.751953
62.151, 60, 27557.197266
62.151, 60, 27557.642578
62.151, 60, 27558.087891
62.151, 60, 27558.533203
62.151, 60, 27558.978516
62.247, 60, 27559.423828
62.247, 60, 27559.867188
62.247, 60, 27560.312500
62.247, 60, 27560.757812
62.247, 60, 27561.203125
62.247, 60, 27561.648438
62.247, 60, 27562.093750
62.247, 60, 27562.539062
62.247, 60, 27562.982422
62.247, 60, 27563.427734
62.247, 60, 27563.873047
62.247, 60, 27564.318359
62.247, 60, 27564.763672
62.247, 60, 27565.208984
62.247, 60, 27565.652344
62.247, 60, 27566.097656
62.247, 60, 27566.542969
62.247, 60, 27566.988281
62.247, 60, 27567.433594
62.247, 60, 27567.878906
62.247, 60, 27568.324219
62.247, 60, 27568.767578
62.247, 60, 27569.212891
62.247, 60, 27569.658203
62.247, 60, 27570.103516
62.247, 60, 27570.548828
62.247, 60, 27570.994141
62.247, 60, 27571.439453
62.247, 60, 27571.882812
62.247, 60, 27572.328125
62.247, 60, 27572.773438
62.247, 60, 27573.218750
62.247, 60, 27573.664062
62.247, 60, 27574.109375
62.247, 60, 27574.554688
62.247, 60, 27574.998047
62.247, 60, 27575.443359
62.247, 60, 27575.888672
62.247, 60, 27576.333984
62.247, 60, 27576.779297
62.247, 60, 27577.224609
62.247, 60, 27577.669922
62.247, 60, 27578.113281
62.247, 60, 27578.558594
62.247, 60, 27579.003906
62.247, 60, 27579.449219
62.247, 60, 27579.894531
62.247, 60, 27580.339844
62.247, 60, 27580.785156
62.247, 60, 27581.228516
62.247, 60, 27581.673828
62.247, 60, 27582.119141
62.247, 60, 27582.564453
62.247, 60, 27583.009766
62.247, 60, 27583.455078
62.247, 60, 27583.900391
62.247, 60, 27584.343750
62.247, 60, 27584.789062
62.247, 60, 27585.234375
62.247, 60, 27585.679688
62.247, 60, 27586.125000
62.247, 60, 27586.570312
62.247, 60, 27587.015625
62.247, 60, 27587.458984
62.247, 60, 27587.904297
62.247, 60, 27588.349609
62.247, 60, 27588.794922
62.247, 60, 27589.240234
62.247, 60, 27589.685547
62.247, 60, 27590.130859
62.247, 60, 27590.574219
62.247, 60, 27591.019531
62.247, 60, 27591.464844
62.247, 60, 27591.910156
62.247, 60, 27592.355469
62.247, 60, 27592.800781
62.247, 60, 27593.246094
62.247, 60, 27593.689453
62.247, 60, 27594.134766
62.247, 60, 27594.580078
62.247, 60, 27595.025391
62.247, 60, 27595.470703
62.247, 60, 27595.916016
62.247, 60, 27596.361328
62.247, 60, 27596.804688
62.247, 60, 27597.250000
62.247, 60, 27597.695312
62.247, 60, 27598.140625
62.247, 60, 27598.585938
62.247, 60, 27599.031250
62.247, 60, 27599.476562
62.247, 60, 27599.919922
62.247, 60, 27600.365234
62.247, 60, 27600.810547
62.247, 60, 27601.255859
62.247, 60, 27601.701172
62.247, 60, 27602.146484
62.247, 60, 27602.591797
62.247, 60, 27603.035156
62.247, 60, 27603.480469
62.247, 60, 27603.925781
62.247, 60, 27604.371094
62.247, 60, 27604.816406
62.247, 60, 27605.261719
62.247, 60, 27605.707031
62.247, 60, 27606.150391
62.342, 60, 27606.595703
62.342, 60, 27607.041016
62.342, 60, 27607.486328
62.342, 60, 27607.931641
62.342, 60, 27608.376953
62.342, 60, 27608.822266
62.342, 60, 27609.265625
62.342, 60, 27609.710938
62.342, 60, 27610.156250
62.342, 60, 27610.601562
62.342, 60, 27611.046875
62.342, 60, 27611.492188
62.342, 60, 27611.935547
62.342, 60, 27612.380859
62.342, 60, 27612.826172
62.342, 60, 27613.271484
62.342, 60, 27613.716797
62.342, 60, 27614.162109
62.342, 60, 27614.607422
62.342, 60, 27615.050781
62.342, 60, 27615.496094
62.342, 60, 27615.941406
62.342, 60, 27616.386719
62.342, 60, 27616.832031
62.342, 60, 27617.277344
62.342, 60, 27617.722656
62.342, 60, 27618.166016
62.342, 60, 27618.611328
62.342, 60, 27619.056641
62.342, 60, 27619.501953
62.342, 60, 27619.947266
62.342, 60, 27620.392578
62.342, 60, 27620.837891
62.342, 60, 27621.281250
62.342, 60, 27621.726562
62.247, 60, 27622.171875
62.247, 60, 27622.617188
62.247, 60, 27623.062500
62.247, 60, 27623.507812
62.247, 60, 27623.953125
62.247, 60, 27624.396484
62.247, 60, 27624.841797
62.247, 60, 27625.287109
62.247, 60, 27625.732422
62.247, 60, 27626.177734
62.247, 60, 27626.623047
62.247, 60, 27627.068359
62.247, 60, 27627.511719
62.247, 60, 27627.957031
62.247, 60, 27628.402344
62.247, 60, 27628.847656
62.247, 60, 27629.292969
62.247, 60, 27629.738281
62.247, 60, 27630.183594
62.247, 60, 27630.626953
62.247, 60, 27631.072266
62.247, 60, 27631.517578
62.247, 60, 27631.962891
62.247, 60, 27632.408203
62.247, 60, 27632.853516
62.247, 60, 27633.298828
62.247, 60, 27633.742188
62.247, 60, 27634.187500
62.247, 60, 27634.632812
62.247, 60, 27635.078125
62.247, 60, 27635.523438
62.247, 60, 27635.968750
62.247, 60, 27636.414062
62.247, 60, 27636.857422
62.247, 60, 27637.302734
62.247, 60, 27637.748047
62.247, 60, 27638.193359
62.247, 60, 27638.638672
62.247, 60, 27639.083984
62.247, 60, 27639.529297
62.247, 60, 27639.972656
62.247, 60, 27640.417969
62.247, 60, 27640.863281
62.247, 60, 27641.308594
62.247, 60, 27641.753906
62.247, 60, 27642.199219
62.247, 60, 27642.644531
62.247, 60, 27643.087891
62.247, 60, 27643.533203
62.247, 60, 27643.978516
62.247, 60, 27644.423828
62.247, 60, 27644.869141
62.247, 60, 27645.314453
62.247, 60, 27645.759766
62.247, 60, 27646.203125
62.247, 60, 27646.648438
62.247, 60, 27647.093750
62.247, 60, 27647.539062
62.247, 60, 27647.984375
62.247, 60, 27648.429688
62.247, 60, 27648.875000
62.247, 60, 27649.318359
62.247, 60, 27649.763672
62.247, 60, 27650.208984
62.247, 60, 27650.654297
62.247, 60, 27651.099609
62.247, 60, 27651.544922
62.247, 60, 27651.990234
62.247, 60, 27652.433594
62.342, 60, 27652.878906
62.342, 60, 27653.324219
62.342, 60, 27653.769531
62.342, 60, 27654.214844
62.342, 60, 27654.660156
62.342, 60, 27655.105469
62.342, 60, 27655.548828
62.342, 60, 27655.994141
62.342, 60, 27656.439453
62.342, 60, 27656.884766
62.342, 60, 27657.330078
62.342, 60, 27657.775391
62.342, 60, 27658.218750
62.342, 60, 27658.664062
62.342, 60, 27659.109375
62.342, 60, 27659.554688
62.342, 60, 27660.000000
62.342, 60, 27660.445312
62.342, 60, 27660.890625
62.342, 60, 27661.333984
62.342, 60, 27661.779297
62.342, 60, 27662.224609
62.342, 60, 27662.669922
62.342, 60, 27663.115234
62.342, 60, 27663.560547
62.342, 60, 27664.005859
62.342, 60, 27664.449219
62.342, 60, 27664.894531
62.342, 60, 27665.339844
62.342, 60, 27665.785156
62.342, 60, 27666.230469
62.342, 60, 27666.675781
62.342, 60, 27667.121094
62.342, 60, 27667.564453
62.342, 60, 27668.009766
62.342, 60, 27668.455078
62.342, 60, 27668.900391
62.342, 60, 27669.345703
62.342, 60, 27669.791016
62.342, 60, 27670.236328
62.342, 60, 27670.679688
62.342, 60, 27671.125000
62.342, 60, 27671.570312
62.342, 60, 27672.015625
62.342, 60, 27672.460938
62.342, 60, 27672.906250
62.342, 60, 27673.351562
62.342, 60, 27673.794922
62.342, 60, 27674.240234
62.342, 60, 27674.685547
62.342, 60, 27675.130859
62.342, 60, 27675.576172
62.342, 60, 27676.021484
62.342, 60, 27676.466797
62.342, 60, 27676.910156
62.342, 60, 27677.355469
62.342, 60, 27677.800781
62.342, 60, 27678.246094
62.342, 60, 27678.691406
62.342, 60, 27679.136719
62.342, 60, 27679.582031
62.342, 60, 27680.025391
62.342, 60, 27680.470703
62.342, 60, 27680.916016
62.342, 60, 27681.361328
62.342, 60, 27681.806641
62.342, 60, 27682.251953
62.342, 60, 27682.697266
62.342, 60, 27683.140625
62.342, 60, 27683.585938
62.342, 60, 27684.031250
62.342, 60, 27684.476562
62.342, 60, 27684.921875
62.342, 60, 27685.367188
62.342, 60, 27685.812500
62.342, 60, 27686.255859
62.342, 60, 27686.701172
62.342, 60, 27687.146484
62.342, 60, 27687.591797
62.342, 60, 27688.037109
62.342, 60, 27688.482422
62.342, 60, 27688.927734
62.342, 60, 27689.371094
62.342, 60, 27689.816406
62.342, 60, 27690.261719
62.342, 60, 27690.707031
62.342, 60, 27691.152344
62.342, 60, 27691.597656
62.342, 60, 27692.042969
62.342, 60, 27692.486328
62.342, 60, 27692.931641
62.342, 60, 27693.376953
62.342, 60, 27693.822266
62.342, 60, 27694.267578
62.342, 60, 27694.712891
62.342, 60, 27695.158203
62.342, 60, 27695.601562
62.342, 60, 27696.046875
62.342, 60, 27696.492188
62.342, 60, 27696.937500
62.342, 60, 27697.382812
62.342, 60, 27697.828125
62.342, 60, 27698.273438
62.342, 60, 27698.716797
62.342, 60, 27699.162109
62.342, 60, 27699.607422
62.342, 60, 27700.052734
62.342, 60, 27700.498047
62.342, 60, 27700.943359
62.342, 60, 27701.388672
62.342, 60, 27701.832031
62.342, 60, 27702.277344
62.342, 60, 27702.722656
62.342, 60, 27703.167969
62.342, 60, 27703.613281
62.342, 60, 27704.058594
62.342, 60, 27704.501953
62.342, 60, 27704.947266
62.342, 60, 27705.392578
62.342, 60, 27705.837891
62.342, 60, 27706.283203
62.342, 60, 27706.728516
62.342, 60, 27707.173828
62.342, 60, 27707.617188
62.342, 60, 27708.062500
62.342, 60, 27708.507812
62.342, 60, 27708.953125
62.342, 60, 27709.398438
62.342, 60, 27709.843750
62.342, 60, 27710.289062
62.342, 60, 27710.732422
62.342, 60, 27711.177734
62.342, 60, 27711.623047
62.342, 60, 27712.068359
62.342, 60, 27712.513672
62.342, 60, 27712.958984
62.342, 60, 27713.404297
62.342, 60, 27713.847656
62.342, 60, 27714.292969
62.342, 60, 27714.738281
62.436, 60, 27715.183594
62.436, 60, 27715.628906
62.436, 60, 27716.074219
62.436, 60, 27716.519531
62.436, 60, 27716.962891
62.436, 60, 27717.408203
62.436, 60, 27717.853516
62.436, 60, 27718.298828
62.436, 60, 27718.744141
62.436, 60, 27719.189453
62.436, 60, 27719.634766
62.436, 60, 27720.078125
62.436, 60, 27720.523438
62.436, 60, 27720.968750
62.436, 60, 27721.414062
62.436, 60, 27721.859375
62.436, 60, 27722.304688
62.436, 60, 27722.750000
62.436, 60, 27723.193359
62.436, 60, 27723.638672
62.436, 60, 27724.083984
62.436, 60, 27724.529297
62.436, 60, 27724.974609
62.436, 60, 27725.419922
62.436, 60, 27725.865234
62.436, 60, 27726.308594
62.436, 60, 27726.753906
62.436, 60, 27727.199219
62.436, 60, 27727.644531
62.436, 60, 27728.089844
62.436, 60, 27728.535156
62.436, 60, 27728.980469
62.436, 60, 27729.423828
62.436, 60, 27729.869141
62.531, 60, 27730.314453
62.531, 60, 27730.759766
62.531, 60, 27731.205078
62.531, 60, 27731.650391
62.531, 60, 27732.095703
62.531, 60, 27732.539062
62.531, 60, 27732.984375
62.531, 60, 27733.429688
62.531, 60, 27733.875000
62.531, 60, 27734.320312
62.531, 60, 27734.765625
62.531, 60, 27735.210938
62.531, 60, 27735.654297
62.531, 60, 27736.099609
62.531, 60, 27736.544922
62.531, 60, 27736.990234
62.531, 60, 27737.435547
62.531, 60, 27737.880859
62.531, 60, 27738.326172
62.531, 60, 27738.769531
62.531, 60, 27739.214844
62.531, 60, 27739.660156
62.531, 60, 27740.105469
62.531, 60, 27740.550781
62.531, 60, 27740.996094
62.531, 60, 27741.441406
62.531, 60, 27741.884766
62.531, 60, 27742.330078
62.531, 60, 27742.775391
62.531, 60, 27743.220703
62.531, 60, 27743.666016
62.531, 60, 27744.111328
62.531, 60, 27744.556641
62.531, 60, 27745.000000
62.531, 60, 27745.445312
62.531, 60, 27745.890625
62.531, 60, 27746.335938
62.531, 60, 27746.781250
62.531, 60, 27747.226562
62.531, 60, 27747.671875
62.531, 60, 27748.115234
62.531, 60, 27748.560547
62.531, 60, 27749.005859
62.531, 60, 27749.451172
62.531, 60, 27749.896484
62.531, 60, 27750.341797
62.531, 60, 27750.785156
62.531, 60, 27751.230469
62.531, 60, 27751.675781
62.531, 60, 27752.121094
62.531, 60, 27752.566406
62.531, 60, 27753.011719
62.531, 60, 27753.457031
62.531, 60, 27753.900391
62.531, 60, 27754.345703
62.531, 60, 27754.791016
62.531, 60, 27755.236328
62.531, 60, 27755.681641
62.531, 60, 27756.126953
62.531, 60, 27756.572266
62.531, 60, 27757.015625
62.531, 60, 27757.460938
62.531, 60, 27757.906250
62.531, 60, 27758.351562
62.531, 60, 27758.796875
62.531, 60, 27759.242188
62.531, 60, 27759.687500
62.531, 60, 27760.130859
62.531, 60, 27760.576172
62.247, 60, 27761.021484
62.247, 60, 27761.466797
62.247, 60, 27761.912109
62.247, 60, 27762.357422
62.247, 60, 27762.802734
62.247, 60, 27763.246094
62.247, 60, 27763.691406
62.247, 60, 27764.136719
62.247, 60, 27764.582031
62.247, 60, 27765.027344
62.247, 60, 27765.472656
62.247, 60, 27765.917969
62.247, 60, 27766.361328
62.247, 60, 27766.806641
62.247, 60, 27767.251953
62.247, 60, 27767.697266
62.247, 60, 27768.142578
62.247, 60, 27768.587891
62.247, 60, 27769.033203
62.247, 60, 27769.476562
62.247, 60, 27769.921875
62.247, 60, 27770.367188
62.247, 60, 27770.812500
62.247, 60, 27771.257812
62.247, 60, 27771.703125
62.247, 60, 27772.148438
62.247, 60, 27772.591797
62.247, 60, 27773.037109
62.247, 60, 27773.482422
62.247, 60, 27773.927734
62.247, 60, 27774.373047
62.247, 60, 27774.818359
62.247, 60, 27775.263672
62.247, 60, 27775.707031
62.151, 60, 27776.152344
62.151, 60, 27776.597656
62.151, 60, 27777.042969
62.151, 60, 27777.488281
62.151, 60, 27777.933594
62.151, 60, 27778.378906
62.151, 60, 27778.822266
62.151, 60, 27779.267578
62.151, 60, 27779.712891
62.151, 60, 27780.158203
62.151, 60, 27780.603516
62.151, 60, 27781.048828
62.151, 60, 27781.494141
62.151, 60, 27781.937500
62.151, 60, 27782.382812
62.151, 60, 27782.828125
62.151, 60, 27783.273438
62.151, 60, 27783.718750
62.151, 60, 27784.164062
62.151, 60, 27784.609375
62.151, 60, 27785.052734
62.151, 60, 27785.498047
62.151, 60, 27785.943359
62.151, 60, 27786.388672
62.151, 60, 27786.833984
62.151, 60, 27787.279297
62.151, 60, 27787.724609
62.151, 60, 27788.167969
62.151, 60, 27788.613281
62.151, 60, 27789.058594
62.151, 60, 27789.503906
62.151, 60, 27789.949219
62.151, 60, 27790.394531
62.151, 60, 27790.839844
62.151, 60, 27791.283203
62.056, 60, 27791.728516
62.056, 60, 27792.173828
62.056, 60, 27792.619141
62.056, 60, 27793.064453
62.056, 60, 27793.509766
62.056, 60, 27793.955078
62.056, 60, 27794.398438
62.056, 60, 27794.843750
62.056, 60, 27795.289062
62.056, 60, 27795.734375
62.056, 60, 27796.179688
62.056, 60, 27796.625000
62.056, 60, 27797.068359
62.056, 60, 27797.513672
62.056, 60, 27797.958984
62.056, 60, 27798.404297
62.056, 60, 27798.849609
62.056, 60, 27799.294922
62.056, 60, 27799.740234
62.056, 60, 27800.183594
62.056, 60, 27800.628906
62.056, 60, 27801.074219
62.056, 60, 27801.519531
62.056, 60, 27801.964844
62.056, 60, 27802.410156
62.056, 60, 27802.855469
62.056, 60, 27803.298828
62.056, 60, 27803.744141
62.056, 60, 27804.189453
62.056, 60, 27804.634766
62.056, 60, 27805.080078
62.056, 60, 27805.525391
62.056, 60, 27805.970703
62.056, 60, 27806.414062
61.961, 60, 27806.859375
61.961, 60, 27807.304688
61.961, 60, 27807.750000
61.961, 60, 27808.195312
61.961, 60, 27808.640625
61.961, 60, 27809.085938
61.961, 60, 27809.529297
61.961, 60, 27809.974609
61.961, 60, 27810.419922
61.961, 60, 27810.865234
61.961, 60, 27811.310547
61.961, 60, 27811.755859
61.961, 60, 27812.201172
61.961, 60, 27812.644531
61.961, 60, 27813.089844
61.961, 60, 27813.535156
61.961, 60, 27813.980469
61.961, 60, 27814.425781
61.961, 60, 27814.871094
61.961, 60, 27815.316406
61.961, 60, 27815.759766
61.961, 60, 27816.205078
61.961, 60, 27816.650391
61.961, 60, 27817.095703
61.961, 60, 27817.541016
61.961, 60, 27817.986328
61.961, 60, 27818.431641
61.961, 60, 27818.875000
61.961, 60, 27819.320312
61.961, 60, 27819.765625
61.961, 60, 27820.210938
61.961, 60, 27820.656250
61.961, 60, 27821.101562
61.961, 60, 27821.546875
61.961, 60, 27821.990234
61.961, 60, 27822.435547
61.961, 60, 27822.880859
61.961, 60, 27823.326172
61.961, 60, 27823.771484
61.961, 60, 27824.216797
61.961, 60, 27824.662109
61.961, 60, 27825.105469
61.961, 60, 27825.550781
61.961, 60, 27825.996094
61.961, 60, 27826.441406
61.961, 60, 27826.886719
61.961, 60, 27827.332031
61.961, 60, 27827.777344
61.961, 60, 27828.220703
61.961, 60, 27828.666016
61.961, 60, 27829.111328
61.961, 60, 27829.556641
61.961, 60, 27830.001953
61.961, 60, 27830.447266
61.961, 60, 27830.892578
61.961, 60, 27831.335938
61.961, 60, 27831.781250
61.961, 60, 27832.226562
61.961, 60, 27832.671875
61.961, 60, 27833.117188
61.961, 60, 27833.562500
61.961, 60, 27834.007812
61.961, 60, 27834.451172
61.961, 60, 27834.896484
61.961, 60, 27835.341797
61.961, 60, 27835.787109
61.961, 60, 27836.232422
61.961, 60, 27836.677734
61.961, 60, 27837.123047
61.961, 60, 27837.566406
61.961, 60, 27838.011719
61.961, 60, 27838.457031
61.961, 60, 27838.902344
61.961, 60, 27839.347656
61.961, 60, 27839.792969
61.961, 60, 27840.238281
61.961, 60, 27840.681641
61.961, 60, 27841.126953
61.961, 60, 27841.572266
61.961, 60, 27842.017578
61.961, 60, 27842.462891
61.961, 60, 27842.908203
61.961, 60, 27843.351562
61.961, 60, 27843.796875
61.961, 60, 27844.242188
61.961, 60, 27844.687500
61.961, 60, 27845.132812
61.961, 60, 27845.578125
61.961, 60, 27846.023438
61.961, 60, 27846.466797
61.961, 60, 27846.912109
61.961, 60, 27847.357422
61.961, 60, 27847.802734
61.961, 60, 27848.248047
61.961, 60, 27848.693359
61.961, 60, 27849.138672
61.961, 60, 27849.582031
61.961, 60, 27850.027344
61.961, 60, 27850.472656
61.961, 60, 27850.917969
61.961, 60, 27851.363281
61.961, 60, 27851.808594
61.961, 60, 27852.253906
61.961, 60, 27852.697266
61.961, 60, 27853.142578
61.961, 60, 27853.587891
61.961, 60, 27854.033203
61.961, 60, 27854.478516
61.961, 60, 27854.923828
61.961, 60, 27855.369141
61.961, 60, 27855.812500
61.961, 60, 27856.257812
61.961, 60, 27856.703125
61.961, 60, 27857.148438
61.961, 60, 27857.593750
61.961, 60, 27858.039062
61.961, 60, 27858.484375
61.961, 60, 27858.927734
61.961, 60, 27859.373047
61.961, 60, 27859.818359
61.961, 60, 27860.263672
61.961, 60, 27860.708984
61.961, 60, 27861.154297
61.961, 60, 27861.599609
61.961, 60, 27862.042969
61.961, 60, 27862.488281
61.961, 60, 27862.933594
61.961, 60, 27863.378906
61.961, 60, 27863.824219
61.961, 60, 27864.269531
61.961, 60, 27864.714844
61.961, 60, 27865.158203
61.961, 60, 27865.603516
61.961, 60, 27866.048828
61.961, 60, 27866.494141
61.961, 60, 27866.939453
61.961, 60, 27867.384766
61.961, 60, 27867.830078
61.961, 60, 27868.273438
61.961, 60, 27868.718750
61.961, 60, 27869.164062
61.961, 60, 27869.609375
61.961, 60, 27870.054688
61.961, 60, 27870.500000
61.961, 60, 27870.945312
61.961, 60, 27871.388672
61.961, 60, 27871.833984
61.961, 60, 27872.279297
61.961, 60, 27872.724609
61.961, 60, 27873.169922
61.961, 60, 27873.615234
61.961, 60, 27874.060547
61.961, 60, 27874.503906
61.961, 60, 27874.949219
61.961, 60, 27875.394531
61.961, 60, 27875.839844
61.961, 60, 27876.285156
61.961, 60, 27876.730469
61.961, 60, 27877.175781
61.961, 60, 27877.619141
61.961, 60, 27878.064453
61.961, 60, 27878.509766
61.961, 60, 27878.955078
61.961, 60, 27879.400391
61.961, 60, 27879.845703
61.961, 60, 27880.291016
61.961, 60, 27880.734375
61.961, 60, 27881.179688
61.961, 60, 27881.625000
61.961, 60, 27882.070312
61.961, 60, 27882.515625
62.056, 60, 27882.960938
62.056, 60, 27883.406250
62.056, 60, 27883.849609
62.056, 60, 27884.294922
62.056, 60, 27884.740234
62.056, 60, 27885.185547
62.056, 60, 27885.630859
62.056, 60, 27886.076172
62.056, 60, 27886.521484
62.056, 60, 27886.964844
62.056, 60, 27887.410156
62.056, 60, 27887.855469
62.056, 60, 27888.300781
62.056, 60, 27888.746094
62.056, 60, 27889.191406
62.056, 60, 27889.634766
62.056, 60, 27890.080078
62.056, 60, 27890.525391
62.056, 60, 27890.970703
62.056, 60, 27891.416016
62.056, 60, 27891.861328
62.056, 60, 27892.306641
62.056, 60, 27892.750000
62.056, 60, 27893.195312
62.056, 60, 27893.640625
62.056, 60, 27894.085938
62.056, 60, 27894.531250
62.056, 60, 27894.976562
62.056, 60, 27895.421875
62.056, 60, 27895.865234
62.056, 60, 27896.310547
62.056, 60, 27896.755859
62.056, 60, 27897.201172
62.056, 60, 27897.646484
62.056, 60, 27898.091797
62.151, 60, 27898.537109
62.151, 60, 27898.980469
62.151, 60, 27899.425781
62.151, 60, 27899.871094
62.151, 60, 27900.316406
62.151, 60, 27900.761719
62.151, 60, 27901.207031
62.151, 60, 27901.652344
62.151, 60, 27902.095703
62.151, 60, 27902.541016
62.151, 60, 27902.986328
62.151, 60, 27903.431641
62.151, 60, 27903.876953
62.151, 60, 27904.322266
62.151, 60, 27904.767578
62.151, 60, 27905.210938
62.151, 60, 27905.656250
62.151, 60, 27906.101562
62.151, 60, 27906.546875
62.151, 60, 27906.992188
62.151, 60, 27907.437500
62.151, 60, 27907.882812
62.151, 60, 27908.326172
62.151, 60, 27908.771484
62.151, 60, 27909.216797
62.151, 60, 27909.662109
62.151, 60, 27910.107422
62.151, 60, 27910.552734
62.151, 60, 27910.998047
62.151, 60, 27911.441406
62.151, 60, 27911.886719
62.151, 60, 27912.332031
62.151, 60, 27912.777344
62.151, 60, 27913.222656
62.151, 60, 27913.667969
62.151, 60, 27914.113281
62.151, 60, 27914.556641
62.151, 60, 27915.001953
62.151, 60, 27915.447266
62.151, 60, 27915.892578
62.151, 60, 27916.337891
62.151, 60, 27916.783203
62.151, 60, 27917.228516
62.151, 60, 27917.671875
62.151, 60, 27918.117188
62.151, 60, 27918.562500
62.151, 60, 27919.007812
62.151, 60, 27919.453125
62.151, 60, 27919.898438
62.151, 60, 27920.343750
62.151, 60, 27920.787109
62.151, 60, 27921.232422
62.151, 60, 27921.677734
62.151, 60, 27922.123047
62.151, 60, 27922.568359
62.151, 60, 27923.013672
62.151, 60, 27923.458984
62.151, 60, 27923.902344
62.151, 60, 27924.347656
62.151, 60, 27924.792969
62.151, 60, 27925.238281
62.151, 60, 27925.683594
62.151, 60, 27926.128906
62.151, 60, 27926.574219
62.151, 60, 27927.017578
62.151, 60, 27927.462891
62.151, 60, 27927.908203
62.151, 60, 27928.353516
62.151, 60, 27928.798828
62.151, 60, 27929.244141
62.151, 60, 27929.689453
62.151, 60, 27930.132812
62.151, 60, 27930.578125
62.151, 60, 27931.023438
62.151, 60, 27931.468750
62.151, 60, 27931.914062
62.151, 60, 27932.359375
62.151, 60, 27932.804688
62.151, 60, 27933.248047
62.151, 60, 27933.693359
62.151, 60, 27934.138672
62.151, 60, 27934.583984
62.151, 60, 27935.029297
62.151, 60, 27935.474609
62.151, 60, 27935.917969
62.151, 60, 27936.363281
62.151, 60, 27936.808594
62.151, 60, 27937.253906
62.151, 60, 27937.699219
62.151, 60, 27938.144531
62.151, 60, 27938.589844
62.151, 60, 27939.033203
62.151, 60, 27939.478516
62.151, 60, 27939.923828
62.151, 60, 27940.369141
62.151, 60, 27940.814453
62.151, 60, 27941.259766
62.151, 60, 27941.705078
62.151, 60, 27942.148438
62.151, 60, 27942.593750
62.151, 60, 27943.039062
62.151, 60, 27943.484375
62.151, 60, 27943.929688
62.056, 60, 27944.375000
62.056, 60, 27944.820312
62.056, 60, 27945.263672
62.056, 60, 27945.708984
62.056, 60, 27946.154297
62.056, 60, 27946.599609
62.056, 60, 27947.044922
62.056, 60, 27947.490234
62.056, 60, 27947.935547
62.056, 60, 27948.378906
62.056, 60, 27948.824219
62.056, 60, 27949.269531
62.056, 60, 27949.714844
62.056, 60, 27950.160156
62.056, 60, 27950.605469
62.056, 60, 27951.050781
62.056, 60, 27951.494141
62.056, 60, 27951.939453
62.056, 60, 27952.384766
62.056, 60, 27952.830078
62.056, 60, 27953.275391
62.056, 60, 27953.720703
62.056, 60, 27954.166016
62.056, 60, 27954.609375
62.056, 60, 27955.054688
62.056, 60, 27955.500000
62.056, 60, 27955.945312
62.056, 60, 27956.390625
62.056, 60, 27956.835938
62.056, 60, 27957.281250
62.056, 60, 27957.724609
62.056, 60, 27958.169922
62.056, 60, 27958.615234
62.056, 60, 27959.060547
62.056, 60, 27959.505859
62.056, 60, 27959.951172
62.056, 60, 27960.396484
62.056, 60, 27960.839844
62.056, 60, 27961.285156
62.056, 60, 27961.730469
62.056, 60, 27962.175781
62.056, 60, 27962.621094
62.056, 60, 27963.066406
62.056, 60, 27963.511719
62.056, 60, 27963.955078
62.056, 60, 27964.400391
62.056, 60, 27964.845703
62.056, 60, 27965.291016
62.056, 60, 27965.736328
62.056, 60, 27966.181641
62.056, 60, 27966.626953
62.056, 60, 27967.070312
62.056, 60, 27967.515625
62.056, 60, 27967.960938
62.056, 60, 27968.406250
62.056, 60, 27968.851562
62.056, 60, 27969.296875
62.056, 60, 27969.742188
62.056, 60, 27970.185547
62.056, 60, 27970.630859
62.056, 60, 27971.076172
62.056, 60, 27971.521484
62.056, 60, 27971.966797
62.056, 60, 27972.412109
62.056, 60, 27972.857422
62.056, 60, 27973.300781
62.056, 60, 27973.746094
62.056, 60, 27974.191406
62.151, 60, 27974.636719
62.151, 60, 27975.082031
62.151, 60, 27975.527344
62.151, 60, 27975.972656
62.151, 60, 27976.416016
62.151, 60, 27976.861328
62.151, 60, 27977.306641
62.151, 60, 27977.751953
62.151, 60, 27978.197266
62.151, 60, 27978.642578
62.151, 60, 27979.087891
62.151, 60, 27979.531250
62.151, 60, 27979.976562
62.151, 60, 27980.421875
62.151, 60, 27980.867188
62.151, 60, 27981.312500
62.151, 60, 27981.757812
62.151, 60, 27982.201172
62.151, 60, 27982.646484
62.151, 60, 27983.091797
62.151, 60, 27983.537109
62.151, 60, 27983.982422
62.151, 60, 27984.427734
62.151, 60, 27984.873047
62.151, 60, 27985.316406
62.151, 60, 27985.761719
62.151, 60, 27986.207031
62.151, 60, 27986.652344
62.151, 60, 27987.097656
62.151, 60, 27987.542969
62.151, 60, 27987.988281
62.151, 60, 27988.431641
62.151, 60, 27988.876953
62.151, 60, 27989.322266
62.151, 60, 27989.767578
62.151, 60, 27990.212891
62.151, 60, 27990.658203
62.151, 60, 27991.103516
62.151, 60, 27991.546875
62.151, 60, 27991.992188
62.151, 60, 27992.437500
62.151, 60, 27992.882812
62.151, 60, 27993.328125
62.151, 60, 27993.773438
62.151, 60, 27994.218750
62.151, 60, 27994.662109
62.151, 60, 27995.107422
62.151, 60, 27995.552734
62.151, 60, 27995.998047
62.151, 60, 27996.443359
62.151, 60, 27996.888672
62.151, 60, 27997.333984
62.151, 60, 27997.777344
62.151, 60, 27998.222656
62.151, 60, 27998.667969
62.151, 60, 27999.113281
62.151, 60, 27999.558594
62.151, 60, 28000.003906
62.151, 60, 28000.449219
62.151, 60, 28000.892578
62.151, 60, 28001.337891
62.151, 60, 28001.783203
62.151, 60, 28002.228516
62.151, 60, 28002.673828
62.151, 60, 28003.119141
62.151, 60, 28003.564453
62.151, 60, 28004.007812
62.151, 60, 28004.453125
62.151, 60, 28004.898438
62.151, 60, 28005.343750
62.151, 60, 28005.789062
62.151, 60, 28006.234375
62.151, 60, 28006.679688
62.151, 60, 28007.123047
62.151, 60, 28007.568359
62.151, 60, 28008.013672
62.151, 60, 28008.458984
62.151, 60, 28008.904297
62.151, 60, 28009.349609
62.151, 60, 28009.794922
62.151, 60, 28010.238281
62.151, 60, 28010.683594
62.151, 60, 28011.128906
62.151, 60, 28011.574219
62.151, 60, 28012.019531
62.151, 60, 28012.464844
62.151, 60, 28012.910156
62.151, 60, 28013.353516
62.151, 60, 28013.798828
62.151, 60, 28014.244141
62.151, 60, 28014.689453
62.151, 60, 28015.134766
62.151, 60, 28015.580078
62.151, 60, 28016.025391
62.151, 60, 28016.468750
62.151, 60, 28016.914062
62.151, 60, 28017.359375
62.151, 60, 28017.804688
62.151, 60, 28018.250000
62.151, 60, 28018.695312
62.151, 60, 28019.140625
62.151, 60, 28019.583984
62.151, 60, 28020.029297
62.151, 60, 28020.474609
62.151, 60, 28020.919922
62.151, 60, 28021.365234
62.151, 60, 28021.810547
62.151, 60, 28022.255859
62.151, 60, 28022.699219
62.151, 60, 28023.144531
62.151, 60, 28023.589844
62.151, 60, 28024.035156
62.151, 60, 28024.480469
62.151, 60, 28024.925781
62.151, 60, 28025.371094
62.151, 60, 28025.814453
62.151, 60, 28026.259766
62.151, 60, 28026.705078
62.151, 60, 28027.150391
62.151, 60, 28027.595703
62.151, 60, 28028.041016
62.151, 60, 28028.484375
62.151, 60, 28028.929688
62.151, 60, 28029.375000
62.151, 60, 28029.820312
62.151, 60, 28030.265625
62.151, 60, 28030.710938
62.151, 60, 28031.156250
62.151, 60, 28031.599609
62.151, 60, 28032.044922
62.151, 60, 28032.490234
62.151, 60, 28032.935547
62.151, 60, 28033.380859
62.151, 60, 28033.826172
62.151, 60, 28034.271484
62.151, 60, 28034.714844
62.151, 60, 28035.160156
62.151, 60, 28035.605469
62.247, 60, 28036.050781
62.247, 60, 28036.496094
62.247, 60, 28036.941406
62.247, 60, 28037.386719
62.247, 60, 28037.830078
62.247, 60, 28038.275391
62.247, 60, 28038.720703
62.247, 60, 28039.166016
62.247, 60, 28039.611328
62.247, 60, 28040.056641
62.247, 60, 28040.501953
62.247, 60, 28040.945312
62.247, 60, 28041.390625
62.247, 60, 28041.835938
62.247, 60, 28042.281250
62.247, 60, 28042.726562
62.247, 60, 28043.171875
62.247, 60, 28043.617188
62.247, 60, 28044.060547
62.247, 60, 28044.505859
62.247, 60, 28044.951172
62.247, 60, 28045.396484
62.247, 60, 28045.841797
62.247, 60, 28046.287109
62.247, 60, 28046.732422
62.247, 60, 28047.175781
62.247, 60, 28047.621094
62.247, 60, 28048.066406
62.247, 60, 28048.511719
62.247, 60, 28048.957031
62.247, 60, 28049.402344
62.247, 60, 28049.847656
62.247, 60, 28050.291016
62.247, 60, 28050.736328
62.247, 60, 28051.181641
62.247, 60, 28051.626953
62.247, 60, 28052.072266
62.247, 60, 28052.517578
62.247, 60, 28052.962891
62.247, 60, 28053.406250
62.247, 60, 28053.851562
62.247, 60, 28054.296875
62.247, 60, 28054.742188
62.247, 60, 28055.187500
62.247, 60, 28055.632812
62.247, 60, 28056.078125
62.247, 60, 28056.521484
62.247, 60, 28056.966797
62.247, 60, 28057.412109
62.247, 60, 28057.857422
62.247, 60, 28058.302734
62.247, 60, 28058.748047
62.247, 60, 28059.193359
62.247, 60, 28059.636719
62.247, 60, 28060.082031
62.247, 60, 28060.527344
62.247, 60, 28060.972656
62.247, 60, 28061.417969
62.247, 60, 28061.863281
62.247, 60, 28062.308594
62.247, 60, 28062.751953
62.247, 60, 28063.197266
62.247, 60, 28063.642578
62.247, 60, 28064.087891
62.247, 60, 28064.533203
62.247, 60, 28064.978516
62.247, 60, 28065.423828
62.247, 60, 28065.867188
62.247, 60, 28066.312500
62.247, 60, 28066.757812
62.247, 60, 28067.203125
62.247, 60, 28067.648438
62.247, 60, 28068.093750
62.247, 60, 28068.539062
62.247, 60, 28068.982422
62.247, 60, 28069.427734
62.247, 60, 28069.873047
62.247, 60, 28070.318359
62.247, 60, 28070.763672
62.247, 60, 28071.208984
62.247, 60, 28071.654297
62.247, 60, 28072.097656
62.247, 60, 28072.542969
62.247, 60, 28072.988281
62.247, 60, 28073.433594
62.247, 60, 28073.878906
62.247, 60, 28074.324219
62.247, 60, 28074.767578
62.247, 60, 28075.212891
62.247, 60, 28075.658203
62.247, 60, 28076.103516
62.247, 60, 28076.548828
62.247, 60, 28076.994141
62.247, 60, 28077.439453
62.247, 60, 28077.882812
62.247, 60, 28078.328125
62.247, 60, 28078.773438
62.247, 60, 28079.218750
62.247, 60, 28079.664062
62.247, 60, 28080.109375
62.247, 60, 28080.554688
62.247, 60, 28080.998047
62.247, 60, 28081.443359
62.342, 60, 28081.888672
62.342, 60, 28082.333984
62.342, 60, 28082.779297
62.342, 60, 28083.224609
62.342, 60, 28083.669922
62.342, 60, 28084.113281
62.342, 60, 28084.558594
62.342, 60, 28085.003906
62.342, 60, 28085.449219
62.342, 60, 28085.894531
62.342, 60, 28086.339844
62.342, 60, 28086.785156
62.342, 60, 28087.228516
62.342, 60, 28087.673828
62.342, 60, 28088.119141
62.342, 60, 28088.564453
62.342, 60, 28089.009766
62.342, 60, 28089.455078
62.342, 60, 28089.900391
62.342, 60, 28090.343750
62.342, 60, 28090.789062
62.342, 60, 28091.234375
62.342, 60, 28091.679688
62.342, 60, 28092.125000
62.342, 60, 28092.570312
62.342, 60, 28093.015625
62.342, 60, 28093.458984
62.342, 60, 28093.904297
62.342, 60, 28094.349609
62.342, 60, 28094.794922
62.342, 60, 28095.240234
62.342, 60, 28095.685547
62.342, 60, 28096.130859
62.342, 60, 28096.574219
62.247, 60, 28097.019531
62.247, 60, 28097.464844
62.247, 60, 28097.910156
62.247, 60, 28098.355469
62.247, 60, 28098.800781
62.247, 60, 28099.246094
62.247, 60, 28099.689453
62.247, 60, 28100.134766
62.247, 60, 28100.580078
62.247, 60, 28101.025391
62.247, 60, 28101.470703
62.247, 60, 28101.916016
62.247, 60, 28102.361328
62.247, 60, 28102.804688
62.247, 60, 28103.250000
62.247, 60, 28103.695312
62.247, 60, 28104.140625
62.247, 60, 28104.585938
62.247, 60, 28105.031250
62.247, 60, 28105.476562
62.247, 60, 28105.919922
62.247, 60, 28106.365234
62.247, 60, 28106.810547
62.247, 60, 28107.255859
62.247, 60, 28107.701172
62.247, 60, 28108.146484
62.247, 60, 28108.591797
62.247, 60, 28109.035156
62.247, 60, 28109.480469
62.247, 60, 28109.925781
62.247, 60, 28110.371094
62.247, 60, 28110.816406
62.247, 60, 28111.261719
62.247, 60, 28111.707031
62.151, 60, 28112.150391
62.151, 60, 28112.595703
62.151, 60, 28113.041016
62.151, 60, 28113.486328
62.151, 60, 28113.931641
62.151, 60, 28114.376953
62.151, 60, 28114.822266
62.151, 60, 28115.265625
62.151, 60, 28115.710938
62.151, 60, 28116.156250
62.151, 60, 28116.601562
62.151, 60, 28117.046875
62.151, 60, 28117.492188
62.151, 60, 28117.937500
62.151, 60, 28118.380859
62.151, 60, 28118.826172
62.151, 60, 28119.271484
62.151, 60, 28119.716797
62.151, 60, 28120.162109
62.151, 60, 28120.607422
62.151, 60, 28121.050781
62.151, 60, 28121.496094
62.151, 60, 28121.941406
62.151, 60, 28122.386719
62.151, 60, 28122.832031
62.151, 60, 28123.277344
62.151, 60, 28123.722656
62.151, 60, 28124.166016
62.151, 60, 28124.611328
62.151, 60, 28125.056641
62.151, 60, 28125.501953
62.151, 60, 28125.947266
62.151, 60, 28126.392578
62.151, 60, 28126.837891
62.151, 60, 28127.281250
62.151, 60, 28127.726562
62.151, 60, 28128.171875
62.151, 60, 28128.617188
62.151, 60, 28129.062500
62.151, 60, 28129.507812
62.151, 60, 28129.953125
62.151, 60, 28130.396484
62.151, 60, 28130.841797
62.151, 60, 28131.287109
62.151, 60, 28131.732422
62.151, 60, 28132.177734
62.151, 60, 28132.623047
62.151, 60, 28133.068359
62.151, 60, 28133.511719
62.151, 60, 28133.957031
62.151, 60, 28134.402344
62.151, 60, 28134.847656
62.151, 60, 28135.292969
62.151, 60, 28135.738281
62.151, 60, 28136.183594
62.151, 60, 28136.626953
62.151, 60, 28137.072266
62.151, 60, 28137.517578
62.151, 60, 28137.962891
62.151, 60, 28138.408203
62.151, 60, 28138.853516
62.151, 60, 28139.298828
62.151, 60, 28139.742188
62.151, 60, 28140.187500
62.151, 60, 28140.632812
62.151, 60, 28141.078125
62.151, 60, 28141.523438
62.151, 60, 28141.968750
62.151, 60, 28142.414062
62.151, 60, 28142.857422
62.151, 60, 28143.302734
62.151, 60, 28143.748047
62.151, 60, 28144.193359
62.151, 60, 28144.638672
62.151, 60, 28145.083984
62.151, 60, 28145.529297
62.151, 60, 28145.972656
62.151, 60, 28146.417969
62.151, 60, 28146.863281
62.151, 60, 28147.308594
62.151, 60, 28147.753906
62.151, 60, 28148.199219
62.151, 60, 28148.644531
62.151, 60, 28149.087891
62.151, 60, 28149.533203
62.151, 60, 28149.978516
62.151, 60, 28150.423828
62.151, 60, 28150.869141
62.151, 60, 28151.314453
62.151, 60, 28151.759766
62.151, 60, 28152.203125
62.151, 60, 28152.648438
62.151, 60, 28153.093750
62.151, 60, 28153.539062
62.151, 60, 28153.984375
62.151, 60, 28154.429688
62.151, 60, 28154.875000
62.151, 60, 28155.318359
62.151, 60, 28155.763672
62.151, 60, 28156.208984
62.151, 60, 28156.654297
62.151, 60, 28157.099609
62.151, 60, 28157.544922
62.151, 60, 28157.990234
62.151, 60, 28158.433594
62.247, 60, 28158.878906
62.247, 60, 28159.324219
62.247, 60, 28159.769531
62.247, 60, 28160.214844
62.247, 60, 28160.660156
62.247, 60, 28161.105469
62.247, 60, 28161.548828
62.247, 60, 28161.994141
62.247, 60, 28162.439453
62.247, 60, 28162.884766
62.247, 60, 28163.330078
62.247, 60, 28163.775391
62.247, 60, 28164.220703
62.247, 60, 28164.664062
62.247, 60, 28165.109375
62.247, 60, 28165.554688
62.247, 60, 28166.000000
62.247, 60, 28166.445312
62.247, 60, 28166.890625
62.247, 60, 28167.333984
62.247, 60, 28167.779297
62.247, 60, 28168.224609
62.247, 60, 28168.669922
62.247, 60, 28169.115234
62.247, 60, 28169.560547
62.247, 60, 28170.005859
62.247, 60, 28170.449219
62.247, 60, 28170.894531
62.247, 60, 28171.339844
62.247, 60, 28171.785156
62.247, 60, 28172.230469
62.247, 60, 28172.675781
62.247, 60, 28173.121094
62.247, 60, 28173.564453
62.247, 60, 28174.009766
62.151, 60, 28174.455078
62.151, 60, 28174.900391
62.151, 60, 28175.345703
62.151, 60, 28175.791016
62.151, 60, 28176.236328
62.151, 60, 28176.679688
62.151, 60, 28177.125000
62.151, 60, 28177.570312
62.151, 60, 28178.015625
62.151, 60, 28178.460938
62.151, 60, 28178.906250
62.151, 60, 28179.351562
62.151, 60, 28179.794922
62.151, 60, 28180.240234
62.151, 60, 28180.685547
62.151, 60, 28181.130859
62.151, 60, 28181.576172
62.151, 60, 28182.021484
62.151, 60, 28182.466797
62.151, 60, 28182.910156
62.151, 60, 28183.355469
62.151, 60, 28183.800781
62.151, 60, 28184.246094
62.151, 60, 28184.691406
62.151, 60, 28185.136719
62.151, 60, 28185.582031
62.151, 60, 28186.025391
62.151, 60, 28186.470703
62.151, 60, 28186.916016
62.151, 60, 28187.361328
62.151, 60, 28187.806641
62.151, 60, 28188.251953
62.151, 60, 28188.697266
62.151, 60, 28189.140625
62.151, 60, 28189.585938
62.151, 60, 28190.031250
62.151, 60, 28190.476562
62.151, 60, 28190.921875
62.151, 60, 28191.367188
62.151, 60, 28191.812500
62.151, 60, 28192.255859
62.151, 60, 28192.701172
62.151, 60, 28193.146484
62.151, 60, 28193.591797
62.151, 60, 28194.037109
62.151, 60, 28194.482422
62.151, 60, 28194.927734
62.151, 60, 28195.371094
62.151, 60, 28195.816406
62.151, 60, 28196.261719
62.151, 60, 28196.707031
62.151, 60, 28197.152344
62.151, 60, 28197.597656
62.151, 60, 28198.042969
62.151, 60, 28198.486328
62.151, 60, 28198.931641
62.151, 60, 28199.376953
62.151, 60, 28199.822266
62.151, 60, 28200.267578
62.151, 60, 28200.712891
62.151, 60, 28201.158203
62.151, 60, 28201.601562
62.151, 60, 28202.046875
62.151, 60, 28202.492188
62.151, 60, 28202.937500
62.151, 60, 28203.382812
62.151, 60, 28203.828125
62.151, 60, 28204.273438
62.151, 60, 28204.716797
62.151, 60, 28205.162109
62.247, 60, 28205.607422
62.247, 60, 28206.052734
62.247, 60, 28206.498047
62.247, 60, 28206.943359
62.247, 60, 28207.388672
62.247, 60, 28207.832031
62.247, 60, 28208.277344
62.247, 60, 28208.722656
62.247, 60, 28209.167969
62.247, 60, 28209.613281
62.247, 60, 28210.058594
62.247, 60, 28210.503906
62.247, 60, 28210.947266
62.247, 60, 28211.392578
62.247, 60, 28211.837891
62.247, 60, 28212.283203
62.247, 60, 28212.728516
62.247, 60, 28213.173828
62.247, 60, 28213.617188
62.247, 60, 28214.062500
62.247, 60, 28214.507812
62.247, 60, 28214.953125
62.247, 60, 28215.398438
62.247, 60, 28215.843750
62.247, 60, 28216.289062
62.247, 60, 28216.732422
62.247, 60, 28217.177734
62.247, 60, 28217.623047
62.247, 60, 28218.068359
62.247, 60, 28218.513672
62.247, 60, 28218.958984
62.247, 60, 28219.404297
62.247, 60, 28219.847656
62.247, 60, 28220.292969
62.247, 60, 28220.738281
62.247, 60, 28221.183594
62.247, 60, 28221.628906
62.247, 60, 28222.074219
62.247, 60, 28222.519531
62.247, 60, 28222.962891
62.247, 60, 28223.408203
62.247, 60, 28223.853516
62.247, 60, 28224.298828
62.247, 60, 28224.744141
62.247, 60, 28225.189453
62.247, 60, 28225.634766
62.247, 60, 28226.078125
62.247, 60, 28226.523438
62.247, 60, 28226.968750
62.247, 60, 28227.414062
62.247, 60, 28227.859375
62.247, 60, 28228.304688
62.247, 60, 28228.750000
62.247, 60, 28229.193359
62.247, 60, 28229.638672
62.247, 60, 28230.083984
62.247, 60, 28230.529297
62.247, 60, 28230.974609
62.247, 60, 28231.419922
62.247, 60, 28231.865234
62.247, 60, 28232.308594
62.247, 60, 28232.753906
62.247, 60, 28233.199219
62.247, 60, 28233.644531
62.247, 60, 28234.089844
62.247, 60, 28234.535156
62.247, 60, 28234.980469
62.247, 60, 28235.423828
62.247, 60, 28235.869141
62.247, 60, 28236.314453
62.247, 60, 28236.759766
62.247, 60, 28237.205078
62.247, 60, 28237.650391
62.247, 60, 28238.095703
62.247, 60, 28238.539062
62.247, 60, 28238.984375
62.247, 60, 28239.429688
62.247, 60, 28239.875000
62.247, 60, 28240.320312
62.247, 60, 28240.765625
62.247, 60, 28241.210938
62.247, 60, 28241.654297
62.247, 60, 28242.099609
62.247, 60, 28242.544922
62.247, 60, 28242.990234
62.247, 60, 28243.435547
62.247, 60, 28243.880859
62.247, 60, 28244.326172
62.247, 60, 28244.769531
62.247, 60, 28245.214844
62.247, 60, 28245.660156
62.247, 60, 28246.105469
62.247, 60, 28246.550781
62.247, 60, 28246.996094
62.247, 60, 28247.441406
62.247, 60, 28247.884766
62.247, 60, 28248.330078
62.247, 60, 28248.775391
62.247, 60, 28249.220703
62.247, 60, 28249.666016
62.247, 60, 28250.111328
62.247, 60, 28250.556641
62.247, 60, 28251.000000
62.247, 60, 28251.445312
62.342, 60, 28251.890625
62.342, 60, 28252.335938
62.342, 60, 28252.781250
62.342, 60, 28253.226562
62.342, 60, 28253.671875
62.342, 60, 28254.115234
62.342, 60, 28254.560547
62.342, 60, 28255.005859
62.342, 60, 28255.451172
62.342, 60, 28255.896484
62.342, 60, 28256.341797
62.342, 60, 28256.787109
62.342, 60, 28257.230469
62.342, 60, 28257.675781
62.342, 60, 28258.121094
62.342, 60, 28258.566406
62.342, 60, 28259.011719
62.342, 60, 28259.457031
62.342, 60, 28259.902344
62.342, 60, 28260.345703
62.342, 60, 28260.791016
62.342, 60, 28261.236328
62.342, 60, 28261.681641
62.342, 60, 28262.126953
62.342, 60, 28262.572266
62.342, 60, 28263.015625
62.342, 60, 28263.460938
62.342, 60, 28263.906250
62.342, 60, 28264.351562
62.342, 60, 28264.796875
62.342, 60, 28265.242188
62.342, 60, 28265.687500
62.342, 60, 28266.130859
62.342, 60, 28266.576172
62.342, 60, 28267.021484
62.247, 60, 28267.466797
62.247, 60, 28267.912109
62.247, 60, 28268.357422
62.247, 60, 28268.802734
62.247, 60, 28269.246094
62.247, 60, 28269.691406
62.247, 60, 28270.136719
62.247, 60, 28270.582031
62.247, 60, 28271.027344
62.247, 60, 28271.472656
62.247, 60, 28271.917969
62.247, 60, 28272.361328
62.247, 60, 28272.806641
62.247, 60, 28273.251953
62.247, 60, 28273.697266
62.247, 60, 28274.142578
62.247, 60, 28274.587891
62.247, 60, 28275.033203
62.247, 60, 28275.476562
62.247, 60, 28275.921875
62.247, 60, 28276.367188
62.247, 60, 28276.812500
62.247, 60, 28277.257812
62.247, 60, 28277.703125
62.247, 60, 28278.148438
62.247, 60, 28278.591797
62.247, 60, 28279.037109
62.247, 60, 28279.482422
62.247, 60, 28279.927734
62.247, 60, 28280.373047
62.247, 60, 28280.818359
62.247, 60, 28281.263672
62.247, 60, 28281.707031
62.247, 60, 28282.152344
62.247, 60, 28282.597656
62.247, 60, 28283.042969
62.247, 60, 28283.488281
62.247, 60, 28283.933594
62.247, 60, 28284.378906
62.247, 60, 28284.822266
62.247, 60, 28285.267578
62.247, 60, 28285.712891
62.247, 60, 28286.158203
62.247, 60, 28286.603516
62.247, 60, 28287.048828
62.247, 60, 28287.494141
62.247, 60, 28287.937500
62.247, 60, 28288.382812
62.247, 60, 28288.828125
62.247, 60, 28289.273438
62.247, 60, 28289.718750
62.247, 60, 28290.164062
62.247, 60, 28290.609375
62.247, 60, 28291.052734
62.247, 60, 28291.498047
62.247, 60, 28291.943359
62.247, 60, 28292.388672
62.247, 60, 28292.833984
62.247, 60, 28293.279297
62.247, 60, 28293.724609
62.247, 60, 28294.167969
62.247, 60, 28294.613281
62.247, 60, 28295.058594
62.247, 60, 28295.503906
62.247, 60, 28295.949219
62.247, 60, 28296.394531
62.247, 60, 28296.839844
62.247, 60, 28297.283203
62.342, 60, 28297.728516
62.342, 60, 28298.173828
62.342, 60, 28298.619141
62.342, 60, 28299.064453
62.342, 60, 28299.509766
62.342, 60, 28299.955078
62.342, 60, 28300.398438
62.342, 60, 28300.843750
62.342, 60, 28301.289062
62.342, 60, 28301.734375
62.342, 60, 28302.179688
62.342, 60, 28302.625000
62.342, 60, 28303.070312
62.342, 60, 28303.513672
62.342, 60, 28303.958984
62.342, 60, 28304.404297
62.342, 60, 28304.849609
62.342, 60, 28305.294922
62.342, 60, 28305.740234
62.342, 60, 28306.185547
62.342, 60, 28306.628906
62.342, 60, 28307.074219
62.342, 60, 28307.519531
62.342, 60, 28307.964844
62.342, 60, 28308.410156
62.342, 60, 28308.855469
62.342, 60, 28309.298828
62.342, 60, 28309.744141
62.342, 60, 28310.189453
62.342, 60, 28310.634766
62.342, 60, 28311.080078
62.342, 60, 28311.525391
62.342, 60, 28311.970703
62.342, 60, 28312.414062
62.342, 60, 28312.859375
62.342, 60, 28313.304688
62.342, 60, 28313.750000
62.342, 60, 28314.195312
62.342, 60, 28314.640625
62.342, 60, 28315.085938
62.342, 60, 28315.529297
62.342, 60, 28315.974609
62.342, 60, 28316.419922
62.342, 60, 28316.865234
62.342, 60, 28317.310547
62.342, 60, 28317.755859
62.342, 60, 28318.201172
62.342, 60, 28318.644531
62.342, 60, 28319.089844
62.342, 60, 28319.535156
62.342, 60, 28319.980469
62.342, 60, 28320.425781
62.342, 60, 28320.871094
62.342, 60, 28321.316406
62.342, 60, 28321.759766
62.342, 60, 28322.205078
62.342, 60, 28322.650391
62.342, 60, 28323.095703
62.342, 60, 28323.541016
62.342, 60, 28323.986328
62.342, 60, 28324.431641
62.342, 60, 28324.875000
62.342, 60, 28325.320312
62.342, 60, 28325.765625
62.342, 60, 28326.210938
62.342, 60, 28326.656250
62.342, 60, 28327.101562
62.342, 60, 28327.546875
62.342, 60, 28327.990234
62.342, 60, 28328.435547
62.342, 60, 28328.880859
62.342, 60, 28329.326172
62.342, 60, 28329.771484
62.342, 60, 28330.216797
62.342, 60, 28330.662109
62.342, 60, 28331.105469
62.342, 60, 28331.550781
62.342, 60, 28331.996094
62.342, 60, 28332.441406
62.342, 60, 28332.886719
62.342, 60, 28333.332031
62.342, 60, 28333.777344
62.342, 60, 28334.220703
62.342, 60, 28334.666016
62.342, 60, 28335.111328
62.342, 60, 28335.556641
62.342, 60, 28336.001953
62.342, 60, 28336.447266
62.342, 60, 28336.892578
62.342, 60, 28337.335938
62.342, 60, 28337.781250
62.342, 60, 28338.226562
62.342, 60, 28338.671875
62.342, 60, 28339.117188
62.342, 60, 28339.562500
62.342, 60, 28340.007812
62.342, 60, 28340.451172
62.342, 60, 28340.896484
62.342, 60, 28341.341797
62.342, 60, 28341.787109
62.342, 60, 28342.232422
62.342, 60, 28342.677734
62.342, 60, 28343.123047
62.342, 60, 28343.566406
62.342, 60, 28344.011719
62.342, 60, 28344.457031
62.342, 60, 28344.902344
62.342, 60, 28345.347656
62.342, 60, 28345.792969
62.342, 60, 28346.238281
62.342, 60, 28346.681641
62.342, 60, 28347.126953
62.342, 60, 28347.572266
62.342, 60, 28348.017578
62.342, 60, 28348.462891
62.342, 60, 28348.908203
62.342, 60, 28349.353516
62.342, 60, 28349.796875
62.342, 60, 28350.242188
62.342, 60, 28350.687500
62.342, 60, 28351.132812
62.342, 60, 28351.578125
62.342, 60, 28352.023438
62.342, 60, 28352.468750
62.342, 60, 28352.912109
62.342, 60, 28353.357422
62.342, 60, 28353.802734
62.342, 60, 28354.248047
62.342, 60, 28354.693359
62.342, 60, 28355.138672
62.342, 60, 28355.582031
62.342, 60, 28356.027344
62.342, 60, 28356.472656
62.342, 60, 28356.917969
62.342, 60, 28357.363281
62.342, 60, 28357.808594
62.342, 60, 28358.253906
62.342, 60, 28358.697266
62.436, 60, 28359.142578
62.436, 60, 28359.587891
62.436, 60, 28360.033203
62.436, 60, 28360.478516
62.436, 60, 28360.923828
62.436, 60, 28361.369141
62.436, 60, 28361.812500
62.436, 60, 28362.257812
62.436, 60, 28362.703125
62.436, 60, 28363.148438
62.436, 60, 28363.593750
62.436, 60, 28364.039062
62.436, 60, 28364.484375
62.436, 60, 28364.927734
62.436, 60, 28365.373047
62.436, 60, 28365.818359
62.436, 60, 28366.263672
62.436, 60, 28366.708984
62.436, 60, 28367.154297
62.436, 60, 28367.599609
62.436, 60, 28368.042969
62.436, 60, 28368.488281
62.436, 60, 28368.933594
62.436, 60, 28369.378906
62.436, 60, 28369.824219
62.436, 60, 28370.269531
62.436, 60, 28370.714844
62.436, 60, 28371.158203
62.436, 60, 28371.603516
62.436, 60, 28372.048828
62.436, 60, 28372.494141
62.436, 60, 28372.939453
62.436, 60, 28373.384766
62.436, 60, 28373.830078
62.531, 60, 28374.273438
62.531, 60, 28374.718750
62.531, 60, 28375.164062
62.531, 60, 28375.609375
62.531, 60, 28376.054688
62.531, 60, 28376.500000
62.531, 60, 28376.945312
62.531, 60, 28377.388672
62.531, 60, 28377.833984
62.531, 60, 28378.279297
62.531, 60, 28378.724609
62.531, 60, 28379.169922
62.531, 60, 28379.615234
62.531, 60, 28380.060547
62.531, 60, 28380.503906
62.531, 60, 28380.949219
62.531, 60, 28381.394531
62.531, 60, 28381.839844
62.531, 60, 28382.285156
62.531, 60, 28382.730469
62.531, 60, 28383.175781
62.531, 60, 28383.619141
62.531, 60, 28384.064453
62.531, 60, 28384.509766
62.531, 60, 28384.955078
62.531, 60, 28385.400391
62.531, 60, 28385.845703
62.531, 60, 28386.291016
62.531, 60, 28386.734375
62.531, 60, 28387.179688
62.531, 60, 28387.625000
62.531, 60, 28388.070312
62.531, 60, 28388.515625
62.531, 60, 28388.960938
62.531, 60, 28389.406250
62.531, 60, 28389.849609
62.531, 60, 28390.294922
62.531, 60, 28390.740234
62.531, 60, 28391.185547
62.531, 60, 28391.630859
62.531, 60, 28392.076172
62.531, 60, 28392.521484
62.531, 60, 28392.964844
62.531, 60, 28393.410156
62.531, 60, 28393.855469
62.531, 60, 28394.300781
62.531, 60, 28394.746094
62.531, 60, 28395.191406
62.531, 60, 28395.636719
62.531, 60, 28396.080078
62.531, 60, 28396.525391
62.531, 60, 28396.970703
62.531, 60, 28397.416016
62.531, 60, 28397.861328
62.531, 60, 28398.306641
62.531, 60, 28398.751953
62.531, 60, 28399.195312
62.531, 60, 28399.640625
62.531, 60, 28400.085938
62.531, 60, 28400.531250
62.531, 60, 28400.976562
62.531, 60, 28401.421875
62.531, 60, 28401.865234
62.531, 60, 28402.310547
62.531, 60, 28402.755859
62.531, 60, 28403.201172
62.531, 60, 28403.646484
62.531, 60, 28404.091797
62.531, 60, 28404.537109
62.247, 60, 28404.980469
62.247, 60, 28405.425781
62.247, 60, 28405.871094
62.247, 60, 28406.316406
62.247, 60, 28406.761719
62.247, 60, 28407.207031
62.247, 60, 28407.652344
62.247, 60, 28408.095703
62.247, 60, 28408.541016
62.247, 60, 28408.986328
62.247, 60, 28409.431641
62.247, 60, 28409.876953
62.247, 60, 28410.322266
62.247, 60, 28410.767578
62.247, 60, 28411.210938
62.247, 60, 28411.656250
62.247, 60, 28412.101562
62.247, 60, 28412.546875
62.247, 60, 28412.992188
62.247, 60, 28413.437500
62.247, 60, 28413.882812
62.247, 60, 28414.326172
62.247, 60, 28414.771484
62.247, 60, 28415.216797
62.247, 60, 28415.662109
62.247, 60, 28416.107422
62.247, 60, 28416.552734
62.247, 60, 28416.998047
62.247, 60, 28417.441406
62.247, 60, 28417.886719
62.247, 60, 28418.332031
62.247, 60, 28418.777344
62.247, 60, 28419.222656
62.247, 60, 28419.667969
62.247, 60, 28420.113281
62.151, 60, 28420.556641
62.151, 60, 28421.001953
62.151, 60, 28421.447266
62.151, 60, 28421.892578
62.151, 60, 28422.337891
62.151, 60, 28422.783203
62.151, 60, 28423.228516
62.151, 60, 28423.671875
62.151, 60, 28424.117188
62.151, 60, 28424.562500
62.151, 60, 28425.007812
62.151, 60, 28425.453125
62.151, 60, 28425.898438
62.151, 60, 28426.343750
62.151, 60, 28426.787109
62.151, 60, 28427.232422
62.151, 60, 28427.677734
62.151, 60, 28428.123047
62.151, 60, 28428.568359
62.151, 60, 28429.013672
62.151, 60, 28429.458984
62.151, 60, 28429.902344
62.151, 60, 28430.347656
62.151, 60, 28430.792969
62.151, 60, 28431.238281
62.151, 60, 28431.683594
62.151, 60, 28432.128906
62.151, 60, 28432.574219
62.151, 60, 28433.017578
62.151, 60, 28433.462891
62.151, 60, 28433.908203
62.151, 60, 28434.353516
62.151, 60, 28434.798828
62.151, 60, 28435.244141
62.056, 60, 28435.689453
62.056, 60, 28436.132812
62.056, 60, 28436.578125
62.056, 60, 28437.023438
62.056, 60, 28437.468750
62.056, 60, 28437.914062
62.056, 60, 28438.359375
62.056, 60, 28438.804688
62.056, 60, 28439.248047
62.056, 60, 28439.693359
62.056, 60, 28440.138672
62.056, 60, 28440.583984
62.056, 60, 28441.029297
62.056, 60, 28441.474609
62.056, 60, 28441.919922
62.056, 60, 28442.363281
62.056, 60, 28442.808594
62.056, 60, 28443.253906
62.056, 60, 28443.699219
62.056, 60, 28444.144531
62.056, 60, 28444.589844
62.056, 60, 28445.035156
62.056, 60, 28445.478516
62.056, 60, 28445.923828
62.056, 60, 28446.369141
62.056, 60, 28446.814453
62.056, 60, 28447.259766
62.056, 60, 28447.705078
62.056, 60, 28448.148438
62.056, 60, 28448.593750
62.056, 60, 28449.039062
62.056, 60, 28449.484375
62.056, 60, 28449.929688
62.056, 60, 28450.375000
62.056, 60, 28450.820312
62.056, 60, 28451.263672
62.056, 60, 28451.708984
62.056, 60, 28452.154297
62.056, 60, 28452.599609
62.056, 60, 28453.044922
62.056, 60, 28453.490234
62.056, 60, 28453.935547
62.056, 60, 28454.378906
62.056, 60, 28454.824219
62.056, 60, 28455.269531
62.056, 60, 28455.714844
62.056, 60, 28456.160156
62.056, 60, 28456.605469
62.056, 60, 28457.050781
62.056, 60, 28457.494141
62.056, 60, 28457.939453
62.056, 60, 28458.384766
62.056, 60, 28458.830078
62.056, 60, 28459.275391
62.056, 60, 28459.720703
62.056, 60, 28460.166016
62.056, 60, 28460.609375
62.056, 60, 28461.054688
62.056, 60, 28461.500000
62.056, 60, 28461.945312
62.056, 60, 28462.390625
62.056, 60, 28462.835938
62.056, 60, 28463.281250
62.056, 60, 28463.724609
62.056, 60, 28464.169922
62.056, 60, 28464.615234
62.056, 60, 28465.060547
62.056, 60, 28465.505859
62.056, 60, 28465.951172
62.056, 60, 28466.396484
62.056, 60, 28466.839844
62.056, 60, 28467.285156
62.056, 60, 28467.730469
62.056, 60, 28468.175781
62.056, 60, 28468.621094
62.056, 60, 28469.066406
62.056, 60, 28469.511719
62.056, 60, 28469.955078
62.056, 60, 28470.400391
62.056, 60, 28470.845703
62.056, 60, 28471.291016
62.056, 60, 28471.736328
62.056, 60, 28472.181641
62.056, 60, 28472.626953
62.056, 60, 28473.070312
62.056, 60, 28473.515625
62.056, 60, 28473.960938
62.056, 60, 28474.406250
62.056, 60, 28474.851562
62.056, 60, 28475.296875
62.056, 60, 28475.742188
62.056, 60, 28476.185547
62.056, 60, 28476.630859
62.056, 60, 28477.076172
62.056, 60, 28477.521484
62.056, 60, 28477.966797
62.056, 60, 28478.412109
62.056, 60, 28478.857422
62.056, 60, 28479.300781
62.056, 60, 28479.746094
62.056, 60, 28480.191406
62.056, 60, 28480.636719
62.056, 60, 28481.082031
62.056, 60, 28481.527344
62.056, 60, 28481.972656
62.056, 60, 28482.416016
62.056, 60, 28482.861328
62.056, 60, 28483.306641
62.056, 60, 28483.751953
62.056, 60, 28484.197266
62.056, 60, 28484.642578
62.056, 60, 28485.087891
62.056, 60, 28485.531250
62.056, 60, 28485.976562
62.056, 60, 28486.421875
62.056, 60, 28486.867188
62.056, 60, 28487.312500
62.056, 60, 28487.757812
62.056, 60, 28488.203125
62.056, 60, 28488.646484
62.056, 60, 28489.091797
62.056, 60, 28489.537109
62.056, 60, 28489.982422
62.056, 60, 28490.427734
62.056, 60, 28490.873047
62.056, 60, 28491.318359
62.056, 60, 28491.761719
62.056, 60, 28492.207031
62.056, 60, 28492.652344
62.056, 60, 28493.097656
62.056, 60, 28493.542969
62.056, 60, 28493.988281
62.056, 60, 28494.431641
62.056, 60, 28494.876953
62.056, 60, 28495.322266
62.056, 60, 28495.767578
62.056, 60, 28496.212891
62.056, 60, 28496.658203
61.961, 60, 28497.103516
61.961, 60, 28497.546875
61.961, 60, 28497.992188
61.961, 60, 28498.437500
61.961, 60, 28498.882812
61.961, 60, 28499.328125
61.961, 60, 28499.773438
61.961, 60, 28500.218750
61.961, 60, 28500.662109
61.961, 60, 28501.107422
61.961, 60, 28501.552734
61.961, 60, 28501.998047
61.961, 60, 28502.443359
61.961, 60, 28502.888672
61.961, 60, 28503.333984
61.961, 60, 28503.777344
61.961, 60, 28504.222656
61.961, 60, 28504.667969
61.961, 60, 28505.113281
61.961, 60, 28505.558594
61.961, 60, 28506.003906
61.961, 60, 28506.449219
61.961, 60, 28506.892578
61.961, 60, 28507.337891
61.961, 60, 28507.783203
61.961, 60, 28508.228516
61.961, 60, 28508.673828
61.961, 60, 28509.119141
61.961, 60, 28509.564453
61.961, 60, 28510.007812
61.961, 60, 28510.453125
61.961, 60, 28510.898438
61.961, 60, 28511.343750
61.961, 60, 28511.789062
61.961, 60, 28512.234375
62.056, 60, 28512.679688
62.056, 60, 28513.123047
62.056, 60, 28513.568359
62.056, 60, 28514.013672
62.056, 60, 28514.458984
62.056, 60, 28514.904297
62.056, 60, 28515.349609
62.056, 60, 28515.794922
62.056, 60, 28516.238281
62.056, 60, 28516.683594
62.056, 60, 28517.128906
62.056, 60, 28517.574219
62.056, 60, 28518.019531
62.056, 60, 28518.464844
62.056, 60, 28518.910156
62.056, 60, 28519.353516
62.056, 60, 28519.798828
62.056, 60, 28520.244141
62.056, 60, 28520.689453
62.056, 60, 28521.134766
62.056, 60, 28521.580078
62.056, 60, 28522.025391
62.056, 60, 28522.468750
62.056, 60, 28522.914062
62.056, 60, 28523.359375
62.056, 60, 28523.804688
62.056, 60, 28524.250000
62.056, 60, 28524.695312
62.056, 60, 28525.140625
62.056, 60, 28525.583984
62.056, 60, 28526.029297
62.056, 60, 28526.474609
62.056, 60, 28526.919922
62.056, 60, 28527.365234
62.056, 60, 28527.810547
62.056, 60, 28528.255859
62.056, 60, 28528.699219
62.056, 60, 28529.144531
62.056, 60, 28529.589844
62.056, 60, 28530.035156
62.056, 60, 28530.480469
62.056, 60, 28530.925781
62.056, 60, 28531.371094
62.056, 60, 28531.814453
62.056, 60, 28532.259766
62.056, 60, 28532.705078
62.056, 60, 28533.150391
62.056, 60, 28533.595703
62.056, 60, 28534.041016
62.056, 60, 28534.486328
62.056, 60, 28534.929688
62.056, 60, 28535.375000
62.056, 60, 28535.820312
62.056, 60, 28536.265625
62.056, 60, 28536.710938
62.056, 60, 28537.156250
62.056, 60, 28537.601562
62.056, 60, 28538.044922
62.056, 60, 28538.490234
62.056, 60, 28538.935547
62.056, 60, 28539.380859
62.056, 60, 28539.826172
62.056, 60, 28540.271484
62.056, 60, 28540.714844
62.056, 60, 28541.160156
62.056, 60, 28541.605469
62.056, 60, 28542.050781
62.056, 60, 28542.496094
62.151, 60, 28542.941406
62.151, 60, 28543.386719
62.151, 60, 28543.830078
62.151, 60, 28544.275391
62.151, 60, 28544.720703
62.151, 60, 28545.166016
62.151, 60, 28545.611328
62.151, 60, 28546.056641
62.151, 60, 28546.501953
62.151, 60, 28546.945312
62.151, 60, 28547.390625
62.151, 60, 28547.835938
62.151, 60, 28548.281250
62.151, 60, 28548.726562
62.151, 60, 28549.171875
62.151, 60, 28549.617188
62.151, 60, 28550.060547
62.151, 60, 28550.505859
62.151, 60, 28550.951172
62.151, 60, 28551.396484
62.151, 60, 28551.841797
62.151, 60, 28552.287109
62.151, 60, 28552.732422
62.151, 60, 28553.175781
62.151, 60, 28553.621094
62.151, 60, 28554.066406
62.151, 60, 28554.511719
62.151, 60, 28554.957031
62.151, 60, 28555.402344
62.151, 60, 28555.847656
62.151, 60, 28556.291016
62.151, 60, 28556.736328
62.151, 60, 28557.181641
62.151, 60, 28557.626953
62.151, 60, 28558.072266
62.151, 60, 28558.517578
62.151, 60, 28558.962891
62.151, 60, 28559.406250
62.151, 60, 28559.851562
62.151, 60, 28560.296875
62.151, 60, 28560.742188
62.151, 60, 28561.187500
62.151, 60, 28561.632812
62.151, 60, 28562.078125
62.151, 60, 28562.521484
62.151, 60, 28562.966797
62.151, 60, 28563.412109
62.151, 60, 28563.857422
62.151, 60, 28564.302734
62.151, 60, 28564.748047
62.151, 60, 28565.193359
62.151, 60, 28565.636719
62.151, 60, 28566.082031
62.151, 60, 28566.527344
62.151, 60, 28566.972656
62.151, 60, 28567.417969
62.151, 60, 28567.863281
62.151, 60, 28568.308594
62.151, 60, 28568.751953
62.151, 60, 28569.197266
62.151, 60, 28569.642578
62.151, 60, 28570.087891
62.151, 60, 28570.533203
62.151, 60, 28570.978516
62.151, 60, 28571.423828
62.151, 60, 28571.867188
62.151, 60, 28572.312500
62.151, 60, 28572.757812
62.151, 60, 28573.203125
62.151, 60, 28573.648438
62.151, 60, 28574.093750
62.151, 60, 28574.539062
62.151, 60, 28574.982422
62.151, 60, 28575.427734
62.151, 60, 28575.873047
62.151, 60, 28576.318359
62.151, 60, 28576.763672
62.151, 60, 28577.208984
62.151, 60, 28577.654297
62.151, 60, 28578.097656
62.151, 60, 28578.542969
62.151, 60, 28578.988281
62.151, 60, 28579.433594
62.151, 60, 28579.878906
62.151, 60, 28580.324219
62.151, 60, 28580.769531
62.151, 60, 28581.212891
62.151, 60, 28581.658203
62.151, 60, 28582.103516
62.151, 60, 28582.548828
62.151, 60, 28582.994141
62.151, 60, 28583.439453
62.151, 60, 28583.884766
62.151, 60, 28584.328125
62.151, 60, 28584.773438
62.151, 60, 28585.218750
62.151, 60, 28585.664062
62.151, 60, 28586.109375
62.151, 60, 28586.554688
62.151, 60, 28586.998047
62.151, 60, 28587.443359
62.151, 60, 28587.888672
62.151, 60, 28588.333984
62.151, 60, 28588.779297
62.151, 60, 28589.224609
62.056, 60, 28589.669922
62.056, 60, 28590.113281
62.056, 60, 28590.558594
62.056, 60, 28591.003906
62.056, 60, 28591.449219
62.056, 60, 28591.894531
62.056, 60, 28592.339844
62.056, 60, 28592.785156
62.056, 60, 28593.228516
62.056, 60, 28593.673828
62.056, 60, 28594.119141
62.056, 60, 28594.564453
62.056, 60, 28595.009766
62.056, 60, 28595.455078
62.056, 60, 28595.900391
62.056, 60, 28596.343750
62.056, 60, 28596.789062
62.056, 60, 28597.234375
62.056, 60, 28597.679688
62.056, 60, 28598.125000
62.056, 60, 28598.570312
62.056, 60, 28599.015625
62.056, 60, 28599.458984
62.056, 60, 28599.904297
62.056, 60, 28600.349609
62.056, 60, 28600.794922
62.056, 60, 28601.240234
62.056, 60, 28601.685547
62.056, 60, 28602.130859
62.056, 60, 28602.574219
62.056, 60, 28603.019531
62.056, 60, 28603.464844
62.056, 60, 28603.910156
62.056, 60, 28604.355469
62.056, 60, 28604.800781
62.056, 60, 28605.246094
62.056, 60, 28605.689453
62.056, 60, 28606.134766
62.056, 60, 28606.580078
62.056, 60, 28607.025391
62.056, 60, 28607.470703
62.056, 60, 28607.916016
62.056, 60, 28608.361328
62.056, 60, 28608.804688
62.056, 60, 28609.250000
62.056, 60, 28609.695312
62.056, 60, 28610.140625
62.056, 60, 28610.585938
62.056, 60, 28611.031250
62.056, 60, 28611.476562
62.056, 60, 28611.919922
62.056, 60, 28612.365234
62.056, 60, 28612.810547
62.056, 60, 28613.255859
62.056, 60, 28613.701172
62.056, 60, 28614.146484
62.056, 60, 28614.591797
62.056, 60, 28615.035156
62.056, 60, 28615.480469
62.056, 60, 28615.925781
62.056, 60, 28616.371094
62.056, 60, 28616.816406
62.056, 60, 28617.261719
62.056, 60, 28617.707031
62.056, 60, 28618.150391
62.056, 60, 28618.595703
62.056, 60, 28619.041016
62.056, 60, 28619.486328
62.056, 60, 28619.931641
62.056, 60, 28620.376953
62.151, 60, 28620.822266
62.151, 60, 28621.265625
62.151, 60, 28621.710938
62.151, 60, 28622.156250
62.151, 60, 28622.601562
62.151, 60, 28623.046875
62.151, 60, 28623.492188
62.151, 60, 28623.937500
62.151, 60, 28624.380859
62.151, 60, 28624.826172
62.151, 60, 28625.271484
62.151, 60, 28625.716797
62.151, 60, 28626.162109
62.151, 60, 28626.607422
62.151, 60, 28627.052734
62.151, 60, 28627.496094
62.151, 60, 28627.941406
62.151, 60, 28628.386719
62.151, 60, 28628.832031
62.151, 60, 28629.277344
62.151, 60, 28629.722656
62.151, 60, 28630.167969
62.151, 60, 28630.611328
62.151, 60, 28631.056641
62.151, 60, 28631.501953
62.151, 60, 28631.947266
62.151, 60, 28632.392578
62.151, 60, 28632.837891
62.151, 60, 28633.281250
62.151, 60, 28633.726562
62.151, 60, 28634.171875
62.151, 60, 28634.617188
62.151, 60, 28635.062500
62.151, 60, 28635.507812
62.151, 60, 28635.953125
62.151, 60, 28636.396484
62.151, 60, 28636.841797
62.151, 60, 28637.287109
62.151, 60, 28637.732422
62.151, 60, 28638.177734
62.151, 60, 28638.623047
62.151, 60, 28639.068359
62.151, 60, 28639.511719
62.151, 60, 28639.957031
62.151, 60, 28640.402344
62.151, 60, 28640.847656
62.151, 60, 28641.292969
62.151, 60, 28641.738281
62.151, 60, 28642.183594
62.151, 60, 28642.626953
62.151, 60, 28643.072266
62.151, 60, 28643.517578
62.151, 60, 28643.962891
62.151, 60, 28644.408203
62.151, 60, 28644.853516
62.151, 60, 28645.298828
62.151, 60, 28645.742188
62.151, 60, 28646.187500
62.151, 60, 28646.632812
62.151, 60, 28647.078125
62.151, 60, 28647.523438
62.151, 60, 28647.968750
62.151, 60, 28648.414062
62.151, 60, 28648.857422
62.151, 60, 28649.302734
62.151, 60, 28649.748047
62.151, 60, 28650.193359
62.151, 60, 28650.638672
62.151, 60, 28651.083984
62.151, 60, 28651.529297
62.151, 60, 28651.972656
62.151, 60, 28652.417969
62.151, 60, 28652.863281
62.151, 60, 28653.308594
62.151, 60, 28653.753906
62.151, 60, 28654.199219
62.151, 60, 28654.644531
62.151, 60, 28655.087891
62.151, 60, 28655.533203
62.151, 60, 28655.978516
62.151, 60, 28656.423828
62.151, 60, 28656.869141
62.151, 60, 28657.314453
62.151, 60, 28657.759766
62.151, 60, 28658.203125
62.151, 60, 28658.648438
62.151, 60, 28659.093750
62.151, 60, 28659.539062
62.151, 60, 28659.984375
62.151, 60, 28660.429688
62.151, 60, 28660.875000
62.151, 60, 28661.318359
62.151, 60, 28661.763672
62.151, 60, 28662.208984
62.151, 60, 28662.654297
62.151, 60, 28663.099609
62.151, 60, 28663.544922
62.151, 60, 28663.990234
62.151, 60, 28664.433594
62.151, 60, 28664.878906
62.151, 60, 28665.324219
62.151, 60, 28665.769531
62.151, 60, 28666.214844
62.151, 60, 28666.660156
62.151, 60, 28667.105469
62.151, 60, 28667.548828
62.151, 60, 28667.994141
62.151, 60, 28668.439453
62.151, 60, 28668.884766
62.151, 60, 28669.330078
62.151, 60, 28669.775391
62.151, 60, 28670.220703
62.151, 60, 28670.664062
62.151, 60, 28671.109375
62.151, 60, 28671.554688
62.151, 60, 28672.000000
62.151, 60, 28672.445312
62.151, 60, 28672.890625
62.151, 60, 28673.335938
62.151, 60, 28673.779297
62.151, 60, 28674.224609
62.151, 60, 28674.669922
62.151, 60, 28675.115234
62.151, 60, 28675.560547
62.151, 60, 28676.005859
62.151, 60, 28676.451172
62.151, 60, 28676.894531
62.151, 60, 28677.339844
62.151, 60, 28677.785156
62.151, 60, 28678.230469
62.151, 60, 28678.675781
62.151, 60, 28679.121094
62.151, 60, 28679.564453
62.151, 60, 28680.009766
62.151, 60, 28680.455078
62.151, 60, 28680.900391
62.151, 60, 28681.345703
62.247, 60, 28681.791016
62.247, 60, 28682.236328
62.247, 60, 28682.679688
62.247, 60, 28683.125000
62.247, 60, 28683.570312
62.247, 60, 28684.015625
62.247, 60, 28684.460938
62.247, 60, 28684.906250
62.247, 60, 28685.351562
62.247, 60, 28685.794922
62.247, 60, 28686.240234
62.247, 60, 28686.685547
62.247, 60, 28687.130859
62.247, 60, 28687.576172
62.247, 60, 28688.021484
62.247, 60, 28688.466797
62.247, 60, 28688.910156
62.247, 60, 28689.355469
62.247, 60, 28689.800781
62.247, 60, 28690.246094
62.247, 60, 28690.691406
62.247, 60, 28691.136719
62.247, 60, 28691.582031
62.247, 60, 28692.025391
62.247, 60, 28692.470703
62.247, 60, 28692.916016
62.247, 60, 28693.361328
62.247, 60, 28693.806641
62.247, 60, 28694.251953
62.247, 60, 28694.697266
62.247, 60, 28695.140625
62.247, 60, 28695.585938
62.247, 60, 28696.031250
62.247, 60, 28696.476562
62.247, 60, 28696.921875
62.247, 60, 28697.367188
62.247, 60, 28697.812500
62.247, 60, 28698.255859
62.247, 60, 28698.701172
62.247, 60, 28699.146484
62.247, 60, 28699.591797
62.247, 60, 28700.037109
62.247, 60, 28700.482422
62.247, 60, 28700.927734
62.247, 60, 28701.371094
62.247, 60, 28701.816406
62.247, 60, 28702.261719
62.247, 60, 28702.707031
62.247, 60, 28703.152344
62.247, 60, 28703.597656
62.247, 60, 28704.042969
62.247, 60, 28704.486328
62.247, 60, 28704.931641
62.247, 60, 28705.376953
62.247, 60, 28705.822266
62.247, 60, 28706.267578
62.247, 60, 28706.712891
62.247, 60, 28707.158203
62.247, 60, 28707.601562
62.247, 60, 28708.046875
62.247, 60, 28708.492188
62.247, 60, 28708.937500
62.247, 60, 28709.382812
62.247, 60, 28709.828125
62.247, 60, 28710.273438
62.247, 60, 28710.716797
62.247, 60, 28711.162109
62.247, 60, 28711.607422
62.247, 60, 28712.052734
62.247, 60, 28712.498047
62.247, 60, 28712.943359
62.247, 60, 28713.388672
62.247, 60, 28713.832031
62.247, 60, 28714.277344
62.247, 60, 28714.722656
62.247, 60, 28715.167969
62.247, 60, 28715.613281
62.247, 60, 28716.058594
62.247, 60, 28716.503906
62.247, 60, 28716.947266
62.247, 60, 28717.392578
62.247, 60, 28717.837891
62.247, 60, 28718.283203
62.247, 60, 28718.728516
62.247, 60, 28719.173828
62.247, 60, 28719.619141
62.247, 60, 28720.062500
62.247, 60, 28720.507812
62.247, 60, 28720.953125
62.247, 60, 28721.398438
62.247, 60, 28721.843750
62.247, 60, 28722.289062
62.247, 60, 28722.734375
62.247, 60, 28723.177734
62.247, 60, 28723.623047
62.247, 60, 28724.068359
62.247, 60, 28724.513672
62.247, 60, 28724.958984
62.247, 60, 28725.404297
62.247, 60, 28725.847656
62.247, 60, 28726.292969
62.247, 60, 28726.738281
62.247, 60, 28727.183594
62.342, 60, 28727.628906
62.342, 60, 28728.074219
62.342, 60, 28728.519531
62.342, 60, 28728.962891
62.342, 60, 28729.408203
62.342, 60, 28729.853516
62.342, 60, 28730.298828
62.342, 60, 28730.744141
62.342, 60, 28731.189453
62.342, 60, 28731.634766
62.342, 60, 28732.078125
62.342, 60, 28732.523438
62.342, 60, 28732.968750
62.342, 60, 28733.414062
62.342, 60, 28733.859375
62.342, 60, 28734.304688
62.342, 60, 28734.750000
62.342, 60, 28735.193359
62.342, 60, 28735.638672
62.342, 60, 28736.083984
62.342, 60, 28736.529297
62.342, 60, 28736.974609
62.342, 60, 28737.419922
62.342, 60, 28737.865234
62.342, 60, 28738.308594
62.342, 60, 28738.753906
62.342, 60, 28739.199219
62.342, 60, 28739.644531
62.342, 60, 28740.089844
62.342, 60, 28740.535156
62.342, 60, 28740.980469
62.342, 60, 28741.423828
62.342, 60, 28741.869141
62.342, 60, 28742.314453
62.342, 60, 28742.759766
62.247, 60, 28743.205078
62.247, 60, 28743.650391
62.247, 60, 28744.095703
62.247, 60, 28744.539062
62.247, 60, 28744.984375
62.247, 60, 28745.429688
62.247, 60, 28745.875000
62.247, 60, 28746.320312
62.247, 60, 28746.765625
62.247, 60, 28747.210938
62.247, 60, 28747.654297
62.247, 60, 28748.099609
62.247, 60, 28748.544922
62.247, 60, 28748.990234
62.247, 60, 28749.435547
62.247, 60, 28749.880859
62.247, 60, 28750.326172
62.247, 60, 28750.769531
62.247, 60, 28751.214844
62.247, 60, 28751.660156
62.247, 60, 28752.105469
62.247, 60, 28752.550781
62.247, 60, 28752.996094
62.247, 60, 28753.441406
62.247, 60, 28753.884766
62.247, 60, 28754.330078
62.247, 60, 28754.775391
62.247, 60, 28755.220703
62.247, 60, 28755.666016
62.247, 60, 28756.111328
62.247, 60, 28756.556641
62.247, 60, 28757.000000
62.247, 60, 28757.445312
62.247, 60, 28757.890625
62.151, 60, 28758.335938
62.151, 60, 28758.781250
62.151, 60, 28759.226562
62.151, 60, 28759.671875
62.151, 60, 28760.115234
62.151, 60, 28760.560547
62.151, 60, 28761.005859
62.151, 60, 28761.451172
62.151, 60, 28761.896484
62.151, 60, 28762.341797
62.151, 60, 28762.787109
62.151, 60, 28763.230469
62.151, 60, 28763.675781
62.151, 60, 28764.121094
62.151, 60, 28764.566406
62.151, 60, 28765.011719
62.151, 60, 28765.457031
62.151, 60, 28765.902344
62.151, 60, 28766.345703
62.151, 60, 28766.791016
62.151, 60, 28767.236328
62.151, 60, 28767.681641
62.151, 60, 28768.126953
62.151, 60, 28768.572266
62.151, 60, 28769.017578
62.151, 60, 28769.460938
62.151, 60, 28769.906250
62.151, 60, 28770.351562
62.151, 60, 28770.796875
62.151, 60, 28771.242188
62.151, 60, 28771.687500
62.151, 60, 28772.130859
62.151, 60, 28772.576172
62.151, 60, 28773.021484
62.151, 60, 28773.466797
62.151, 60, 28773.912109
62.151, 60, 28774.357422
62.151, 60, 28774.802734
62.151, 60, 28775.246094
62.151, 60, 28775.691406
62.151, 60, 28776.136719
62.151, 60, 28776.582031
62.151, 60, 28777.027344
62.151, 60, 28777.472656
62.151, 60, 28777.917969
62.151, 60, 28778.361328
62.151, 60, 28778.806641
62.151, 60, 28779.251953
62.151, 60, 28779.697266
62.151, 60, 28780.142578
62.151, 60, 28780.587891
62.151, 60, 28781.033203
62.151, 60, 28781.476562
62.151, 60, 28781.921875
62.151, 60, 28782.367188
62.151, 60, 28782.812500
62.151, 60, 28783.257812
62.151, 60, 28783.703125
62.151, 60, 28784.148438
62.151, 60, 28784.591797
62.151, 60, 28785.037109
62.151, 60, 28785.482422
62.151, 60, 28785.927734
62.151, 60, 28786.373047
62.151, 60, 28786.818359
62.151, 60, 28787.263672
62.151, 60, 28787.707031
62.151, 60, 28788.152344
62.151, 60, 28788.597656
62.151, 60, 28789.042969
62.151, 60, 28789.488281
62.151, 60, 28789.933594
62.151, 60, 28790.378906
62.151, 60, 28790.822266
62.151, 60, 28791.267578
62.151, 60, 28791.712891
62.151, 60, 28792.158203
62.151, 60, 28792.603516
62.151, 60, 28793.048828
62.151, 60, 28793.494141
62.151, 60, 28793.937500
62.151, 60, 28794.382812
62.151, 60, 28794.828125
62.151, 60, 28795.273438
62.151, 60, 28795.718750
62.151, 60, 28796.164062
62.151, 60, 28796.609375
62.151, 60, 28797.052734
62.151, 60, 28797.498047
62.151, 60, 28797.943359
62.151, 60, 28798.388672
62.151, 60, 28798.833984
62.151, 60, 28799.279297
62.151, 60, 28799.724609
62.151, 60, 28800.167969
62.151, 60, 28800.613281
62.151, 60, 28801.058594
62.151, 60, 28801.503906
62.151, 60, 28801.949219
62.151, 60, 28802.394531
62.151, 60, 28802.839844
62.151, 60, 28803.283203
62.151, 60, 28803.728516
62.151, 60, 28804.173828
62.247, 60, 28804.619141
62.247, 60, 28805.064453
62.247, 60, 28805.509766
62.247, 60, 28805.955078
62.247, 60, 28806.398438
62.247, 60, 28806.843750
62.247, 60, 28807.289062
62.247, 60, 28807.734375
62.247, 60, 28808.179688
62.247, 60, 28808.625000
62.247, 60, 28809.070312
62.247, 60, 28809.513672
62.247, 60, 28809.958984
62.247, 60, 28810.404297
62.247, 60, 28810.849609
62.247, 60, 28811.294922
62.247, 60, 28811.740234
62.247, 60, 28812.185547
62.247, 60, 28812.628906
62.247, 60, 28813.074219
62.247, 60, 28813.519531
62.247, 60, 28813.964844
62.247, 60, 28814.410156
62.247, 60, 28814.855469
62.247, 60, 28815.300781
62.247, 60, 28815.744141
62.247, 60, 28816.189453
62.247, 60, 28816.634766
62.247, 60, 28817.080078
62.247, 60, 28817.525391
62.247, 60, 28817.970703
62.247, 60, 28818.414062
62.247, 60, 28818.859375
62.247, 60, 28819.304688
62.247, 60, 28819.750000
62.247, 60, 28820.195312
62.247, 60, 28820.640625
62.247, 60, 28821.085938
62.247, 60, 28821.529297
62.247, 60, 28821.974609
62.247, 60, 28822.419922
62.247, 60, 28822.865234
62.247, 60, 28823.310547
62.247, 60, 28823.755859
62.247, 60, 28824.201172
62.247, 60, 28824.644531
62.247, 60, 28825.089844
62.247, 60, 28825.535156
62.247, 60, 28825.980469
62.247, 60, 28826.425781
62.247, 60, 28826.871094
62.247, 60, 28827.316406
62.247, 60, 28827.759766
62.247, 60, 28828.205078
62.247, 60, 28828.650391
62.247, 60, 28829.095703
62.247, 60, 28829.541016
62.247, 60, 28829.986328
62.247, 60, 28830.431641
62.247, 60, 28830.875000
62.247, 60, 28831.320312
62.247, 60, 28831.765625
62.247, 60, 28832.210938
62.247, 60, 28832.656250
62.247, 60, 28833.101562
62.247, 60, 28833.546875
62.247, 60, 28833.990234
62.247, 60, 28834.435547
62.247, 60, 28834.880859
62.247, 60, 28835.326172
62.247, 60, 28835.771484
62.247, 60, 28836.216797
62.247, 60, 28836.662109
62.247, 60, 28837.105469
62.247, 60, 28837.550781
62.247, 60, 28837.996094
62.247, 60, 28838.441406
62.247, 60, 28838.886719
62.247, 60, 28839.332031
62.247, 60, 28839.777344
62.247, 60, 28840.220703
62.247, 60, 28840.666016
62.247, 60, 28841.111328
62.247, 60, 28841.556641
62.247, 60, 28842.001953
62.247, 60, 28842.447266
62.247, 60, 28842.892578
62.247, 60, 28843.335938
62.247, 60, 28843.781250
62.247, 60, 28844.226562
62.247, 60, 28844.671875
62.247, 60, 28845.117188
62.247, 60, 28845.562500
62.247, 60, 28846.007812
62.247, 60, 28846.451172
62.247, 60, 28846.896484
62.247, 60, 28847.341797
62.247, 60, 28847.787109
62.247, 60, 28848.232422
62.247, 60, 28848.677734
62.247, 60, 28849.123047
62.247, 60, 28849.566406
62.247, 60, 28850.011719
62.247, 60, 28850.457031
62.247, 60, 28850.902344
62.247, 60, 28851.347656
62.247, 60, 28851.792969
62.247, 60, 28852.238281
62.247, 60, 28852.681641
62.247, 60, 28853.126953
62.247, 60, 28853.572266
62.247, 60, 28854.017578
62.247, 60, 28854.462891
62.247, 60, 28854.908203
62.247, 60, 28855.353516
62.247, 60, 28855.796875
62.247, 60, 28856.242188
62.247, 60, 28856.687500
62.247, 60, 28857.132812
62.247, 60, 28857.578125
62.247, 60, 28858.023438
62.247, 60, 28858.468750
62.247, 60, 28858.912109
62.247, 60, 28859.357422
62.247, 60, 28859.802734
62.247, 60, 28860.248047
62.247, 60, 28860.693359
62.247, 60, 28861.138672
62.247, 60, 28861.583984
62.247, 60, 28862.027344
62.247, 60, 28862.472656
62.247, 60, 28862.917969
62.247, 60, 28863.363281
62.247, 60, 28863.808594
62.247, 60, 28864.253906
62.247, 60, 28864.697266
62.247, 60, 28865.142578
62.247, 60, 28865.587891
62.247, 60, 28866.033203
62.247, 60, 28866.478516
62.247, 60, 28866.923828
62.247, 60, 28867.369141
62.247, 60, 28867.812500
62.247, 60, 28868.257812
62.247, 60, 28868.703125
62.247, 60, 28869.148438
62.247, 60, 28869.593750
62.247, 60, 28870.039062
62.247, 60, 28870.484375
62.247, 60, 28870.927734
62.247, 60, 28871.373047
62.247, 60, 28871.818359
62.247, 60, 28872.263672
62.247, 60, 28872.708984
62.247, 60, 28873.154297
62.247, 60, 28873.599609
62.247, 60, 28874.042969
62.247, 60, 28874.488281
62.247, 60, 28874.933594
62.247, 60, 28875.378906
62.247, 60, 28875.824219
62.247, 60, 28876.269531
62.247, 60, 28876.714844
62.247, 60, 28877.158203
62.247, 60, 28877.603516
62.247, 60, 28878.048828
62.247, 60, 28878.494141
62.247, 60, 28878.939453
62.247, 60, 28879.384766
62.247, 60, 28879.830078
62.247, 60, 28880.273438
62.247, 60, 28880.718750
62.247, 60, 28881.164062
62.247, 60, 28881.609375
62.247, 60, 28882.054688
62.247, 60, 28882.500000
62.247, 60, 28882.945312
62.247, 60, 28883.388672
62.247, 60, 28883.833984
62.247, 60, 28884.279297
62.247, 60, 28884.724609
62.247, 60, 28885.169922
62.247, 60, 28885.615234
62.247, 60, 28886.060547
62.247, 60, 28886.503906
62.247, 60, 28886.949219
62.247, 60, 28887.394531
62.247, 60, 28887.839844
62.247, 60, 28888.285156
62.247, 60, 28888.730469
62.247, 60, 28889.175781
62.247, 60, 28889.619141
62.247, 60, 28890.064453
62.247, 60, 28890.509766
62.247, 60, 28890.955078
62.247, 60, 28891.400391
62.247, 60, 28891.845703
62.247, 60, 28892.291016
62.247, 60, 28892.734375
62.247, 60, 28893.179688
62.247, 60, 28893.625000
62.247, 60, 28894.070312
62.247, 60, 28894.515625
62.247, 60, 28894.960938
62.247, 60, 28895.406250
62.247, 60, 28895.849609
62.247, 60, 28896.294922
62.342, 60, 28896.740234
62.342, 60, 28897.185547
62.342, 60, 28897.630859
62.342, 60, 28898.076172
62.342, 60, 28898.521484
62.342, 60, 28898.964844
62.342, 60, 28899.410156
62.342, 60, 28899.855469
62.342, 60, 28900.300781
62.342, 60, 28900.746094
62.342, 60, 28901.191406
62.342, 60, 28901.636719
62.342, 60, 28902.080078
62.342, 60, 28902.525391
62.342, 60, 28902.970703
62.342, 60, 28903.416016
62.342, 60, 28903.861328
62.342, 60, 28904.306641
62.342, 60, 28904.751953
62.342, 60, 28905.195312
62.342, 60, 28905.640625
62.342, 60, 28906.085938
62.342, 60, 28906.531250
62.342, 60, 28906.976562
62.342, 60, 28907.421875
62.342, 60, 28907.867188
62.342, 60, 28908.310547
62.342, 60, 28908.755859
62.342, 60, 28909.201172
62.342, 60, 28909.646484
62.342, 60, 28910.091797
62.342, 60, 28910.537109
62.342, 60, 28910.980469
62.342, 60, 28911.425781
62.342, 60, 28911.871094
62.247, 60, 28912.316406
62.247, 60, 28912.761719
62.247, 60, 28913.207031
62.247, 60, 28913.652344
62.247, 60, 28914.095703
62.247, 60, 28914.541016
62.247, 60, 28914.986328
62.247, 60, 28915.431641
62.247, 60, 28915.876953
62.247, 60, 28916.322266
62.247, 60, 28916.767578
62.247, 60, 28917.210938
62.247, 60, 28917.656250
62.247, 60, 28918.101562
62.247, 60, 28918.546875
62.247, 60, 28918.992188
62.247, 60, 28919.437500
62.247, 60, 28919.882812
62.247, 60, 28920.326172
62.247, 60, 28920.771484
62.247, 60, 28921.216797
62.247, 60, 28921.662109
62.247, 60, 28922.107422
62.247, 60, 28922.552734
62.247, 60, 28922.998047
62.247, 60, 28923.441406
62.247, 60, 28923.886719
62.247, 60, 28924.332031
62.247, 60, 28924.777344
62.247, 60, 28925.222656
62.247, 60, 28925.667969
62.247, 60, 28926.113281
62.247, 60, 28926.556641
62.247, 60, 28927.001953
62.247, 60, 28927.447266
62.247, 60, 28927.892578
62.247, 60, 28928.337891
62.247, 60, 28928.783203
62.247, 60, 28929.228516
62.247, 60, 28929.671875
62.247, 60, 28930.117188
62.247, 60, 28930.562500
62.247, 60, 28931.007812
62.247, 60, 28931.453125
62.247, 60, 28931.898438
62.247, 60, 28932.343750
62.247, 60, 28932.787109
62.247, 60, 28933.232422
62.247, 60, 28933.677734
62.247, 60, 28934.123047
62.247, 60, 28934.568359
62.247, 60, 28935.013672
62.247, 60, 28935.458984
62.247, 60, 28935.902344
62.247, 60, 28936.347656
62.247, 60, 28936.792969
62.247, 60, 28937.238281
62.247, 60, 28937.683594
62.247, 60, 28938.128906
62.247, 60, 28938.574219
62.247, 60, 28939.017578
62.247, 60, 28939.462891
62.247, 60, 28939.908203
62.247, 60, 28940.353516
62.247, 60, 28940.798828
62.247, 60, 28941.244141
62.247, 60, 28941.689453
62.247, 60, 28942.132812
62.247, 60, 28942.578125
62.247, 60, 28943.023438
62.342, 60, 28943.468750
62.342, 60, 28943.914062
62.342, 60, 28944.359375
62.342, 60, 28944.804688
62.342, 60, 28945.248047
62.342, 60, 28945.693359
62.342, 60, 28946.138672
62.342, 60, 28946.583984
62.342, 60, 28947.029297
62.342, 60, 28947.474609
62.342, 60, 28947.919922
62.342, 60, 28948.363281
62.342, 60, 28948.808594
62.342, 60, 28949.253906
62.342, 60, 28949.699219
62.342, 60, 28950.144531
62.342, 60, 28950.589844
62.342, 60, 28951.035156
62.342, 60, 28951.478516
62.342, 60, 28951.923828
62.342, 60, 28952.369141
62.342, 60, 28952.814453
62.342, 60, 28953.259766
62.342, 60, 28953.705078
62.342, 60, 28954.150391
62.342, 60, 28954.593750
62.342, 60, 28955.039062
62.342, 60, 28955.484375
62.342, 60, 28955.929688
62.342, 60, 28956.375000
62.342, 60, 28956.820312
62.342, 60, 28957.263672
62.342, 60, 28957.708984
62.342, 60, 28958.154297
62.342, 60, 28958.599609
62.342, 60, 28959.044922
62.342, 60, 28959.490234
62.342, 60, 28959.935547
62.342, 60, 28960.378906
62.342, 60, 28960.824219
62.342, 60, 28961.269531
62.342, 60, 28961.714844
62.342, 60, 28962.160156
62.342, 60, 28962.605469
62.342, 60, 28963.050781
62.342, 60, 28963.494141
62.342, 60, 28963.939453
62.342, 60, 28964.384766
62.342, 60, 28964.830078
62.342, 60, 28965.275391
62.342, 60, 28965.720703
62.342, 60, 28966.166016
62.342, 60, 28966.609375
62.342, 60, 28967.054688
62.342, 60, 28967.500000
62.342, 60, 28967.945312
62.342, 60, 28968.390625
62.342, 60, 28968.835938
62.342, 60, 28969.281250
62.342, 60, 28969.724609
62.342, 60, 28970.169922
62.342, 60, 28970.615234
62.342, 60, 28971.060547
62.342, 60, 28971.505859
62.342, 60, 28971.951172
62.342, 60, 28972.396484
62.342, 60, 28972.839844
62.342, 60, 28973.285156
62.342, 60, 28973.730469
62.342, 60, 28974.175781
62.342, 60, 28974.621094
62.342, 60, 28975.066406
62.342, 60, 28975.511719
62.342, 60, 28975.955078
62.342, 60, 28976.400391
62.342, 60, 28976.845703
62.342, 60, 28977.291016
62.342, 60, 28977.736328
62.342, 60, 28978.181641
62.342, 60, 28978.626953
62.342, 60, 28979.070312
62.342, 60, 28979.515625
62.342, 60, 28979.960938
62.342, 60, 28980.406250
62.342, 60, 28980.851562
62.342, 60, 28981.296875
62.342, 60, 28981.742188
62.342, 60, 28982.185547
62.342, 60, 28982.630859
62.342, 60, 28983.076172
62.342, 60, 28983.521484
62.342, 60, 28983.966797
62.342, 60, 28984.412109
62.342, 60, 28984.857422
62.342, 60, 28985.300781
62.342, 60, 28985.746094
62.342, 60, 28986.191406
62.342, 60, 28986.636719
62.342, 60, 28987.082031
62.342, 60, 28987.527344
62.342, 60, 28987.972656
62.342, 60, 28988.416016
62.342, 60, 28988.861328
62.342, 60, 28989.306641
62.342, 60, 28989.751953
62.342, 60, 28990.197266
62.342, 60, 28990.642578
62.342, 60, 28991.087891
62.342, 60, 28991.531250
62.342, 60, 28991.976562
62.342, 60, 28992.421875
62.342, 60, 28992.867188
62.342, 60, 28993.312500
62.342, 60, 28993.757812
62.342, 60, 28994.203125
62.342, 60, 28994.646484
62.342, 60, 28995.091797
62.342, 60, 28995.537109
62.342, 60, 28995.982422
62.342, 60, 28996.427734
62.342, 60, 28996.873047
62.342, 60, 28997.318359
62.342, 60, 28997.761719
62.342, 60, 28998.207031
62.342, 60, 28998.652344
62.342, 60, 28999.097656
62.342, 60, 28999.542969
62.342, 60, 28999.988281
62.342, 60, 29000.433594
62.342, 60, 29000.876953
62.342, 60, 29001.322266
62.342, 60, 29001.767578
62.342, 60, 29002.212891
62.342, 60, 29002.658203
62.342, 60, 29003.103516
62.342, 60, 29003.546875
62.342, 60, 29003.992188
62.342, 60, 29004.437500
62.342, 60, 29004.882812
62.342, 60, 29005.328125
62.436, 60, 29005.773438
62.436, 60, 29006.218750
62.436, 60, 29006.662109
62.436, 60, 29007.107422
62.436, 60, 29007.552734
62.436, 60, 29007.998047
62.436, 60, 29008.443359
62.436, 60, 29008.888672
62.436, 60, 29009.333984
62.436, 60, 29009.777344
62.436, 60, 29010.222656
62.436, 60, 29010.667969
62.436, 60, 29011.113281
62.436, 60, 29011.558594
62.436, 60, 29012.003906
62.436, 60, 29012.449219
62.436, 60, 29012.892578
62.436, 60, 29013.337891
62.436, 60, 29013.783203
62.436, 60, 29014.228516
62.436, 60, 29014.673828
62.436, 60, 29015.119141
62.436, 60, 29015.564453
62.436, 60, 29016.007812
62.436, 60, 29016.453125
62.436, 60, 29016.898438
62.436, 60, 29017.343750
62.436, 60, 29017.789062
62.436, 60, 29018.234375
62.436, 60, 29018.679688
62.436, 60, 29019.123047
62.436, 60, 29019.568359
62.436, 60, 29020.013672
62.436, 60, 29020.458984
62.531, 60, 29020.904297
62.531, 60, 29021.349609
62.531, 60, 29021.794922
62.531, 60, 29022.238281
62.531, 60, 29022.683594
62.531, 60, 29023.128906
62.531, 60, 29023.574219
62.531, 60, 29024.019531
62.531, 60, 29024.464844
62.531, 60, 29024.910156
62.531, 60, 29025.353516
62.531, 60, 29025.798828
62.531, 60, 29026.244141
62.531, 60, 29026.689453
62.531, 60, 29027.134766
62.531, 60, 29027.580078
62.531, 60, 29028.025391
62.531, 60, 29028.468750
62.531, 60, 29028.914062
62.531, 60, 29029.359375
62.531, 60, 29029.804688
62.531, 60, 29030.250000
62.531, 60, 29030.695312
62.531, 60, 29031.140625
62.531, 60, 29031.583984
62.531, 60, 29032.029297
62.531, 60, 29032.474609
62.531, 60, 29032.919922
62.531, 60, 29033.365234
62.531, 60, 29033.810547
62.531, 60, 29034.255859
62.531, 60, 29034.699219
62.531, 60, 29035.144531
62.531, 60, 29035.589844
62.531, 60, 29036.035156
